1	120.4982	24.1172	-1.77	0.69	-4.68	0.07	0.05	0.29	-51.0127768288887	13.0717959699215
1	120.5013	24.1987	-2.2	0.4	-10.5	0.43	0.26	1.82	-50.6654787178333	22.0975743278
1	120.5296	24.1844	-2.29	1.14	-3.84	0.02	0.01	0.07	-47.7956771182156	20.503743540073
1	120.554	24.1879	-4.21	2.157	-4.991	0.988	0.334	1.789	-45.3152519049447	20.8832790314066
1	120.5763	24.1812	-2.79	1.82	-4.23	0.02	0.02	0.07	-43.0517445996979	20.1341469623896
1	120.5782	24.2283	-3.709	1.823	-2.847	2.682	1.027	5.13	-42.8429421900837	25.350332272906
1	120.5783	24.1445	-2.82	1.53	-4.13	0.02	0.02	0.1	-42.8607732847476	16.068684432757
1	120.5783	24.1445	-2.82	1.53	-3.17	0.02	0.02	3.17	-42.8607732847476	16.068684432757
1	120.5783	24.1445	-1.81	3.98	-4.13	0.78	0.5	0.1	-42.8607732847476	16.068684432757
1	120.5783	24.1445	-1.81	3.98	-3.17	0.78	0.5	3.17	-42.8607732847476	16.068684432757
1	120.5845	24.1381	-3.811	2.59	-0.804	1.619	0.651	2.652	-42.2327215195547	15.3579472440148
1	120.5886	24.2498	-3.229	4.545	4.386	7.05	2.616	22.209	-41.7795798903018	27.7285165260551
1	120.6063	24.0909	-3.96	1.83	-5.4	0.02	0.02	0.08	-40.0315834717249	10.123777909598
1	120.6319	24.1566	-4.2	2.474	-7.006	0.839	0.339	1.755	-37.409463637448	17.3934995362203
1	120.6342	24.1534	-4.85	1.7	-7.87	0.03	0.02	0.13	-37.1766444921041	17.0384606655639
1	120.6477	24.0946	-4.25	2.59	-2.58	0.03	0.02	0.14	-35.8209946085534	10.5223933253624
1	120.6478	24.0943	-4.972	3.157	-3.424	1.749	0.828	3.389	-35.8109102594456	10.4891406428324
1	120.6495	24.1783	-3.29	2.47	-3.56	0.31	0.12	0.56	-35.6147858621153	19.7923635256551
1	120.6514	24.2217	-4.582	2.061	-3.808	0.897	0.54	2.534	-35.4097359209526	24.5988094427236
1	120.6994	24.0428	-7.86	2.52	-4.74	0.01	0.01	0.07	-30.5765505893399	4.77298172366664
1	120.6995	24.0419	-7.62	3.49	-5.07	0.03	0.02	0.11	-30.5665917575462	4.67327952134916
1	120.704	24.2135	-5.769	2.227	-1.538	1.325	0.603	3.471	-30.0687200596418	23.6782583140944
1	120.7197	24.0944	-11.007	3.213	-11.322	2.678	0.831	7.547	-28.500267511334	10.4837431086694
1	120.7202	24.1317	-7.534	3.651	-4.407	1.284	0.334	2.265	-28.4411866324941	14.6148763575579
1	120.7245	24.0352	-11.66	5.28	-4.11	0.02	0.01	0.07	-28.0250709528929	3.92600770397848
1	120.725	24.035	-11.788	6.033	-3.671	1.092	0.406	2.774	-27.9742521228154	3.903757023875
1	120.7368	24.1446	-7.994	2.912	-1.146	2.183	0.798	4.218	-26.7511433598624	16.0403756541122
1	120.75	24.1031	-14.842	3.404	-3.067	3.109	0.763	3.243	-25.4177190642461	11.4415048937355
1	120.7519	24.1232	-9.626	4.911	2.521	1.725	0.669	4.484	-25.2206063419004	13.6673731489
1	120.7659	24.1095	-9.661	5.156	-2.798	1.52	0.388	2.798	-23.7999707877401	12.1475581735354
1	120.8029	24.1795	-14.97	3.24	-2.41	0.03	0.02	0.07	-20.0274284677993	19.8947644237901
1	120.8233	24.0112	-16.7	12.62	-2.77	0.18	0.09	0.42	-17.9780447547361	1.2517310771015
1	120.8254	24.0276	-16.186	9.308	-2.392	1.267	0.493	2.508	-17.7621308349479	3.06784749517405
1	120.9328	24.0431	-21.46	11.35	1.99	0.03	0.02	0.12	-6.83546544701325	4.77516259923961
1	120.9341	23.9544	-24.45	11.61	2.62	0.03	0.02	0.11	-6.70782732204756	-5.04882067443345
1	120.9557	23.9486	-25.957	10.479	5.514	2.127	0.867	4.765	-4.50940885695316	-5.69205086059109
1	120.9572	24.0119	-24.271	10.404	3.973	1.821	0.647	3.27	-4.35459163246067	1.31864058535334
1	120.9694	24.0636	-21.75	11.342	1.514	1.797	0.749	4.528	-3.11208387066019	7.04435000909778
1	120.982	23.9739	-27.07	12.19	6.04	0.05	0.03	0.19	-1.83190796974917	-2.89056874436754
1	121.0294	24.0923	-24.25	12.57	4.41	0.03	0.02	0.11	2.98937592587725	10.2230089327078
1	121.109	23.9681	-32.06	11.987	7.521	3.19	0.926	6.886	11.0937158994004	-3.52877223668444
1	121.1165	23.9876	-34.56	14.08	6.11	0.04	0.02	0.11	11.855260234503	-1.36845391856242
1	121.1168	23.9877	-30.01	9.61	18.66	0.78	0.52	4.38	11.885779615891	-1.35735321003801
1	121.1822	24.0294	-24.23	10.78	3.99	0.03	0.03	0.12	18.5350234392993	3.26818710417173
1	121.1861	24.0352	-23.65	9.66	-3.42	0.08	0.04	0.26	18.930916577226	3.91108704662567
1	121.4409	23.812	-25.29	19.41	-6.98	0.06	0.04	0.18	44.927382144626	-20.7517857021239
1	121.4414	23.8119	-24.98	18.78	-2.77	0.08	0.06	0.21	44.978366056635	-20.762702714573
1	121.4676	23.7544	-42.031	25.042	-4.844	0.81	0.626	2.564	47.669078597235	-27.1224955926929
1	121.4918	23.8464	-23.25	20.04	-6.21	2.7	2.44	9.99	50.1008223314878	-16.9247791128604
1	121.5197	23.8843	-43.102	20.852	-8.638	1.377	0.604	1.621	52.9276441096075	-12.717000388181
1	121.5406	23.8867	-44.422	25.656	-11.373	2.196	0.4	3.587	55.0551305820429	-12.4432114764886
1	121.5627	23.7876	-28.46	31.37	-16.07	0.03	0.03	0.12	57.3493636643139	-23.4103256360175
1	121.5921	23.8442	-41.422	35.491	-13.433	0.874	0.498	2.139	60.3195826999258	-17.1293692256165
1	121.5982	23.8703	-26.6	29.64	-13.35	0.04	0.03	0.17	60.9288034341222	-14.2360164602792
2	120.5729	24.2658	NaN	NaN	-0.9	NaN	NaN	0.5	-43.3685555753804	29.5054721751033
2	120.5312	24.2522	NaN	NaN	-0.4	NaN	NaN	0.5	-47.6079024175353	28.0127318813982
2	120.5419	24.1592	NaN	NaN	0.1	NaN	NaN	0.5	-46.5550600508034	17.7084605484267
2	120.5072	24.2181	NaN	NaN	-0.5	NaN	NaN	0.5	-50.0584917451329	24.2441964461521
2	120.468	24.1314	NaN	NaN	-0.4	NaN	NaN	1	-54.0769131278439	14.6558973316942
2	120.82	24.02	NaN	NaN	1.83	NaN	NaN	0.8	-18.3125513698609	2.226800573359
2	120.82	24.02	NaN	NaN	2.7	NaN	NaN	0.8	-18.3125513698609	2.226800573359
2	120.82	24.02	NaN	NaN	3.8	NaN	NaN	0.8	-18.3125513698609	2.226800573359
2	120.87	24.05	NaN	NaN	5.22	NaN	NaN	0.8	-13.22266273258	5.54385293348413
2	120.87	24.05	NaN	NaN	9.23	NaN	NaN	0.8	-13.22266273258	5.54385293348413
2	120.89	24.05	NaN	NaN	6.26	NaN	NaN	0.8	-11.1884073804054	5.5421166216649
2	120.89	24.06	NaN	NaN	9.33	NaN	NaN	0.8	-11.1875406517656	6.64967029446496
2	120.89	24.06	NaN	NaN	10.17	NaN	NaN	0.8	-11.1875406517656	6.64967029446496
2	120.92	24.06	NaN	NaN	9.33	NaN	NaN	0.8	-8.13639359264268	6.64760777753641
2	120.94	24.06	NaN	NaN	1.86	NaN	NaN	0.8	-6.10229533867004	6.64659461128895
2	120.97	24.07	NaN	NaN	5.13	NaN	NaN	0.8	-3.05091126578533	7.75317148846063
2	120.97	24.07	NaN	NaN	0.86	NaN	NaN	0.8	-3.05091126578533	7.75317148846063
2	120.97	24.07	NaN	NaN	2.24	NaN	NaN	0.8	-3.05091126578533	7.75317148846063
2	120.97	24.07	NaN	NaN	3.23	NaN	NaN	0.8	-3.05091126578533	7.75317148846063
2	120.99	24.08	NaN	NaN	2.55	NaN	NaN	0.8	-1.01689157354306	8.8604371469405
2	120.99	24.08	NaN	NaN	2.18	NaN	NaN	0.8	-1.01689157354306	8.8604371469405
2	120.99	24.08	NaN	NaN	2.25	NaN	NaN	0.8	-1.01689157354306	8.8604371469405
