122.065  24.274 -40.000
122.031  24.236 -40.000
122.008  24.192 -40.000
121.981  24.149 -40.000
121.965  24.103 -40.000
121.964  24.055 -40.000
121.964  24.006 -40.000
121.960  23.957 -40.000
121.988  23.918 -40.000
122.017  23.877 -40.000
122.025  23.829 -40.000
122.025  23.781 -40.000
122.020  23.733 -40.000
122.026  23.684 -40.000
122.018  23.635 -40.000
122.013  23.586 -40.000
122.018  24.277 -39.078
121.986  24.242 -39.077
121.964  24.201 -39.056
121.939  24.161 -39.085
121.922  24.119 -39.119
121.917  24.074 -39.174
121.917  24.028 -39.048
121.915  23.983 -39.089
121.927  23.941 -39.248
121.954  23.903 -39.051
121.973  23.862 -39.068
121.978  23.817 -38.976
121.976  23.771 -39.113
121.974  23.726 -39.035
121.978  23.680 -39.055
121.970  23.635 -39.089
121.966  23.590 -39.078
121.970  24.280 -38.367
121.939  24.245 -38.112
121.917  24.204 -38.117
121.892  24.165 -38.149
121.875  24.122 -38.183
121.870  24.077 -38.238
121.870  24.032 -38.108
121.868  23.986 -38.150
121.880  23.945 -38.342
121.907  23.906 -38.112
121.926  23.865 -38.131
121.931  23.820 -38.037
121.929  23.774 -38.176
121.927  23.729 -38.096
121.931  23.684 -38.117
121.923  23.638 -38.151
121.919  23.593 -38.141
121.923  24.284 -37.059
121.892  24.248 -37.129
121.870  24.208 -37.162
121.845  24.168 -37.196
121.828  24.126 -37.232
121.823  24.081 -37.287
121.823  24.035 -37.154
121.820  23.990 -37.196
121.833  23.948 -37.344
121.860  23.910 -37.160
121.878  23.868 -37.177
121.883  23.823 -37.083
121.882  23.778 -37.224
121.880  23.732 -37.141
121.883  23.687 -37.164
121.876  23.642 -37.199
121.872  23.596 -37.188
121.876  24.287 -35.918
121.845  24.252 -36.139
121.823  24.211 -36.197
121.798  24.171 -36.226
121.781  24.129 -36.265
121.776  24.084 -36.319
121.775  24.038 -36.183
121.773  23.993 -36.226
121.785  23.951 -36.366
121.812  23.913 -36.198
121.831  23.872 -36.209
121.836  23.827 -36.116
121.835  23.781 -36.256
121.833  23.736 -36.172
121.836  23.690 -36.196
121.829  23.645 -36.231
121.825  23.600 -36.220
121.829  24.291 -35.102
121.797  24.255 -35.185
121.775  24.214 -35.212
121.751  24.175 -35.242
121.733  24.132 -35.281
121.729  24.087 -35.335
121.728  24.042 -35.197
121.726  23.996 -35.236
121.738  23.954 -35.398
121.765  23.916 -35.214
121.784  23.875 -35.225
121.789  23.830 -35.129
121.788  23.784 -35.273
121.786  23.739 -35.187
121.789  23.694 -35.212
121.782  23.648 -35.248
121.778  23.603 -35.236
121.781  24.294 -34.286
121.750  24.258 -34.234
121.728  24.218 -34.210
121.703  24.178 -34.243
121.686  24.135 -34.282
121.681  24.091 -34.338
121.681  24.045 -34.203
121.679  23.999 -34.247
121.691  23.958 -34.424
121.718  23.920 -34.207
121.737  23.878 -34.225
121.742  23.833 -34.125
121.741  23.788 -34.274
121.739  23.742 -34.187
121.742  23.697 -34.211
121.735  23.652 -34.247
121.731  23.606 -34.236
121.734  24.297 -33.060
121.703  24.262 -33.181
121.681  24.221 -33.190
121.656  24.181 -33.226
121.639  24.139 -33.264
121.634  24.094 -33.324
121.634  24.048 -33.176
121.632  24.003 -33.226
121.644  23.961 -33.435
121.671  23.923 -33.187
121.690  23.882 -33.206
121.695  23.836 -33.104
121.694  23.791 -33.256
121.692  23.745 -33.166
121.695  23.700 -33.192
121.688  23.655 -33.229
121.684  23.610 -33.217
121.687  24.300 -32.144
121.656  24.265 -32.092
121.634  24.224 -32.156
121.609  24.185 -32.188
121.592  24.142 -32.230
121.587  24.097 -32.288
121.587  24.051 -32.141
121.585  24.006 -32.188
121.597  23.964 -32.346
121.624  23.926 -32.152
121.643  23.885 -32.170
121.648  23.840 -32.068
121.647  23.794 -32.221
121.645  23.749 -32.130
121.648  23.703 -32.156
121.641  23.658 -32.194
121.637  23.613 -32.182
121.640  24.304 -31.104
121.608  24.268 -31.081
121.586  24.227 -31.104
121.562  24.188 -31.137
121.545  24.145 -31.179
121.540  24.100 -31.238
121.540  24.055 -31.089
121.538  24.009 -31.129
121.550  23.968 -31.308
121.577  23.929 -31.106
121.596  23.888 -31.118
121.601  23.843 -31.015
121.600  23.797 -31.170
121.598  23.752 -31.078
121.601  23.707 -31.104
121.594  23.662 -31.143
121.590  23.616 -31.131
121.592  24.307 -30.047
121.561  24.271 -30.052
121.539  24.231 -30.033
121.515  24.191 -30.068
121.497  24.148 -30.109
121.493  24.103 -30.172
121.492  24.058 -30.017
121.490  24.012 -30.071
121.503  23.971 -30.275
121.530  23.933 -30.029
121.549  23.891 -30.049
121.554  23.846 -29.942
121.553  23.801 -30.101
121.551  23.755 -30.010
121.554  23.710 -30.034
121.547  23.665 -30.073
121.543  23.619 -30.061
121.545  24.310 -28.972
121.514  24.275 -28.888
121.492  24.234 -28.942
121.467  24.194 -28.980
121.450  24.152 -29.023
121.446  24.107 -29.086
121.445  24.061 -28.928
121.443  24.016 -28.979
121.456  23.974 -29.153
121.483  23.936 -28.940
121.502  23.895 -28.959
121.507  23.849 -28.851
121.506  23.804 -29.013
121.504  23.758 -28.917
121.507  23.713 -28.945
121.500  23.668 -28.984
121.496  23.623 -28.972
121.498  24.313 -27.755
121.467  24.278 -27.822
121.445  24.237 -27.838
121.420  24.197 -27.872
121.403  24.155 -27.917
121.398  24.110 -27.980
121.398  24.064 -27.822
121.396  24.019 -27.863
121.409  23.977 -28.067
121.436  23.939 -27.839
121.455  23.898 -27.853
121.460  23.853 -27.744
121.459  23.807 -27.908
121.457  23.762 -27.811
121.460  23.716 -27.839
121.453  23.671 -27.879
121.449  23.626 -27.866
121.451  24.317 -26.939
121.419  24.281 -26.717
121.397  24.240 -26.711
121.373  24.201 -26.749
121.356  24.158 -26.793
121.351  24.113 -26.860
121.351  24.068 -26.695
121.349  24.022 -26.750
121.361  23.980 -26.977
121.388  23.942 -26.707
121.407  23.901 -26.728
121.413  23.856 -26.616
121.412  23.810 -26.783
121.410  23.765 -26.684
121.413  23.720 -26.712
121.406  23.674 -26.753
121.402  23.629 -26.741
121.403  24.320 -25.574
121.372  24.284 -25.513
121.350  24.243 -25.567
121.326  24.204 -25.603
121.309  24.161 -25.649
121.304  24.116 -25.714
121.304  24.071 -25.550
121.302  24.025 -25.600
121.314  23.983 -25.792
121.341  23.945 -25.563
121.360  23.904 -25.582
121.365  23.859 -25.470
121.365  23.813 -25.640
121.363  23.768 -25.539
121.366  23.723 -25.568
121.359  23.678 -25.609
121.355  23.632 -25.596
121.356  24.323 -24.414
121.325  24.287 -24.430
121.303  24.247 -24.403
121.279  24.207 -24.441
121.261  24.164 -24.488
121.257  24.119 -24.555
121.257  24.074 -24.386
121.255  24.028 -24.442
121.267  23.987 -24.662
121.294  23.948 -24.399
121.313  23.907 -24.421
121.318  23.862 -24.304
121.317  23.817 -24.478
121.316  23.771 -24.376
121.319  23.726 -24.404
121.312  23.681 -24.447
121.308  23.635 -24.433
121.309  24.326 -23.242
121.278  24.291 -23.156
121.256  24.250 -23.217
121.231  24.210 -23.256
121.214  24.168 -23.304
121.210  24.123 -23.374
121.209  24.077 -23.201
121.207  24.031 -23.254
121.220  23.990 -23.462
121.247  23.952 -23.215
121.266  23.910 -23.235
121.271  23.865 -23.118
121.270  23.820 -23.294
121.269  23.774 -23.189
121.272  23.729 -23.219
121.265  23.684 -23.262
121.261  23.638 -23.249
121.261  24.329 -22.047
121.230  24.294 -22.033
121.209  24.253 -22.014
121.184  24.213 -22.053
121.167  24.171 -22.102
121.162  24.126 -22.171
121.162  24.080 -21.998
121.160  24.035 -22.041
121.173  23.993 -22.277
121.200  23.955 -22.012
121.219  23.914 -22.034
121.224  23.868 -21.912
121.223  23.823 -22.092
121.222  23.777 -21.986
121.225  23.732 -22.016
121.218  23.687 -22.060
121.214  23.642 -22.047
121.214  24.332 -20.821
121.183  24.297 -20.742
121.161  24.256 -20.788
121.137  24.216 -20.828
121.120  24.174 -20.879
121.115  24.129 -20.951
121.115  24.083 -20.772
121.113  24.038 -20.827
121.126  23.996 -21.054
121.153  23.958 -20.786
121.172  23.917 -20.806
121.177  23.872 -20.685
121.176  23.826 -20.868
121.175  23.781 -20.759
121.178  23.735 -20.791
121.171  23.690 -20.835
121.167  23.645 -20.821
121.167  24.336 -19.577
121.136  24.300 -19.567
121.114  24.259 -19.544
121.090  24.219 -19.584
121.073  24.177 -19.635
121.068  24.132 -19.707
121.068  24.086 -19.527
121.066  24.041 -19.586
121.079  23.999 -19.823
121.106  23.961 -19.542
121.125  23.920 -19.564
121.130  23.875 -19.438
121.129  23.829 -19.625
121.127  23.784 -19.515
121.131  23.738 -19.546
121.124  23.693 -19.592
121.120  23.648 -19.577
121.120  24.339 -17.674
121.089  24.303 -18.221
121.067  24.262 -18.275
121.042  24.223 -18.317
121.025  24.180 -18.369
121.021  24.135 -18.443
121.021  24.089 -18.259
121.019  24.044 -18.310
121.031  24.002 -18.542
121.058  23.964 -18.273
121.078  23.923 -18.294
121.083  23.878 -18.169
121.082  23.832 -18.358
121.080  23.787 -18.246
121.084  23.741 -18.278
121.077  23.696 -18.324
121.073  23.651 -18.310
121.072  24.342 -17.017
121.041  24.306 -17.017
121.020  24.265 -16.987
120.995  24.226 -17.031
120.978  24.183 -17.083
120.974  24.138 -17.159
120.973  24.092 -16.970
120.972  24.047 -17.029
120.984  24.005 -17.287
121.011  23.967 -16.985
121.030  23.926 -17.008
121.036  23.881 -16.879
121.035  23.835 -17.072
121.033  23.790 -16.959
121.037  23.745 -16.990
121.030  23.699 -17.037
121.026  23.654 -17.022
121.025  24.345 -15.712
120.994  24.309 -15.644
120.972  24.268 -15.678
120.948  24.229 -15.719
120.931  24.186 -15.773
120.926  24.141 -15.848
120.926  24.095 -15.659
120.924  24.050 -15.708
120.937  24.008 -15.959
120.964  23.970 -15.674
120.983  23.929 -15.696
120.989  23.884 -15.566
120.988  23.838 -15.762
120.986  23.793 -15.645
120.990  23.748 -15.679
120.983  23.702 -15.727
120.979  23.657 -15.712
120.978  24.348 -14.378
120.947  24.312 -14.305
120.925  24.271 -14.342
120.901  24.232 -14.386
120.884  24.189 -14.441
120.879  24.144 -14.520
120.879  24.099 -14.325
120.877  24.053 -14.381
120.890  24.011 -14.684
120.917  23.973 -14.341
120.936  23.932 -14.363
120.941  23.887 -14.230
120.941  23.841 -14.430
120.939  23.796 -14.311
120.943  23.751 -14.345
120.936  23.706 -14.394
120.932  23.660 -14.378
120.930  24.351 -13.022
120.900  24.315 -13.015
120.878  24.274 -12.986
120.853  24.235 -13.031
120.836  24.192 -13.087
120.832  24.147 -13.165
120.832  24.102 -12.968
120.830  24.056 -13.031
120.843  24.014 -13.302
120.870  23.976 -12.984
120.889  23.935 -13.009
120.894  23.890 -12.872
120.894  23.844 -13.076
120.892  23.799 -12.954
120.895  23.754 -12.989
120.889  23.709 -13.039
120.885  23.663 -13.023
120.883  24.354 -11.429
120.852  24.318 -11.560
120.830  24.277 -11.593
120.806  24.238 -11.637
120.789  24.195 -11.695
120.785  24.150 -11.777
120.785  24.105 -11.572
120.783  24.059 -11.626
120.796  24.017 -11.905
120.823  23.979 -11.588
120.842  23.938 -11.612
120.847  23.893 -11.473
120.847  23.847 -11.683
120.845  23.802 -11.558
120.848  23.757 -11.594
120.842  23.712 -11.646
120.838  23.666 -11.629
120.836  24.357 -10.138
120.805  24.321 -10.059
120.783  24.280 -10.096
120.759  24.241 -10.146
120.742  24.198 -10.210
120.738  24.153 -10.301
120.737  24.108 -10.076
120.736  24.062 -10.137
120.749  24.020 -10.451
120.776  23.982 -10.093
120.795  23.941 -10.119
120.800  23.896  -9.967
120.799  23.850 -10.196
120.798  23.805 -10.060
120.801  23.760 -10.099
120.795  23.715 -10.155
120.791  23.669 -10.138
120.789  24.360  -8.163
120.758  24.324  -8.447
120.736  24.283  -8.485
120.712  24.244  -8.540
120.695  24.201  -8.608
120.690  24.156  -8.707
120.690  24.111  -8.463
120.688  24.065  -8.527
120.701  24.023  -8.889
120.728  23.985  -8.482
120.748  23.944  -8.510
120.753  23.899  -8.346
120.752  23.853  -8.594
120.751  23.808  -8.446
120.754  23.763  -8.489
120.748  23.718  -8.550
120.744  23.672  -8.530
120.741  24.363  -6.796
120.710  24.327  -6.723
120.689  24.286  -6.747
120.664  24.247  -6.806
120.647  24.204  -6.880
120.643  24.159  -6.986
120.643  24.113  -6.724
120.641  24.068  -6.791
120.654  24.026  -7.178
120.681  23.988  -6.744
120.700  23.947  -6.774
120.706  23.902  -6.598
120.705  23.856  -6.864
120.704  23.811  -6.705
120.707  23.766  -6.751
120.701  23.721  -6.816
120.697  23.675  -6.796
120.694  24.366  -4.686
120.663  24.330  -4.661
120.641  24.289  -4.620
120.617  24.250  -4.720
120.600  24.207  -4.846
120.596  24.162  -4.997
120.596  24.116  -4.581
120.594  24.071  -4.690
120.607  24.029  -5.281
120.634  23.991  -4.617
120.653  23.950  -4.666
120.659  23.905  -4.367
120.658  23.859  -4.820
120.657  23.814  -4.549
120.660  23.769  -4.627
120.653  23.724  -4.738
120.650  23.678  -4.703
120.647  24.369   0.000
120.614  24.331   0.000
120.591  24.286   0.000
120.564  24.244   0.000
120.549  24.197   0.000
120.549  24.149   0.000
120.549  24.100   0.000
120.545  24.051   0.000
120.574  24.013   0.000
120.603  23.972   0.000
120.611  23.924   0.000
120.612  23.876   0.000
120.608  23.827   0.000
120.614  23.779   0.000
120.607  23.730   0.000
120.603  23.681   0.000
