3.0183
3.0166
3.0041
3.0142
3.0057
3.0166
3.0131
3.0171
3.0202
3.0008
3.0096
3.0041
3.0013
3.007
3.0217
3.0013
3.0202
3.0013
3.0138
3.0096
3.0202
3.0131
3.0222
3.0027
3.0165
3.0166
3.0183
3.02
3.0176
3.0154
3.0205
3.0215
3.0173
3.0188
3.0176
3.0183
3.0217
3.02
3.0055
3.0188
3.0222
3.0183
3.02
3.0201
3.0176
3.0166
3.0205
3.0188
3.0154
3.0217
3.0149
3.0166
3.0166
3.0176
3.0154
3.0154
3.0154
3.0171
3.003
3.0064
3.0041
3.0068
3.0068
3.0064
3.0064
3.0068
3.0068
3.0068
3.0064
3.0037
3.0064
3.0055
3.0055
3.0055
3.005
3.0003
3.0072
3.0041
3.0037
3.0029
3.0027
3.0014
3.0055
3.0027
3.0037
3.0037
3.005
3.005
3.005
3.0041
3.0016
3.0013
3.007
3.007
3.0027
3.0022
3.0008
3.0022
3.0008
3.0022
3.0022
3.0003
3.0008
3.0016
3.0008
3.0017
3.006
3.0017
3.0032
3.0103
3.0017
3.0048
3.0102
3.0057
3.0145
3.0115
3.0075
3.003
3.0061
3.0032
3.0108
3.0075
3.0059
3.0032
3.0108
3.0096
3.0166
3.0215
3.0222
3.0165
3.0202
3.0142
3.0176
3.0165
3.0165
3.0096
3.0108
3.0131
3.0142
3.0142
3.0142
3.0131
3.0111
3.0094
3.0163
3.0151
3.0202
3.0165
3.0215
3.0165
3.0205
3.0222
3.0182
3.0177
3.0203
3.0216
3.0222
3.0215
3.0223
3.0215
3.0215
3.0202
3.0202
3.0176
3.0222
3.0205
3.0202
3.0165
3.0176
3.0215
3.0215
3.0217
3.02
3.02
3.0222
3.0205
3.0217
3.0171
3.0171
3.0183
3.0188
3.0171
3.0188
3.0205
3.0188
3.0154
3.02
3.0222
3.0217
3.02
3.0217
3.0217
3.019
3.0206
3.0166
3.0184
3.0154
3.0171
3.0171
3.0183
3.0155
3.0149
3.0149
3.0149
3.0149
3.0183
3.0166
3.0154
3.0183
3.0166
3.0166
3.0149
3.0149
3.0154
3.0149
3.0149
3.0149
3.0171
3.0217
3.0171
3.0171
3.0183
3.0188
3.0205
3.0205
3.0188
3.02
3.0183
3.02
3.0188
3.0154
3.0149
