-2.1473
-2.9495
-6.249
-2.415
-4.7924
-2.9495
-2.7179
-2.6812
-0.75037
-6.2974
-3.6973
-6.2489
-6.2902
-4.414
-0.54356
-6.2902
-0.7501
-6.2902
-2.5161
-3.6958
-0.75015
-2.7178
-0.27512
-6.2691
-1.782
-2.9495
-2.1473
-1.3483
-1.4523
-3.4868
-1.0801
-0.37851
-2.6197
-1.8819
-1.4521
-2.1473
-0.54355
-1.3483
-6.2289
-1.8819
-0.27517
-2.1473
-1.3483
-1.2876
-1.4519
-2.9495
-1.0801
-1.8819
-3.4869
-0.54361
-3.7559
-2.9495
-2.9496
-1.4521
-3.4869
-3.4869
-3.4869
-2.6811
-5.5488
-6.2162
-6.2489
-6.2102
-6.2102
-6.2162
-6.2165
-6.2102
-6.2102
-6.2102
-6.2162
-6.2555
-6.2162
-6.2293
-6.2289
-6.2289
-6.2356
-6.3047
-6.2042
-6.2487
-6.2555
-6.2672
-6.2691
-6.2887
-6.2289
-6.2691
-6.2555
-6.2555
-6.2356
-6.2356
-6.2356
-6.249
-5.9267
-6.2902
-4.4141
-4.4141
-6.2691
-6.276
-6.2974
-6.276
-6.2974
-6.276
-6.276
-6.3047
-6.2974
-5.9268
-6.2964
-5.9101
-4.7003
-5.901
-5.4852
-3.5018
-5.9011
-5.1787
-3.5201
-4.7925
-2.3171
-3.1589
-4.2856
-5.5488
-4.6897
-5.4974
-3.3591
-4.2856
-4.7206
-5.4974
-3.359
-3.6974
-2.9494
-0.37852
-0.2751
-1.7822
-0.75025
-2.415
-1.4522
-1.7822
-1.7822
-3.6973
-3.3589
-2.7178
-2.4151
-2.415
-2.415
-2.718
-3.2786
-3.877
-1.8269
-2.1707
-0.75027
-1.782
-0.37841
-1.7819
-1.0801
-0.27512
-1.3055
-1.4244
-0.69933
-0.34846
-0.27512
-0.37843
-0.26637
-0.37838
-0.37846
-0.75029
-0.75019
-1.452
-0.27511
-1.0803
-0.75032
-1.7823
-1.4522
-0.37846
-0.37849
-0.54359
-1.3484
-1.3483
-0.27511
-1.0802
-0.54354
-2.6812
-2.6812
-2.1474
-1.882
-2.6812
-1.8819
-1.0801
-1.882
-3.4869
-1.3483
-0.27512
-0.54355
-1.3483
-0.51516
-0.54355
-1.8232
-1.0479
-2.9294
-2.106
-3.4869
-2.6812
-2.6812
-2.1473
-3.4667
-3.7559
-3.7559
-3.7559
-3.7559
-2.1474
-2.9495
-3.4869
-2.1474
-2.9496
-2.9496
-3.7559
-3.7559
-3.4869
-3.7559
-3.7559
-3.7558
-2.6811
-0.54352
-2.681
-2.6811
-2.1472
-1.8819
-1.0801
-1.0802
-1.8819
-1.3483
-2.1473
-1.3483
-1.8818
-3.4869
-3.7559
