1.654
3.9871
3.1414
3.4011
1.29
3.1414
1.3175
2.0966
0.6678
2.0966
2.8782
1.2901
7.1261
1.8449
3.1022
2.6374
0.53068
1.6577
1.068
2.3224
1.3784
3.5463
2.9485
3.8393
2.8782
12.234
9.4429
4.7387
8.6817
11.557
9.4501
12.234
11.557
11.557
12.234
12.234
3.1414
3.1414
10.881
10.881
3.1414
6.3346
3.1414
4.7502
2.8762
2.615
0.13596
1.3216
2.6115
2.0944
2.0724
0.52155
1.8394
1.8409
0.25981
1.0581
0.26791
0.26683
0.53337
3.9458
3.94
0.53017
1.0593
2.615
1.3221
1.8414
0.13604
0.26734
0.66687
0.53337
0.9342
1.068
1.8453
1.5589
2.1318
1.9407
0.93421
0.66687
1.5617
1.378
0.13711
0.26791
0.53585
0.26935
0.93574
1.3779
1.5627
1.2894
1.0685
1.9426
1.6577
2.2302
1.85
2.136
2.3224
1.9454
2.3224
4.1348
4.1348
3.9871
3.8378
3.9856
2.4799
2.2271
3.1032
2.4799
2.6374
2.1321
2.4828
2.2302
2.9485
3.4011
3.5463
3.8396
3.5463
3.8393
3.9874
