-43.297
-48.468
-49.973
-49.003
-39.653
-49.973
-49.983
-49.979
-43.774
-49.979
-49.974
-39.655
-45.128
-45.207
-49.275
-49.699
-49.987
-43.334
-40.025
-49.986
-40.538
-48.87
-49.415
-48.603
-49.974
-38.918
-42.311
-48.031
-43.237
-39.741
-42.303
-38.918
-39.741
-39.741
-38.918
-38.918
-49.973
-49.973
-40.563
-40.563
-49.973
-46.09
-49.973
-48.017
-49.974
-49.976
-48.755
-49.983
-49.976
-49.979
-46.794
-49.987
-49.98
-49.98
-49.989
-49.984
-47.519
-49.989
-45.033
-48.995
-49.002
-49.987
-49.984
-49.976
-49.983
-49.98
-48.754
-49.989
-43.782
-45.033
-41.279
-40.025
-45.211
-42.345
-48.078
-46.166
-41.278
-43.782
-42.373
-40.535
-48.744
-47.519
-45.009
-47.505
-41.264
-40.533
-42.382
-39.648
-40.02
-46.185
-43.334
-49.063
-45.258
-48.121
-49.986
-46.213
-49.986
-48.334
-48.334
-48.468
-48.605
-48.47
-49.843
-49.032
-49.274
-49.843
-49.699
-48.082
-49.84
-49.063
-49.415
-49.003
-48.87
-48.603
-48.87
-48.603
-48.468
