0.033766
0
0
0
1
0
1
1
0.033766
0
0
1
1
1
1
0
1
1
1
0
0.033766
0
0
0
0.033766
0
0
0
0
0
0
0
1
1
1
1
1
1
1
1
0.95455
1
1
0.033766
0
0
0
0
0
0
0
0
0
0
0
0
0
0
0
0.02987
0
0
0
1
0
0
1
1
0.88831
0.94935
1
1
1
0.89351
0.95455
1
1
1
1
1
1
1
0.033766
0.033766
1
1
1
1
1
1
1
1
1
1
1
0
0
0
0
1
0
0
0
0
0
0
0
0
0
0
0
0
0
0
0
0
0
0
0
0
0
1
0.033766
0.033766
0
0
0
0
0
0
0
0
0
0
0
0
0
0
0
0
0
0
0
0
0
0
0
0.033766
0
0.02987
0
1
1
1
1
1
0
1
0
0
1
1
1
1
1
1
1
1
1
1
1
1
1
1
1
1
1
1
1
1
1
1
1
0.033766
1
1
1
0
1
1
1
1
0.033766
1
1
1
0.02987
1
0
0
0.033766
0
0
0
0
0
0
0
0
0
0
0
0
0
0
0
0
0
0
0
0
0
0
0
1
0
0
0.033766
0
0
0
1
1
0
0
0
0
0
0
0
0
0
0
0
0
0
0
0
0
0
1
0.033766
0
0
0
1
1
1
1
1
1
1
1
1
1
1
0.033766
1
1
1
1
1
1
1
1
1
