-1.6873,-1.6873,-1.6873
-1.6873,-1.6873,-1.6873
-1.6873,-1.6873,-1.6873
-1.6873,-1.6873,-1.6873
-1.6873,-1.6873,-1.6873
-1.6873,-1.6873,-1.6873
-1.6873,-1.6873,-1.6873
-1.6873,-1.6873,-1.6873
-1.6873,-1.6873,-1.6873
-1.6873,-1.6873,-1.6873
-1.6873,-1.6873,-1.6873
-1.6873,-1.6873,-1.6873
-1.6873,-1.6873,-1.6873
-1.6873,-1.6873,-1.6873
-1.6873,-1.6873,-1.6873
-1.6873,-1.6873,-1.6873
-1.6873,-1.6873,-1.6873
-1.6873,-1.6873,-1.6873
-1.6873,-1.6873,-1.6873
-1.6873,-1.6873,-1.6873
-1.6873,-1.6873,-1.6873
-1.6873,-1.6873,-1.6873
-1.6873,-1.6873,-1.6873
-1.6873,-1.6873,-1.6873
-1.6873,-1.6873,-1.6873
-1.6873,-1.6873,-1.6873
-1.6873,-1.6873,-1.6873
-1.6873,-1.6873,-1.6873
-1.6873,-1.6873,-1.6873
-1.6873,-1.6873,-1.6873
-1.6873,-1.6873,-1.6873
-1.6873,-1.6873,-1.6873
-1.6873,-1.6873,-1.6873
-1.6873,-1.6873,-1.6873
-1.6873,-1.6873,-1.6873
-1.6873,-1.6873,-1.6873
-1.6873,-1.6873,-1.6873
-1.6873,-1.6873,-1.6873
-1.6873,-1.6873,-1.6873
-1.6873,-1.6873,-1.6873
-1.6873,-1.6873,-1.6873
-1.6873,-1.6873,-1.6873
-1.6873,-1.6873,-1.6873
-1.6873,-1.6873,-1.6873
-1.6873,-1.6873,-1.6873
-1.6873,-1.6873,-1.6873
-1.6873,-1.6873,-1.6873
-1.6873,-1.6873,-1.6873
-1.6873,-1.6873,-1.6873
-1.6873,-1.6873,-1.6873
-1.6873,-1.6873,-1.6873
-1.6873,-1.6873,-1.6873
-1.6873,-1.6873,-1.6873
-1.6873,-1.6873,-1.6873
-1.6873,-1.6873,-1.6873
-1.6873,-1.6873,-1.6873
-1.6873,-1.6873,-1.6873
-1.6873,-1.6873,-1.6873
-1.6873,-1.6873,-1.6873
-1.6873,-1.6873,-1.6873
-1.6873,-1.6873,-1.6873
-1.6873,-1.6873,-1.6873
-1.6873,-1.6873,-1.6873
-1.6873,-1.6873,-1.6873
