10.713,10.713,10.713
10.713,10.713,10.713
10.713,10.713,10.713
10.713,10.713,10.713
10.713,10.713,10.713
10.713,10.713,10.713
10.713,10.713,10.713
10.713,10.713,10.713
10.713,10.713,10.713
10.713,10.713,10.713
10.713,10.713,10.713
10.713,10.713,10.713
10.713,10.713,10.713
10.713,10.713,10.713
10.713,10.713,10.713
10.713,10.713,10.713
10.713,10.713,10.713
10.713,10.713,10.713
10.713,10.713,10.713
10.713,10.713,10.713
10.713,10.713,10.713
10.713,10.713,10.713
10.713,10.713,10.713
10.713,10.713,10.713
10.713,10.713,10.713
10.713,10.713,10.713
10.713,10.713,10.713
10.713,10.713,10.713
10.713,10.713,10.713
10.713,10.713,10.713
10.713,10.713,10.713
10.713,10.713,10.713
10.713,10.713,10.713
10.713,10.713,10.713
10.713,10.713,10.713
10.713,10.713,10.713
10.713,10.713,10.713
10.713,10.713,10.713
10.713,10.713,10.713
10.713,10.713,10.713
10.713,10.713,10.713
10.713,10.713,10.713
10.713,10.713,10.713
10.713,10.713,10.713
10.713,10.713,10.713
10.713,10.713,10.713
10.713,10.713,10.713
10.713,10.713,10.713
10.713,10.713,10.713
10.713,10.713,10.713
10.713,10.713,10.713
10.713,10.713,10.713
10.713,10.713,10.713
10.713,10.713,10.713
10.713,10.713,10.713
10.713,10.713,10.713
10.713,10.713,10.713
10.713,10.713,10.713
10.713,10.713,10.713
10.713,10.713,10.713
10.713,10.713,10.713
10.713,10.713,10.713
10.713,10.713,10.713
10.713,10.713,10.713
