11.711
11.711
11.711
11.711
11.711
11.711
11.711
11.711
11.711
11.711
11.711
11.711
11.711
11.711
11.711
11.711
11.711
11.711
11.711
11.711
11.711
11.711
11.711
11.711
11.711
11.711
11.711
11.711
11.711
11.711
11.711
11.711
11.711
11.711
11.711
11.711
11.711
11.711
11.711
11.711
11.711
11.711
11.711
11.711
11.711
11.711
11.711
11.711
11.711
11.711
11.711
11.711
11.711
11.711
11.711
11.711
11.711
11.711
11.711
11.711
11.711
11.711
11.711
11.711
11.711
11.711
11.711
11.711
11.711
11.711
11.711
11.711
11.711
11.711
11.711
11.711
11.711
11.711
11.711
11.711
11.711
11.711
11.711
11.711
11.711
11.711
11.711
11.711
11.711
11.711
11.711
11.711
11.711
