120.908  22.869 -40.000
120.907  22.922 -40.000
120.916  22.974 -40.000
120.938  23.023 -40.000
120.959  23.065 -40.000
120.958  23.116 -40.000
120.927  23.157 -40.000
120.868  22.871 -37.551
120.866  22.922 -37.333
120.875  22.972 -37.391
120.895  23.020 -37.228
120.918  23.066 -37.422
120.917  23.116 -37.282
120.887  23.159 -37.333
120.828  22.873 -34.667
120.826  22.924 -34.667
120.835  22.974 -34.725
120.855  23.021 -34.562
120.878  23.068 -34.786
120.877  23.118 -34.610
120.846  23.161 -34.667
120.787  22.875 -31.837
120.786  22.926 -32.000
120.794  22.976 -32.058
120.814  23.024 -31.896
120.837  23.070 -32.106
120.836  23.120 -31.930
120.806  23.163 -32.000
120.747  22.877 -29.333
120.745  22.928 -29.333
120.754  22.978 -29.392
120.774  23.025 -29.229
120.797  23.072 -29.393
120.796  23.122 -29.272
120.765  23.165 -29.333
120.707  22.879 -26.667
120.705  22.930 -26.667
120.714  22.980 -26.725
120.733  23.027 -26.563
120.756  23.074 -26.764
120.755  23.124 -26.615
120.725  23.167 -26.667
120.666  22.881 -23.673
120.664  22.932 -24.000
120.673  22.982 -24.059
120.693  23.029 -23.896
120.716  23.076 -24.136
120.715  23.126 -23.937
120.684  23.169 -24.000
120.626  22.883 -21.333
120.624  22.934 -21.333
120.633  22.984 -21.392
120.652  23.031 -21.229
120.676  23.077 -21.416
120.674  23.128 -21.261
120.644  23.171 -21.333
120.585  22.885 -18.667
120.583  22.936 -18.667
120.592  22.986 -18.726
120.612  23.033 -18.562
120.635  23.079 -18.738
120.634  23.130 -18.606
120.603  23.172 -18.667
120.545  22.887 -16.000
120.543  22.938 -16.000
120.552  22.988 -16.059
120.572  23.035 -15.896
120.595  23.081 -16.104
120.593  23.132 -15.946
120.563  23.174 -16.000
120.505  22.889 -13.333
120.503  22.939 -13.333
120.511  22.990 -13.393
120.531  23.037 -13.229
120.554  23.083 -13.459
120.553  23.134 -13.267
120.522  23.176 -13.333
120.464  22.890 -10.612
120.462  22.941 -10.667
120.471  22.992 -10.726
120.491  23.039 -10.561
120.514  23.085 -10.760
120.512  23.136 -10.599
120.482  23.178 -10.667
120.424  22.892  -8.000
120.422  22.943  -8.000
120.431  22.993  -8.059
120.450  23.041  -7.894
120.473  23.087  -8.086
120.472  23.138  -7.942
120.441  23.180  -8.000
120.383  22.894  -5.333
120.381  22.945  -5.333
120.390  22.995  -5.393
120.410  23.043  -5.228
120.433  23.089  -5.445
120.432  23.140  -5.277
120.401  23.182  -5.333
120.343  22.896  -2.667
120.341  22.947  -2.667
120.350  22.997  -2.726
120.369  23.045  -2.560
120.392  23.091  -2.805
120.391  23.142  -2.598
120.360  23.184  -2.667
120.303  22.898   0.000
120.300  22.951   0.000
120.310  23.004   0.000
120.331  23.052   0.000
120.353  23.094   0.000
120.351  23.145   0.000
120.320  23.186   0.000
