9.0201,9.0201,9.0201
9.0201,9.0201,9.0201
9.0201,9.0201,9.0201
9.0201,9.0201,9.0201
9.0201,9.0201,9.0201
9.0201,9.0201,9.0201
9.0201,9.0201,9.0201
9.0201,9.0201,9.0201
9.0201,9.0201,9.0201
9.0201,9.0201,9.0201
9.0201,9.0201,9.0201
9.0201,9.0201,9.0201
9.0201,9.0201,9.0201
9.0201,9.0201,9.0201
9.0201,9.0201,9.0201
9.0201,9.0201,9.0201
9.0201,9.0201,9.0201
9.0201,9.0201,9.0201
9.0201,9.0201,9.0201
9.0201,9.0201,9.0201
9.0201,9.0201,9.0201
9.0201,9.0201,9.0201
9.0201,9.0201,9.0201
9.0201,9.0201,9.0201
9.0201,9.0201,9.0201
9.0201,9.0201,9.0201
9.0201,9.0201,9.0201
9.0201,9.0201,9.0201
9.0201,9.0201,9.0201
9.0201,9.0201,9.0201
9.0201,9.0201,9.0201
9.0201,9.0201,9.0201
9.0201,9.0201,9.0201
9.0201,9.0201,9.0201
9.0201,9.0201,9.0201
9.0201,9.0201,9.0201
9.0201,9.0201,9.0201
9.0201,9.0201,9.0201
9.0201,9.0201,9.0201
9.0201,9.0201,9.0201
9.0201,9.0201,9.0201
9.0201,9.0201,9.0201
9.0201,9.0201,9.0201
9.0201,9.0201,9.0201
9.0201,9.0201,9.0201
9.0201,9.0201,9.0201
9.0201,9.0201,9.0201
9.0201,9.0201,9.0201
9.0201,9.0201,9.0201
9.0201,9.0201,9.0201
9.0201,9.0201,9.0201
9.0201,9.0201,9.0201
9.0201,9.0201,9.0201
9.0201,9.0201,9.0201
9.0201,9.0201,9.0201
9.0201,9.0201,9.0201
9.0201,9.0201,9.0201
9.0201,9.0201,9.0201
