8.90284883873911
8.90284883873911
8.90284883873911
8.90284883873911
8.90284883873911
8.90284883873911
8.90284883873911
8.90284883873911
8.90284883873911
8.90284883873911
8.90284883873911
8.90284883873911
8.90284883873911
8.90284883873911
8.90284883873911
8.90284883873911
8.90284883873911
8.90284883873911
8.90284883873911
8.90284883873911
8.90284883873911
8.90284883873911
8.90284883873911
8.90284883873911
8.90284883873911
8.90284883873911
8.90284883873911
8.90284883873911
8.90284883873911
8.90284883873911
8.90284883873911
8.90284883873911
8.90284883873911
8.90284883873911
8.90284883873911
8.90284883873911
8.90284883873911
8.90284883873911
8.90284883873911
8.90284883873911
8.90284883873911
8.90284883873911
8.90284883873911
8.90284883873911
8.90284883873911
8.90284883873911
8.90284883873911
8.90284883873911
8.90284883873911
8.90284883873911
8.90284883873911
8.90284883873911
8.90284883873911
8.90284883873911
8.90284883873911
8.90284883873911
8.90284883873911
8.90284883873911
8.90284883873911
8.90284883873911
8.90284883873911
8.90284883873911
8.90284883873911
