4.47661020599584
4.47661020599584
4.47661020599584
4.47661020599584
4.47661020599584
4.47661020599584
4.47661020599584
4.47661020599584
4.47661020599584
4.47661020599584
4.47661020599584
4.47661020599584
4.47661020599584
4.47661020599584
4.47661020599584
4.47661020599584
4.47661020599584
4.47661020599584
4.47661020599584
4.47661020599584
4.47661020599584
4.47661020599584
4.47661020599584
4.47661020599584
4.47661020599584
4.47661020599584
4.47661020599584
4.47661020599584
4.47661020599584
4.47661020599584
4.47661020599584
4.47661020599584
4.47661020599584
4.47661020599584
4.47661020599584
4.47661020599584
4.47661020599584
4.47661020599584
4.47661020599584
4.47661020599584
4.47661020599584
4.47661020599584
4.47661020599584
4.47661020599584
4.47661020599584
4.47661020599584
4.47661020599584
4.47661020599584
4.47661020599584
4.47661020599584
4.47661020599584
4.47661020599584
4.47661020599584
4.47661020599584
4.47661020599584
4.47661020599584
4.47661020599584
4.47661020599584
4.47661020599584
4.47661020599584
4.47661020599584
4.47661020599584
4.47661020599584
