19.9959402126553
19.9981897785052
19.9981778389733
19.9944065505819
19.9978939349514
19.9982249392981
19.9971350946534
19.9955128766197
19.9966639078921
19.9946794708023
19.9946772868508
19.9982603381174
19.9981885738456
19.9982139729124
19.9968993904307
19.9982494339204
19.9981899367204
19.9978945793839
19.9983197425073
19.997081963155
19.9952205495402
19.9962699090842
19.9963099750883
19.9982130767651
19.9946794350387
19.9978946326108
19.9982130759967
19.9978946566106
19.9983197566562
19.9981775645351
19.9971178932003
19.9983670357341
19.9983321811124
19.9981366539762
19.9983682046037
19.998136267476
19.9983551722984
19.9974052253955
19.9978939349514
19.9952271613608
19.9983197518355
19.9981893889728
19.9978939489388
19.9957012640407
19.9971615383389
19.9982238117482
19.9966708014625
19.9957016984071
19.998225007963
19.9941357914413
19.9944087116617
19.9941357914413
19.9952304367786
19.9941357914413
19.9963443574862
19.9963265931837
19.9981657400974
19.9982117597252
19.9976597965642
19.998247911527
19.9982840530587
19.9982141706356
19.9981770864511
19.9979275353259
19.9971525384821
19.9981778373581
19.9979543582736
19.9981775639775
19.9970820148206
19.9966714036646
19.9982263066236
19.9982605457717
19.9983668860409
19.9976234876561
19.9968190279718
19.9946550381984
19.9962699429657
19.9981893878577
19.9982130768005
19.9968116124299
19.9954584505759
19.9959986675585
19.9952111173247
19.9976893531537
19.997623526069
19.995185602002
19.9946551427007
19.9960781984874
19.9960250706567
19.994395490591
19.995185557215
19.9943954148199
19.9944008351725
19.9946658789037
19.9954564562334
19.9970819644396
19.996269893893
19.9968115303815
19.998177564207
19.9954564528531
19.9960160401443
19.9959986211921
19.9971324207949
19.9944064851714
19.9946771232317
19.9944064687719
19.9952325349369
19.9954985440326
19.9960614913579
19.9968813521014
19.9955101981421
19.996315025715
19.9981895530433
19.9968318091069
19.9976794657434
19.998213015992
19.997949101616
19.9979236943828
19.9981776434561
19.998224714385
19.9981893873593
19.9982836721738
19.9982249408251
19.9982960549083
19.9982842138198
19.9976234561516
19.9976496709643
19.9982605150121
19.998247896353
19.9982486554294
19.9982486600184
19.9982605073017
19.9982605126924
19.9982249421033
19.9982486580658
19.9982842026706
19.9982842083418
19.9983668861495
19.9982960479172
19.9983551672076
19.9974068367466
19.9974068546769
19.9966709731153
19.9974068207105
19.998136267476
19.9983553212563
19.9983316058073
19.998136279826
19.9971620750755
19.9983196919533
19.9982963497417
19.9982589682839
19.9982942661459
19.9983304461021
19.9983558186087
19.9978877921717
19.996677132479
19.9971620389942
19.9971502097811
19.9964178213794
19.9952275937227
19.9959499617755
19.9956943359984
19.9964246107766
19.9952203243011
19.9957012660452
19.9957021327038
19.9952271573517
19.9971620550304
19.9949910213599
19.994991564911
19.9966709510656
19.996670933025
19.9959397802934
19.9964246147856
19.9964246308217
19.9959397762844
19.9949915689201
19.9949915689201
19.9952280260415
19.994992001282
19.9978937056591
19.9964250688769
19.9981363669179
19.9971620878493
19.9974063436607
19.995940646646
19.9978939625827
19.9974068659805
19.9982960741662
19.9983315994711
19.9982848735403
19.998331620866
19.9982505630628
19.9983200738982
19.9982980865163
19.9983551887451
19.9983223459128
19.9983668868097
19.9983333938665
19.9981361052082
19.996425498819
19.9981365175538
19.9983573433926
19.9982967461661
19.9983679730422
19.9983687295055
19.9982869220473
19.9982626860928
19.9983196957887
19.9983559111728
19.998333427346
19.9974091657168
19.9979003628453
19.9959410791891
19.9971724663161
19.9957025625807
19.9964302580913
19.9952280252
19.995929748429
19.9949920011602
19.9957081090399
19.9952337425777
19.994992001421
