-7.8113
-52.193
-56.246
-31.958
-7.8132
-43.829
-41.473
-56.247
-31.956
-22.667
-32.308
-27.343
-27.35
-29.705
-15.745
-52.193
-40.055
-44.098
-43.828
-19.795
-52.194
-20.335
-7.8129
-40.056
-50.897
-27.901
-27.35
-57.951
-22.667
-40.055
-36.766
-57.951
-19.793
-34.413
-56.246
-27.349
-20.341
-20.341
-20.34
-50.897
-29.911
-29.702
-29.432
-20.86
-43.829
-20.861
-23.709
-49.467
-38.078
-32.308
-46.667
-23.711
-46.661
-23.706
-27.9
-3.9307
-15.745
-3.9312
-19.795
-7.8121
-27.9
-15.744
-40.055
-27.902
-15.744
-19.796
-31.957
-52.193
-3.9312
-3.9311
-7.8122
-7.8129
-3.9299
-3.9311
-52.193
-19.796
-4.096
-15.745
-8.1765
-31.957
-15.777
-27.665
-50.96
-27.902
-15.743
-19.794
-27.902
-31.957
-40.055
-44.098
-32.09
-52.193
-44.097
-56.247
-39.812
-57.951
-56.246
-44.022
-57.955
-52.02
-56.177
-55.616
-55.603
-44.006
-48.636
-22.816
-41.474
-57.951
-50.897
-55.602
-29.704
-55.602
-48.54
-48.541
-48.54
-57.951
-55.602
-48.541
-50.897
-43.83
-40.056
-31.958
-44.097
-56.247
-44.099
-44.097
-55.602
-50.896
-55.602
-57.951
-43.828
-41.473
-50.897
-48.539
-41.474
-48.54
-36.765
-36.766
-43.829
-34.413
-29.705
-23.709
-20.864
-29.428
-29.436
-32.317
-29.437
-29.705
-22.668
-22.666
-34.414
-20.341
-20.862
-41.474
-29.706
-41.474
-36.766
-27.35
-36.767
-34.414
-27.347
-36.765
-34.413
-36.985
-34.411
-41.728
-34.741
-27.638
-20.45
-22.662
-20.859
-32.493
-23.783
-29.432
-20.862
-20.341
-20.862
-20.337
-23.709
-23.709
-29.478
-32.308
-29.432
-40.972
-38.079
-40.972
-40.973
-38.115
-46.664
-41.127
-46.669
-46.715
-55.122
-57.816
-55.041
-46.669
-49.552
-49.471
-57.809
-57.809
-57.809
-55.031
-55.041
-49.471
-57.809
-32.308
-38.078
-40.967
-49.466
-49.461
-55.036
-40.974
-38.083
-38.077
-32.308
-46.666
-40.973
-55.04
-49.469
-55.039
-57.804
-57.806
-38.079
-22.668
