-9.5979
7.1565
-23.729
11.072
59.896
-22.407
13.594
44.298
-2.119
-59.976
-11.445
54.217
23.978
50.562
-59.917
-57.459
49.668
-59.92
-15.444
59.902
33.354
35.846
29.644
5.0838
8.0109
7.8146
-33.182
-4.5062
59.893
59.915
37.772
-59.796
59.947
59.925
23.749
-38.565
-48.703
-51.132
-59.976
32.939
59.91
59.912
-13.452
-0.29729
-4.4012
-10.916
-22.184
-8.869
-0.63111
-8.8899
2.9296
-57.005
50.135
59.888
-43.974
40.487
8.1711
8.586
13.548
-59.981
40.648
48.721
37.648
-9.9308
-26.785
12.503
-59.982
-44.876
43.424
-24.358
7.7353
-24.332
11.447
-59.931
-39.262
-53.254
-17.78
-59.953
15.596
-45.033
17.757
-19.327
-59.972
24.32
-52.284
59.851
54.281
-8.3353
59.91
44.726
36.283
48.164
42.654
35.772
11.2
37.763
41.239
56.293
-17.344
46.667
-1.4627
-41.415
-30.534
-16.793
36.96
45.168
58.353
37.11
6.7119
-35.358
46.635
-49.256
8.5943
-59.961
-59.738
-58.402
-59.971
-53.502
-58.884
-37.897
-26.867
23.566
9.1898
-45.329
-18.441
52.744
16.251
-15.899
-28.469
59.946
59.969
-57.514
55.54
52.428
16.339
12.135
59.949
55.523
59.928
59.743
-3.726
59.933
59.951
42.242
59.958
17.769
-12.988
59.929
-38.28
10.275
-41.705
4.0705
-19.865
-17.678
-0.90605
32.491
12.958
0.13709
11.962
20.303
-4.3157
-5.0873
-13.122
25.132
-22.991
-19.016
-6.7048
-0.79387
-12.725
-49.762
-3.9243
-8.4162
-2.0331
-7.4046
2.1952
0.96254
-26.978
4.3921
2.0037
18.946
-13.927
1.2792
8.065
-6.3488
24.29
7.3276
13.874
-25.554
7.6962
-31.008
-1.2579
-5.3271
-4.3919
19.532
16.873
-0.39948
-2.7028
3.5688
-6.5668
-6.088
-11.485
-16.449
-8.4238
-28.326
-15.025
-30.287
-22.578
-28.244
-2.7
-58.098
18.664
-28.269
31.6
-3.278
-7.8506
6.5174
-34.942
0.70488
37.335
-4.6947
-8.237
-13.497
-7.137
-3.4438
-26.949
6.9612
-13.656
-11.224
-13.293
-42.958
-26.076
56.058
-13.327
-11.869
-9.3396
-18.188
-9.0501
-19.634
54.226
-3.1884
21.363
-4.9568
-50.486
-2.7844
7.9489
-32.004
56.732
-33.898
-22.811
59.025
-59.972
-59.962
-59.974
-59.952
-59.897
18.311
20.226
-59.974
34.563
-59.976
-56.207
-11.637
-44.872
-59.983
-55.505
-47.002
36.147
-44.874
-40.494
28.855
-59.964
15.638
-46.099
-2.2586
55.45
35.645
-14.52
-55.445
-59.982
-21.653
-59.962
25.742
-24.46
-51.083
-42.229
59.819
-59.919
-27.036
-25.535
-45.551
16.122
-53.709
18.917
-53.098
47.81
-7.3281
-42.825
49.139
-9.2745
-51.118
-37.644
-48.656
-42.075
-51.263
55.392
-55.214
-41.145
2.3701
-31.065
-33.286
-30.262
-13.269
-7.0738
-33.734
-7.8185
-40.201
-3.3699
-20.351
-24.03
-59.221
-59.24
-31.753
-11.106
-59.844
-59.943
41.683
-59.907
-59.814
-59.766
-55.18
-59.952
55.467
28.917
59.561
21.083
24.466
-24.221
3.5806
-28.641
37.228
59.617
42.201
15.632
59.919
36.189
59.922
59.914
59.913
59.928
59.959
59.923
59.941
59.785
58.478
59.923
59.91
-10.943
55.56
36.699
59.442
33.895
24.424
28.744
25.106
59.924
24.507
38.576
41.902
36.6
-3.4331
43.184
-59.576
43.198
-34.538
30.231
50.61
-59.895
56.48
40.033
-36.214
57.829
0.47292
-17.083
13.724
4.9107
51.38
28.449
42.291
34.084
36.557
59.89
47.924
34.642
49.684
44.039
56.955
-46.533
6.7324
-6.6458
-44.351
44.605
20.399
0.80706
-47.978
-39.849
-18.952
33.331
-8.9247
-55.428
2.2475
-22.512
-28.638
-22.018
-21.523
-31.77
-49.174
-33.154
-41.736
-37.413
-59.93
-34.582
-37.415
-57.9
-33.656
-44.599
-54.219
-55.024
-52.934
-45.349
-47.584
-25.055
-43.904
-53.58
43.502
-45.878
-59.678
-59.736
-46.599
-59.788
-59.975
-59.957
38.393
-5.2308
-59.796
-44.376
-59.742
47.062
-46.306
-22.251
-59.684
-59.69
24.357
-49.198
-59.291
-45.388
-59.686
-21.63
-59.573
-51.056
-59.916
-46.267
-59.887
-59.787
-59.884
-59.789
-57.164
-59.982
-58.554
-55.332
-45.183
-54.875
-54.543
42.765
-40.464
-48.175
-18.535
-44.517
-44.726
-37.442
-53.906
-59.977
-52.259
-53.612
-28.368
-59.967
-15.832
-42.03
-2.7337
15.591
25.343
27.669
-0.1206
20.394
-29.675
-58.557
-16.748
57.404
-48.149
-57.033
-7.9765
-7.4459
-31.485
-35.505
-59.849
-42.107
-57.284
-59.284
-59.114
-40.464
-58.714
-59.173
-35.431
-37.592
-37.705
-54.482
-30.885
-37.067
-36.239
-40.647
-41.464
-47.007
-23.486
-31.849
-8.3831
-28.612
-14.83
-3.6053
-0.065344
3.6291
3.4741
3.3466
-8.8907
-5.5373
-5.692
6.4334
-14.528
-23.636
3.2804
-24.066
4.0428
-9.2927
16.558
16.847
13.163
59.618
12.019
26.882
16.778
40.197
33.937
34.567
0.50328
6.0839
50.948
49.406
6.622
12.975
-7.5653
45.311
-3.2684
3.5391
21.103
55.043
14.23
47.616
59.928
59.926
59.931
59.928
59.951
54.788
-4.5421
59.861
20.71
59.718
59.936
59.896
58.113
59.956
18.667
18.255
-12.807
43.514
46.314
-10.348
-8.9786
-6.5769
59.949
32.294
59.921
-10.028
-5.4389
-6.0083
59.909
59.923
-26.221
6.6047
59.889
19.858
-49.387
-32.84
-3.8233
-2.1341
-10.116
-4.192
4.6391
1.8127
-26.346
-9.4594
-13.731
-12.62
-17.105
-9.9168
-21.936
-13.76
-24.209
-25.476
-6.4929
-10.248
-11.18
-11.405
-8.1531
-7.183
-12.703
-10.765
-3.385
-11.859
-0.91633
-5.3928
1.53
-6.5098
-3.0366
-5.6842
-11.002
-20.692
18.074
3.3114
-25.976
-2.1199
1.9188
-4.2742
18.678
21.662
-5.6494
-5.7858
-0.80397
6.0508
38.18
-26.88
-23.509
-3.4017
0.94713
-2.4913
38.228
33.388
59.891
-6.7452
49.041
0.90205
-14.081
-4.7695
12.12
5.5115
38.909
42.286
46.579
29.396
16.357
38.77
7.2943
33.684
19.726
0.9696
34.407
50.784
-19.543
49.132
13.144
16.211
4.0084
20.033
20.434
-1.32
-33.256
-15.033
-44.522
-12.602
-9.1104
14.631
-3.2013
19.237
28.853
-0.42505
-0.19971
-36.923
-13.255
-30.952
-1.3549
0.67451
-0.77033
-8.8533
-43.04
-32.037
-20.008
-0.54604
10.636
6.1338
0.29269
1.8034
-7.0562
-22.535
-23.168
-5.7021
-23.004
6.683
2.7023
-1.369
-5.9724
-9.9881
35.12
10.333
6.182
3.28
5.0198
29.864
-3.6504
3.0651
2.297
-7.8739
15.732
-6.6463
19.902
-5.3563
-9.1714
-18.561
10.065
-9.9094
17.292
11.916
3.9282
18.607
-0.54079
13.58
16.793
15.131
14.609
11.364
0.57534
-1.731
3.8146
6.3311
3.6826
7.0592
-18.928
7.95
0.86641
-4.5027
5.2707
16.453
17.217
17.556
-18.927
-1.2974
-7.1353
14.688
-45.176
-24.056
-49.379
-48.253
-29.588
-25.459
-14.316
17.773
4.0942
-13.22
17.186
-11.846
11.498
-2.4013
-5.1699
5.8586
16.447
-5.2176
-22.707
-18.836
-23.943
-3.3321
-6.6396
-9.0461
-12.279
-9.7968
-15.528
-2.1153
-3.9306
-2.9626
-13.916
-10.965
-29.88
-5.3423
-22.904
-5.5931
-7.9186
-19.832
19.561
-5.9987
-36.739
-17.274
-30.71
-31.772
2.5202
-3.1635
-2.824
12.334
-3.9663
-0.11054
9.7324
18.249
-8.9967
9.2081
-6.9615
13.899
5.7534
13.325
1.0046
4.4018
-14.887
-24.5
-3.1118
-22.758
-1.0392
0.71445
-15.713
-15.585
-9.7996
-8.4925
-29.906
-24.353
-40.35
-25.411
-28.557
-11.833
-34.848
-9.9014
-34.877
-8.2053
-23.06
5.0385
-9.8333
-6.9153
-15.185
3.938
-12.207
2.71
-2.7409
7.034
1.3522
3.1191
6.7498
-1.751
-7.4106
-9.8918
11.723
26.243
9.0322
8.7415
10.277
6.8618
4.4115
4.6377
13.776
-1.0239
13.142
18.162
20.709
16.431
21.699
12.502
13.045
22.855
17.926
8.1203
3.2978
29.529
7.2533
3.8138
6.814
12.29
7.6823
-29.158
17.267
-50.491
18.391
24.083
22.795
26.396
45.411
43.872
24.482
25.855
16.138
51.567
53.433
50.991
39.514
52.973
52.421
9.3824
46.171
58.095
19.1
1.507
47.258
23.15
39.15
43.204
18.018
2.627
12.069
14.017
6.4079
5.4453
20.772
19.641
-2.0853
-1.8331
7.1369
9.4962
-3.4601
-14.591
-16.328
-21.858
-20.059
-22.465
-32.868
-30.997
-17.532
-26.67
-7.1279
-31.604
16.395
-16.804
28.834
-24.513
37.213
-19.866
-30.055
-31.323
-29.198
-22.819
-11.062
-18.926
-4.6601
-26.892
-32.745
-35.815
-34.696
-17.654
-12.333
-8.5492
-2.9223
-26.108
-13.897
-11.426
-10.401
20.777
0.5057
6.7016
10.343
56.677
21.635
23.328
57.817
32.08
59.316
54.061
52.39
13.427
50.344
58.657
52.085
57.402
51.359
7.2615
54.504
26.132
-5.4007
-2.639
16.673
-4.1289
1.6194
-1.5241
17.477
5.589
55.172
41.702
58.144
50.953
55.552
53.464
42.332
26.877
-59.964
-59.967
-41.006
-57.599
-59.71
-59.945
-48.119
-59.97
-59.967
45.756
49.871
39.291
-45.494
-28.14
6.1786
28.943
12.386
15.944
58.996
57.572
39.971
58.061
55.896
-28.017
-10.378
-0.028874
27.941
31.944
-59.956
-36.833
-59.953
-59.957
-59.938
-59.956
-54.208
-59.929
-59.859
-59.807
-59.833
-59.757
-59.809
-59.727
-59.798
-59.935
-59.743
-59.599
-59.738
-59.945
-59.923
-59.946
-59.842
-59.956
-59.935
-59.947
-59.863
-59.944
-59.973
-59.786
-59.956
-59.66
-59.961
-59.943
-59.713
-42.292
-49.414
-43.208
-45.05
-53.09
-59.866
-59.902
-57.453
-59.743
-59.944
-59.962
-48.12
-59.971
-59.91
-59.928
-14.69
3.7172
-36.264
27.638
54.416
54.444
46.434
-12.841
-36.267
48.43
-5.4433
-59.973
-59.968
-43.38
-59.962
-59.97
-59.98
-59.971
-19.672
-56.414
-59.977
-59.988
-1.7692
14.25
-14.398
1.9212
3.763
15.307
-52.858
-47.515
-46.999
-27.522
-59.99
-59.97
-59.99
-53.492
-59.981
-59.988
-59.985
-59.992
-59.992
-59.995
-59.987
-59.99
-59.98
-59.991
-9.7339
-39.204
-59.98
-59.98
-59.983
-59.982
-59.947
-58.095
-46.761
-50.543
-34.577
-35.154
-59.986
-58.1
-58.097
-59.982
2.224
-35.719
12.063
-12.019
15.553
-15.545
37.701
2.1635
2.311
-28.783
-59.913
28.889
6.2194
11.204
15.592
24.445
-15.335
-50.916
-59.906
-42.016
-59.985
-4.7955
-37.676
-42.169
-11.061
-37.736
-46.124
-24.271
-16.864
30.938
50.572
52.449
-53.254
-54.597
-18.975
3.8735
-59.974
-52.08
-33.985
-28.407
-8.0293
-1.5244
23.604
36.345
40.619
8.5441
-51.211
-14.533
-17.784
-43.751
-34.006
-59.98
-59.985
-59.984
-59.983
-59.981
10.688
10.237
-56.739
-59.991
-59.994
-56.747
9.972
-40.49
11.687
14.071
14.516
41.703
6.5635
42.867
16.086
8.4242
-3.0596
11.372
7.9515
31.303
26.034
6.6339
-53.468
-7.5396
33.458
11.131
14.283
19.105
26.773
16.338
3.3588
21.659
47.031
-9.3213
50.526
39.87
45.538
24.826
-1.2775
9.7793
30.492
33.047
6.5035
-29.94
59.926
59.896
-45.712
34.957
-25.962
-35.443
-43.926
1.7832
-28.408
-10.551
-58.449
38.325
-21.236
10.953
55.234
-43.062
19.253
23.705
55.226
59.894
47.736
41.741
59.881
49.749
37.235
59.857
-2.1025
28.147
20.895
8.9819
12.781
10.01
18.81
35.966
0.4902
-19.622
-32.94
-8.0431
-38.971
-13.893
-30.062
0.89975
-8.7049
36.447
6.4517
0.0067543
10.629
29.963
-12.883
4.3181
4.2087
41.145
6.666
36.419
-56.089
-37.434
-12.474
27.028
-32.603
-43.802
-58.836
-56.738
-51.903
-0.060589
3.829
36.412
-0.34868
31.874
-23.498
-21.607
-13.309
-17.429
-39.892
-45.691
-44.58
-13.266
-34.857
-47.416
-42.855
-14.716
-31.27
-9.1628
-55.911
-44.892
-37.973
-24.063
-32.379
-41.408
-29.347
-39.002
-25.229
-34.19
-13.361
-58.73
-38.932
-53.512
-58.669
-59.874
-59.961
-37.494
-59.844
-59.775
-59.762
-59.745
-59.515
-58.5
-59.954
-59.939
-59.906
-59.933
-42.98
-49.702
-58.892
-58.836
-39.262
-44.759
-59.855
-42.282
-59.96
-59.957
-37.472
-59.922
-59.336
-59.931
-59.901
-59.913
-59.686
-59.637
-55.273
-59.692
15.243
-59.656
-59.75
-59.821
-41.957
-59.691
2.3281
15.613
28.754
2.3079
32.675
-59.791
11.161
-59.897
50.365
-59.757
6.3462
-15.642
45.88
-6.8959
-59.693
-59.617
1.9196
-46.181
-59.672
-6.8162
-37.636
6.3927
-46.348
59.383
59.459
59.645
59.411
59.767
59.486
59.534
59.842
59.683
59.896
59.636
59.609
59.786
59.861
59.834
59.887
42.18
51.051
-2.1096
2.2971
2.3417
59.759
59.896
28.882
24.487
11.181
59.887
55.489
59.884
51.056
59.893
42.197
15.585
15.632
59.893
51.052
37.772
28.915
59.892
59.911
59.896
59.91
59.896
59.915
59.911
59.72
59.87
59.902
59.692
59.901
59.895
59.711
59.308
59.542
59.913
59.879
59.795
59.904
59.904
59.901
59.904
59.901
59.905
59.902
59.905
59.91
59.905
59.901
59.919
59.91
59.933
59.914
59.776
59.91
59.922
59.919
59.923
59.913
59.932
59.929
59.92
59.92
59.93
59.919
59.927
59.92
59.92
59.914
59.919
59.922
59.94
59.918
51.085
59.91
42.21
15.664
42.228
37.82
56.979
51.103
34.845
59.71
24.522
59.66
37.79
31.794
37.805
28.945
28.93
30.269
51.067
55.505
9.6343
49.377
59.913
59.913
59.904
55.487
59.904
55.482
24.492
15.647
11.209
11.227
-2.0683
2.3692
8.1089
2.3515
27.218
47.852
25.718
-10.926
22.715
54.197
59.484
51.719
53.508
48.995
39.517
48.053
44.853
59.534
43.353
59.138
58.884
59.568
46.089
30.039
51.457
59.61
44.037
17.275
36.618
23.331
35.248
25.166
27.229
23.741
33.366
28.839
29.098
23.895
27.888
30.678
37.169
26.053
32.431
22.96
36.204
34.351
33.466
42.868
36.918
46.318
31.569
46.508
33.149
44.471
45.489
48.044
40.893
53.156
41.417
53.22
26.294
42.844
33.39
39.827
30.562
52.321
29.627
45.236
59.235
55.207
53.375
51.135
53.984
42.99
38.737
49.822
35.861
58.665
33.599
25.875
27.655
46.945
39.098
29.918
27.751
40.14
43.366
32.96
26.833
31.124
30.528
41.613
21.186
40.295
35.765
46.17
-2.086
-12.525
-15.363
-14.051
-10.993
0.54851
-28.685
-3.8774
-18.586
52.018
12.293
44.636
22.56
-18.618
-41.971
-39.196
38.732
-25.976
-37.573
-50.864
-15.397
-24.281
-43.568
-34.762
-27.404
-17.144
-9.8056
36.31
25.22
31.35
-0.97164
16.627
9.1857
47.593
25.936
52.844
31.876
17.608
27.547
42.913
31.237
51.153
50.601
55.833
50.825
55.311
55.284
50.209
59.384
52.274
41.79
46.472
45.921
53.756
57.525
18.006
48.636
52.707
52.183
37.816
48.111
-10.228
-59.748
10.873
-46.464
6.7542
35.407
-6.5559
-33.175
38.554
-10.744
-6.577
-33.199
-6.5975
-33.265
-46.487
-59.903
6.691
-46.575
-59.876
-46.554
-45.128
-22.843
11.084
-13.561
5.0332
-19.619
8.297
-28.908
14.348
-7.5121
-1.0163
-23.29
29.237
-6.6218
17.135
4.5883
32.505
26.452
23.188
-1.4579
-0.67793
-7.7904
-0.18414
-7.2962
-29.627
-8.4268
1.3016
0.31111
-10.944
-6.3062
4.0109
-5.81
1.7974
-5.3152
2.2912
-5.483
0.20128
-8.1748
-4.2883
-12.665
-23.441
-17.156
-17.759
-2.3719
-9.9725
1.8388
5.2976
-8.7787
-15.154
-23.914
-6.7344
-16.228
-10.561
-25.202
-3.6835
-14.462
-20.718
-48.374
-32.8
-36.304
-13.134
-17.514
-15.051
-29.1
-19.54
-28.903
-40.236
-25.934
-30.144
-28.948
-21.554
0.80637
-32.333
-19.365
-52.101
-30.263
-21.028
-6.8005
-42.774
-29.133
-44.964
-41.649
-36.544
-25.765
-57.17
-46.622
-54.348
-50.705
-48.701
-59.814
-45.88
-58.582
-41.646
-44.47
-37.699
-45.882
-52.937
-50.115
-40.754
-34.355
-28.124
-21.724
-30.699
-19.704
-29.977
-21.306
-34.378
-25.399
-43.181
-26.297
-50.54
-37.335
-34.56
-36.003
-37.765
-28.216
-35.823
-28.238
-39.502
-58.021
-46.861
-38.057
-58.621
-41.014
-54.942
-57.486
-56.817
-52.708
-40.225
-49.029
-50.113
-47.246
-37.721
-44.086
-37.743
-47.291
-58.58
-53.59
-44.468
-44.042
-50.111
-59.973
-40.234
-44.064
-54.346
-59.984
-57.168
-59.955
-59.979
-59.794
-52.932
-58.578
-54.344
-44.02
-59.891
-59.841
-59.891
-59.969
-58.46
-59.632
-59.628
-59.634
-59.686
36.821
-59.874
-59.75
-59.839
-59.918
-59.893
-59.926
-59.901
-59.944
-59.928
-59.868
-59.949
-59.947
-59.841
-33.244
-59.922
-59.92
-59.744
-46.329
-46.511
-33.223
-59.692
-55.269
-59.845
-59.823
-59.866
-59.85
-52.187
7.976
-58.577
-58.518
24.609
-40.759
-31.859
-28.999
56.256
56.78
44.563
-46.618
32.748
46.538
-2.0537
42.466
-28.421
14.58
-40.448
-51.191
-54.197
-54.139
-15.261
-21.864
-55.211
-55.153
4.5499
-40.138
-57.401
-57.342
37.345
-39.827
-9.6025
31.699
27.787
-9.9126
-3.7432
-48.26
-21.941
-28.111
-52.129
-55.094
-59.061
-57.284
-56.659
-54.08
-59.575
-59.574
-43.395
-27.8
-48.927
-52.07
-48.202
-46.326
-48.783
-44.38
-51.59
-48.428
-42.251
-57.684
-44.525
-58.314
-55.57
-58.202
-50.604
-49.516
-54.886
-53.797
-59.461
-58.373
-59.732
-59.68
-59.738
-59.678
-59.629
-59.002
-59.514
-59.729
-59.792
-59.797
-59.844
-59.884
-59.782
-59.841
-59.836
-59.893
-59.937
-59.886
-59.938
-59.885
-58.576
-59.887
-59.731
-59.784
-59.833
-59.833
-59.626
-59.626
-59.839
-59.783
-59.73
-59.681
-59.835
-59.781
-59.936
-59.953
-54.342
-57.166
-56.685
-48.699
-56.663
-59.939
-59.975
-59.96
-59.978
-53.524
-59.966
-56.729
-53.546
-47.18
-53.568
-47.202
-56.751
-47.224
-47.268
-44.108
-49.751
-58.503
-53.43
-56.387
-57.109
-50.636
-59.467
-59.948
-39.8
-56.041
-56.795
-56.773
-58.476
-53.634
-47.542
-55.559
-49.234
-56.952
-38.552
-59.981
-59.277
-33.751
-33.085
-54.617
-31.393
-42.159
33.278
42.653
-40.826
-52.342
-46.876
-49.9
-36.11
-22.295
-47.772
-59.98
-43.162
-16.429
-52.383
-59.964
-59.983
-49.295
-59.977
-59.972
-59.963
-56.707
-59.958
-59.914
-59.974
-59.93
-59.934
-43.203
-59.895
-59.928
-59.933
-53.947
-59.87
-25.868
-52.423
-17.629
-34.294
-40.116
-20.438
-38.592
-47.813
-49.337
-56.993
-58.516
-44.685
-24.762
-38.468
-24.677
-14.868
-30.726
-1.8947
10.531
-7.4415
18.387
5.5318
23.447
-14.23
-33.982
-29.372
-30.895
-16.733
-17.263
-12.866
-25.056
-15.302
-13.037
3.2055
-5.181
8.266
2.6749
-12.506
-4.1197
0.41001
10.449
-9.2038
-13.17
-10.667
-14.838
-13.7
-11.976
-13.822
2.5238
-16.631
-12.639
-12.012
-26.867
-7.6348
-22.248
-30.487
-59.684
-45.227
-43.531
-27.564
-12.824
-40.722
-21.25
-36.104
-38.912
-29.094
-17.988
-29.495
-18.384
-35.796
-15.338
-35.249
-45.953
-34.044
-51.849
-34.447
-51.706
-35.65
-46.757
-29.897
-47.158
-36.046
-53.313
-57.914
-52.913
-59.851
-47.559
-59.74
-59.789
-52.54
-47.95
-58.773
-59.402
-56.884
-52.108
-52.709
-51.306
-58.084
-46.355
-58.484
-52.511
-57.114
-37.849
-45.15
-48.212
-50.556
-35.288
-57.973
-58.602
-41.964
-44.237
-44.353
-48.096
-35.576
-28.756
-38.472
-32.591
-43.264
-37.383
-37.561
-28.9
-31.357
-31.662
-46.624
-40.941
-42.403
-46.117
-31.077
-40.17
-23.838
-34.223
-36.149
-35.243
-47.443
-37.057
-50.904
-38.63
-18.052
-25.327
-24.244
-30.877
-24.583
-23.578
-31.029
-30.268
-23.287
2.1046
-23.423
2.9052
-5.0507
-18.915
-18.391
-22.632
-4.4064
-20.836
-4.8746
-18.075
-1.5656
-1.9864
-7.3775
-4.9753
-19.077
-0.99689
-18.67
-3.2546
-15.033
-7.2016
-9.5472
-7.9461
-3.8378
-1.4348
-3.8495
-3.0365
5.6441
-5.4018
-15.24
32.687
-3.6166
-6.8089
-7.9707
4.6665
-7.1517
-9.7792
-7.2155
7.0765
-2.4678
-0.86591
2.6733
3.0691
-5.7511
7.0136
-14.723
9.9965
6.4447
8.6209
-14.605
3.3577
-21.954
-29.027
-28.486
-30.598
-14.782
12.182
-35.144
12.194
-30.741
-23.754
-37.417
-27.179
-42.399
-27.488
-34.661
3.1036
-36.596
-21.009
3.1622
13.41
-5.8684
16.558
-8.9815
18.746
-3.1233
24.067
-39.526
-21.32
8.9055
27.2
-42.457
-39.516
26.054
33.785
14.763
31.175
32.846
22.881
26.565
26.275
12.787
26.475
13.713
23.128
17.164
23.431
16.278
16.152
26.973
23.242
33.439
22.744
36.671
26.058
57.087
41.986
42.248
32.777
30.726
39.935
27.14
25.771
24.239
27.472
14.04
33.493
13.544
6.5798
13.046
2.8506
6.2459
2.8816
3.1284
-4.1355
38.146
6.9636
45.565
5.4912
19.492
19.904
32.515
6.5593
59.894
59.965
56.323
59.886
59.965
59.951
59.926
59.961
59.911
59.919
59.869
59.844
58.374
59.81
47.355
33.905
59.76
59.819
56.839
52.992
53.954
59.668
59.735
59.693
59.931
59.969
59.931
59.944
59.949
59.961
59.933
59.974
59.794
59.836
59.937
59.96
59.923
59.954
59.923
59.92
59.938
59.966
59.937
59.941
59.925
59.928
59.94
59.936
59.936
59.925
59.93
59.955
59.938
59.933
59.952
59.934
59.944
59.945
59.937
59.956
59.942
59.928
59.945
59.936
59.938
59.937
59.933
59.931
59.931
59.931
59.938
59.947
59.94
59.936
59.941
59.909
59.948
59.901
59.946
31.489
59.942
59.911
59.943
59.9
59.945
45.489
59.934
59.957
59.914
59.939
4.2542
46.726
-15.649
-19.49
-10.571
-10.984
-30.184
59.936
47.986
59.924
31.076
59.932
17.056
17.449
18.748
59.925
-12.201
1.8378
3.0171
-11.808
3.4295
-30.598
6.832
36.07
-26.757
-8.667
59.914
58.8
41.477
59.93
12.239
59.892
59.904
59.908
59.916
59.931
59.933
59.937
59.898
59.919
59.933
59.924
59.935
59.929
59.934
59.919
59.912
59.911
59.92
59.922
59.911
59.899
59.881
59.893
59.921
0.32257
23.052
-17
59.894
59.901
59.886
59.885
28.479
59.9
59.882
59.873
59.894
59.887
59.881
-9.4546
59.878
10.743
-13.847
44.739
59.864
59.877
15.478
59.872
39.334
59.88
-19.166
-6.1868
-48.411
-28.916
-39.77
12.968
-39.375
1.2442
30.465
-39.519
27.752
-22.01
-19.792
-42.245
-2.3012
-35.059
-0.075864
-15.348
16.563
45.823
-39.729
52.311
21.99
51.251
5.7291
57.739
59.906
59.889
34.968
29.561
-53.222
-10.491
2.2309
-41.459
-27.42
-27.027
-25.809
-37.864
-28.396
-26.169
15.911
4.3771
-6.4394
2.3814
-13.031
-7.3332
-13.206
-6.3632
-21.711
-19.483
-7.7701
-10.597
-14.082
-14.257
-15.421
-22.293
-17.712
-17.534
-10.18
-15.405
-11.519
-16.101
-9.2289
-15.761
-7.1455
-14.494
-13.556
-11.734
-19.045
-13.525
-10.302
-12.216
-4.9877
-9.5688
-5.3017
-6.1052
-13.829
-9.0311
-5.9505
-6.3864
-15.653
-15.895
-0.84272
-9.1231
0.022708
-4.6134
-1.5749
-3.7698
-8.0394
-3.2247
-10.093
3.521
-8.3388
-8.9707
-13.673
-15.463
9.7065
14.222
3.5019
8.0174
6.5633
19.649
2.6797
13.653
0.16848
7.4487
-2.7835
4.5268
-0.72907
5.2864
3.9087
15.343
6.5809
-0.044745
4.848
0.41089
1.0744
-4.7014
-0.02327
-1.8131
2.8573
1.4958
0.44377
-2.0357
-5.7176
-5.9305
-6.5611
-6.589
-10.317
-7.3916
-4.9835
-7.9175
-13.897
-14.781
-1.372
-5.1557
-3.8185
-4.4772
-3.3529
-4.0041
-1.8276
2.4016
-5.2619
-5.5429
-6.1734
-6.4546
-6.6292
-8.5602
-2.2032
-6.0669
3.3148
-2.1462
-4.9435
-4.8753
-11.084
-5.6111
-14.904
-8.9439
18.175
11.042
5.5974
7.3372
7.1817
0.61876
5.9673
5.3038
3.7317
11.219
6.2273
10.599
15.163
13.361
7.2909
13.538
6.4043
4.0853
23.47
36.259
20.318
32.376
31.255
32.919
37.101
31.237
1.0222
41.025
18.214
25.981
31.003
19.586
27.12
13.191
17.998
17.075
24.609
13.184
14.33
10.865
11.819
21.547
9.0746
7.9355
-6.5782
26.012
19.29
17.421
-21.698
26.173
13.608
41.153
20.725
25.494
16.503
59.87
8.7033
-0.9472
-22.488
-0.78027
-34.29
-1.5099
59.861
59.868
32.822
12.108
59.874
55.551
29.539
10.051
3.4546
54.448
42.429
55.462
25.001
25.147
6.1392
-11.528
21.242
40.778
33.794
22.654
51.07
37.891
38.037
29.247
41.474
26.37
55.319
24.852
40.226
50.927
42.14
28.923
40.363
-0.18115
30.642
11.24
14.283
21.515
21.107
24.557
25.696
33.981
37.632
24.955
24.842
18.447
22.331
20.494
3.287
30.098
28.725
16.684
3.8646
31.78
35.962
25.811
36.492
16.418
27.587
35.354
34.823
14.896
27.451
7.0247
21.248
5.5039
11.854
1.5471
-3.1019
-4.9038
0.38486
8.9542
20.376
28.048
23.418
32.089
10.067
0.38039
-18.809
-11.586
0.77359
20.699
20.838
2.8611
10.093
55.176
37.745
34.029
55.033
56.749
0.51407
39.823
39.959
39.602
0.13391
-19.144
-19.948
1.9867
-8.5435
7.8977
1.7223
5.1171
12.005
19.461
19.37
-44.661
19.923
-19.406
-39.062
-35.844
-51.884
-30.214
-29.947
-39.327
-38.614
-24.051
-12.258
-32.718
-18.155
-26.823
-20.928
6.7594
-7.1966
-3.6653
-15.563
0.39621
-9.5804
-13.177
-21.545
-3.0878
-27.52
-19.158
-3.6723
-25.131
-1.3478
-4.25
-31.111
-33.494
13.809
-5.4006
11.028
-4.8219
25.267
5.2376
20.981
-2.6342
11.589
-2.503
-1.9326
-6.0439
-1.9396
-14.396
-20.665
-18.001
-28.794
-20.374
-27.856
-19.727
-30.796
-39.213
-7.2761
-55.697
-25.802
-43.344
-2.5172
-12.022
-2.5242
-23.979
-26.353
-37.092
-30.67
-39.477
-45.458
-43.071
-51.439
-32.331
-51.585
-39.737
-38.799
-48.793
-43.529
-37.294
-14.696
-22.379
-37.783
-20.521
-2.4848
0.56594
-21.506
-8.3284
-14.173
-4.4877
3.0865
-15.712
-3.0102
-14.719
2.2649
-31.548
-34.927
-26.291
-27.252
-18.405
-16.208
-14.118
-10.383
-4.5425
-9.8796
-4.0392
1.2993
5.6305
4.8749
8.3453
9.1799
8.1195
7.3914
-14.589
11.696
2.2401
12.424
-14.1
-14.432
-18.874
2.3975
-26.822
-22.848
-18.561
-1.5737
-10.146
-6.017
-46.927
-47.865
-35.985
-31.265
0.3778
-11.597
-0.78445
-0.20677
2.1177
-9.7216
-3.0909
-39.37
-8.7837
-35.239
-25.981
-25.043
-34.111
-15.04
1.4901
-17.851
-0.95624
-16.914
-1.4121
2.6952
-2.8112
1.533
-0.29274
4.4352
-2.7391
2.6093
-0.50038
1.9458
-3.4026
0.16312
-3.9302
-2.2832
-4.4897
-2.947
-5.2239
-5.3301
-6.9091
-4.0359
-19.032
-12.133
3.902
-6.4891
7.4482
0.47664
-10.618
-10.461
-2.046
-6.1747
4.9199
5.7223
8.5042
1.4946
12.162
12.488
13.881
6.5044
14.984
18.882
18.512
19.205
18.296
16.906
17.648
16.521
19.316
19.685
9.6482
9.2289
2.4209
4.6896
-19.249
-16.976
-7.5062
16.817
16.166
15.057
16.013
18.143
17.926
15.797
16.753
18.576
17.403
16.536
17.123
16.383
-0.93056
4.2718
5.483
-2.6449
11.087
-1.6646
14.904
14.318
8.8137
-4.7631
17.492
15.427
15.644
15.274
6.2268
10.304
12.19
4.0085
13.741
15.264
15.827
8.7465
16.258
12.82
9.3679
11.76
10.772
9.5757
9.3263
8.5153
8.2352
9.3402
10.758
3.1586
7.9361
-12.164
10.775
4.2758
12.204
0.80225
-1.1199
-27.475
6.5182
-37.237
-18.664
-12.15
3.6964
-7.0409
5.1143
16.689
0.62033
-1.9588
-35.137
-19.811
-52.275
-52.275
-47.097
-41.636
-14.702
-52.275
-22.364
-41.917
-27.7
-47.698
-22.194
-46.858
-46.017
-38.917
-42.279
-50.218
-40.599
-51.06
-18.185
-43.335
-26.81
-48.538
-24.713
-41.44
-17.447
-38.077
-14.248
-39.758
-15.929
-0.039319
-15.089
-0.56409
-23.034
-16.769
-23.873
6.594
-17.816
-18.551
-26.443
-8.8596
-27.195
-3.287
-33.278
-12.708
-23.855
-27.703
-20.324
-44.724
-51.592
-53.966
-29.55
-39.54
-29.818
-37.842
-17.394
-36.379
-18.089
-31.518
-20.984
-35.909
-21.618
-9.5167
-23.065
-28.355
5.0542
0.10364
-20.17
-13.691
-13.971
-16.556
-6.7299
5.3576
0.56134
8.4899
4.685
-4.5288
7.3448
-0.26512
3.5399
0.88004
-10.984
-7.875
-16.677
-2.9249
1.5898
-4.0701
5.9155
-2.9447
11.386
-8.6734
9.5023
-12.441
-0.20305
-14.235
4.1227
-3.7898
3.9086
-5.5837
1.2492
0.4728
-2.5558
-5.9919
-6.3607
-1.8175
-12.75
1.6179
-3.7013
-11.311
-10.166
-19.536
-13.984
-7.6344
-6.6937
-14.455
-14.925
-4.8718
-9.8102
-10.281
-8.5756
-5.6358
-8.105
-5.1652
-7.1639
-2.5658
-6.1064
-10.751
-6.5769
-9.7318
-5.6224
-11.224
-6.9198
-1.674
-2.9895
0.036636
-2.1128
-13.864
-1.4698
-0.96293
-0.57798
-9.7261
-2.7801
1.6141
-1.228
-26.777
-14.356
-12.041
-5.7589
-15.356
-6.0907
-11.052
-3.9417
-10.223
-3.7756
-15.291
-18.34
-23.965
-14.036
-5.0482
-18.169
-12.024
-18.168
-15.144
-4.8691
-19.899
-27.896
-20.777
-37.753
-26.807
-38.632
-28.441
-37.05
-34.613
-32.594
-35.557
-26.474
-32.745
-28.268
-31.253
-17.823
0.53594
-19.617
-2.187
-4.8457
-2.5346
-35.573
-8.1155
-22.149
-24.137
-22.644
-4.8043
-9.3418
-12.029
-16.567
-15.576
-11.61
-9.7589
-26.061
11.626
21.075
-8.3515
2.8401
20.428
16.654
20.272
19.038
-4.3842
5.1097
16.065
-1.9309
15.004
7.0962
-2.9488
10.616
-1.1284
11.672
-5.5715
-0.64777
-6.374
6.0402
-4.5539
13.784
1.4642
14.84
19.997
18.044
15.889
-2.5874
-0.69399
6.0999
-7.9793
-3.5359
-8.7819
-4.3386
-19.233
-11.258
-11.316
-13.379
-22.37
-18.54
-6.22
-1.1265
-20.671
-14.047
-26.228
-19.052
-20.554
-11.21
-13.446
-10.05
-23.391
-22.802
-22.724
-30.026
-33.281
-23.792
-25.56
-10.543
-28.397
-31.725
-32.741
-37.251
-4.9523
-6.5252
-17.718
-7.7058
-19.744
-0.8584
-5.5367
-18.171
-16.883
-26.394
-16.215
-10.619
-13.014
-35.31
-8.373
-12.192
-7.7641
-14.6
1.5792
-10.387
-21.057
-12.372
-12.207
-16.038
-18.122
-19.165
-19.236
-20.989
-21.463
-11.427
-17.94
-8.7513
-19.579
-10.741
-32.962
-22.576
-29.785
-15.468
-20.921
-24.569
-31.73
-29.621
-19.595
-22.08
-24.501
-22.224
-26.326
-26.711
-26.099
-24.986
-38.712
-29.965
-27.441
-37.827
-26.671
-17.056
-25.853
-19.399
-17.859
-16.286
-9.3586
-7.7857
-3.6918
3.3578
-21.005
-31.39
-28.693
-17.185
-12.504
-17.586
-12.234
-3.2378
5.5563
-6.2702
-5.3968
-9.3027
-2.7072
-3.5868
-15.096
7.7614
-4.0717
-6.3846
-12.624
-17.214
-8.9519
0.44839
0.32531
-0.77832
-2.0445
-0.72113
4.8387
-19.831
2.9675
3.5479
-5.8793
-23.735
1.0964
-1.9761
-22.473
-8.1201
-2.9222
-16.759
-11.193
-0.50864
-17.337
-3.5411
-19.489
-6.5736
-17.997
-8.7723
-14.265
-5.7396
-19.66
-21.241
-7.9082
-8.074
-1.1287
-7.5767
-15.672
-14.771
-5.2953
-5.2613
0.80432
-5.0952
-0.18643
3.7362
5.9141
8.7966
-9.6065
-15.368
-14.24
-16.202
-7.1042
-11.805
-10.137
-12.336
-4.6504
0.94065
11.061
16.55
8.4677
13.004
26.681
37.336
13.491
22.21
19.159
32.967
11.635
32.348
6.5863
19.776
10.174
12.255
2.3689
15.56
24.146
10.957
4.9208
-0.46439
18.112
10.82
1.1682
-2.9462
7.0769
5.1641
14.708
5.4975
6.9784
10.794
24.011
9.021
12.772
6.1852
5.9673
8.9137
12.228
14.553
12.156
12.674
10.105
10.622
12.962
14.38
14.694
16.258
21.982
20.194
17.247
29.974
20.441
24.48
16.227
22.036
18.9
6.2552
25.755
20.363
11.087
15.196
11.368
12.908
4.1105
10.396
4.6953
3.5544
5.6088
9.7145
14.167
0.12997
12.83
5.2971
3.0752
-0.46696
0.63834
4.454
13.788
8.6942
5.7347
1.3769
1.5995
-0.24083
11.38
4.6801
25.691
14.296
6.5061
18.992
40.003
26.308
34.82
20.202
31.522
21.127
19.526
19.894
24.767
10.623
20.536
12.923
20.818
6.1983
39.694
10.764
25.382
10.456
11.072
9.1278
7.5566
10.573
20.51
25.074
24.776
10.086
9.002
12.805
13.283
12.019
34.156
9.8538
6.2368
11.996
28.403
11.394
24.457
14.727
7.7292
4.9063
7.028
4.0359
12.898
7.1229
10.608
5.5121
19.599
8.9092
15.484
11.346
29.333
36.608
6.4723
17.164
26.893
39.03
19.585
22.022
30.343
36.713
46.307
34.173
37.525
31.736
53.295
36.593
17.148
29.3
31.721
26.863
25.395
9.9132
18.724
11.359
15.334
22.387
20.062
18.531
35.733
21.73
37.869
23.892
24.738
14.712
43.907
23.234
37.235
26.899
38.739
29.907
53.28
51.008
37.897
42.404
12.417
32.17
41.597
34.229
46.142
41.222
54.686
56.703
53.003
54.708
44.147
40.156
49.368
51.355
48.73
41.747
46.408
48.03
46.915
40.243
43.447
39.674
42.189
42.475
39.229
42.11
36.185
40.243
45.15
45.07
14.901
10.323
33.223
28.64
3.5759
-2.0018
9.2398
2.9299
15.508
9.9651
16.781
12.801
19.789
17.74
21.523
27.827
30.262
25.71
33.305
26.569
30.787
36.267
27.013
26.921
33.751
35.455
18.515
18.976
23.669
21.168
10.77
8.2252
15.967
17.701
27.382
24.896
2.2414
3.101
4.1209
4.4655
1.9124
3.7887
6.4897
8.3975
1.6853
3.4554
4.1222
2.7677
2.0595
-0.13205
2.4329
-0.33678
0.37126
-0.7821
1.059
-3.5815
1.3923
-1.7821
0.74532
2.0691
4.7567
6.345
0.72287
-3.4103
4.3065
7.7629
0.31358
-2.5195
-4.2241
-7.1896
-3.7546
-10.854
-14.742
-8.3983
-18.271
-9.1334
-25.96
-15.374
-27.41
-16.821
-12.719
-10.921
-20.363
-29.501
-5.452
-8.3933
-4.188
-14.701
-1.3574
-7.6649
1.4738
-2.7302
6.3827
3.5674
34.319
27.751
14.607
7.852
12.886
6.1301
-10.496
-5.5622
-4.8321
0.10173
-14.993
-1.3102
-13.111
-4.3066
-9.1789
-8.0657
-5.2485
-0.3724
12.345
10.722
1.0961
0.76732
11.263
8.2941
-23.799
-18.568
-10.064
-15.934
-1.5628
-12.004
-35.093
-36.824
-27.732
-27.071
-29.131
-36.155
-22.858
-17.604
-23.88
-34.33
-19.992
-27.327
-22.431
-34.443
-25.466
-37.611
-28.305
-31.281
-37.894
-32.98
-30.48
-29.034
-14.714
-19.085
-10.463
-21.855
-5.4419
-19.93
-7.3557
-6.211
-39.304
-40.913
-32.732
-3.3461
-24.421
-26.515
-33.634
-16.941
-30.606
-21.367
-22.255
-3.5286
-2.7467
-7.719
-23.698
-13.041
-15.677
-4.2967
-11.184
-1.9594
-8.4878
-9.2699
-13.097
-15.008
-16.269
-10.752
-8.8269
-2.0287
-4.5489
-2.8629
-6.1282
-5.8119
-11.586
-7.7115
-6.5739
-7.1739
-12.312
-4.2174
-3.0913
-13.352
-2.3044
-9.1006
-5.0049
-4.8489
-6.9176
-0.72973
-10.086
-3.8979
12.047
3.3232
33.967
18.563
46.952
41.819
47.479
31.805
40.775
43.706
48.839
53.439
21.812
28.307
33.44
30.365
5.861
4.175
14.598
12.899
15.438
32.885
56.987
24.162
32.051
36.686
38.573
41.615
48.305
59.072
58.23
52.803
59.488
59.898
59.939
59.939
58.64
59.939
56.129
58.883
56.571
59.057
55.301
54.889
49.875
49.462
54.474
51.879
53.632
49.24
53.452
48.214
53.217
55.037
55.025
52.932
54.043
54.493
55.714
54.866
56.07
58.018
56.583
53.459
50.493
56.579
56.327
47.68
32.887
49.7
51.899
47.834
47.791
49.786
49.087
50.307
50.646
36.397
39.1
44.233
42.346
23.701
20.995
26.948
26.673
21.532
15.854
38.377
31.264
38.019
36.938
41.337
42.07
45.391
41.53
37.283
33.428
40.608
47.622
24.774
22.61
24.233
28.287
29.906
30.627
29.365
33.587
34.506
36.552
45.435
46.164
43.568
49.547
48.395
49.489
49.124
51.106
44.662
46.529
51.413
53.919
54.379
53.766
52.359
52.053
52.82
52.513
55.786
50.717
55.632
55.326
39.005
33.093
22.744
16.537
47.278
49.495
24.811
57.769
-2.0612
-2.0801
4.1125
35.15
18.603
10.32
-10.754
-4.1609
1.6298
-25.484
-36.265
-59.975
-59.968
-59.968
-59.967
-59.972
-55.228
-50.489
-59.97
-59.973
-31.017
-22.342
-29.174
-31.035
-41.803
-43.378
-39.954
-36.814
-59.969
-55.226
-59.972
-57.601
-59.97
-59.972
-59.968
-59.971
-59.967
-59.969
-22.361
-31.054
-45.513
-39.716
-54.187
-48.39
20.669
14.452
-8.3023
-14.528
12.395
18.594
-19.441
-19.459
50.605
49.64
41.366
47.565
56.595
57.584
58.073
55.97
58.879
51.952
33.084
26.867
27.925
39.914
-2.1042
7.9744
-28.159
3.9561
31.918
43.923
-6.2541
-4.0473
59.501
58.049
59.014
59.467
55.914
59.489
43.906
51.895
51.917
59.939
39.929
15.961
3.9634
19.954
19.938
-8.3295
-16.029
-8.0256
-20.007
-48.427
-43.993
-57.086
-59.959
-59.958
-59.963
-59.957
-59.961
-59.959
-59.963
-59.957
-59.964
-59.958
-59.962
-59.959
-39.734
-35.226
-37.301
-41.402
-16.603
-20.745
-48.409
-45.532
-57.089
-54.206
-59.965
-57.108
-59.967
-59.96
-59.967
-59.958
-59.965
-59.961
-59.935
-59.963
-59.914
-59.85
-59.955
-59.944
-59.954
-59.944
-59.963
-59.966
-59.961
-59.959
-59.961
-59.962
-59.959
-59.954
-59.955
-59.957
-59.955
-59.952
-59.956
-59.958
-59.954
-59.953
-59.932
-59.853
-59.888
-59.827
-59.818
-59.911
-59.885
-59.879
-59.897
-59.722
-59.801
-59.749
-59.781
-59.78
-59.775
-59.663
-59.831
-59.658
-59.679
-59.906
-59.903
-59.867
-59.791
-59.759
-59.919
-59.879
-59.876
-59.844
-59.871
-59.674
-59.876
-59.827
-59.849
-57.689
-59.593
-59.609
-55.848
-58.606
-45.971
-59.865
-59.949
-59.824
-59.855
-59.86
-59.883
-59.813
-59.77
-59.754
-59.695
-59.945
-59.92
-59.933
-59.93
-59.964
-59.962
-59.946
-59.936
-59.966
-59.968
-59.967
-59.964
-59.965
-59.964
-59.946
-59.93
-59.917
-59.912
-59.936
-59.941
-59.962
-59.899
-59.958
-59.969
-59.955
-59.947
-59.957
-59.966
-59.941
-59.952
-59.96
-59.959
-59.796
-59.919
-59.932
-59.871
-59.887
-59.866
-59.763
-59.791
-59.894
-59.901
-59.816
-59.705
-59.775
-59.847
-59.615
-59.689
-59.291
-59.746
-54.927
-59.643
-50.33
-32.411
-52.169
-59.693
-33.332
-59.882
-59.849
-59.801
-59.813
-47.577
-39.533
-36.779
-40.454
-26.898
-29.657
-17.938
-30.574
-9.1678
-19.776
-20.696
13.587
-29.76
-35.424
-9.3525
-53.778
-24.091
-27.868
-59.987
-46.656
-59.983
-22.204
-37.696
-18.425
-27.819
-59.899
-59.991
-59.896
-59.846
-59.949
-59.916
-44.819
-56.537
-59.985
-59.985
-59.989
-59.988
-59.991
-59.982
-59.988
-59.987
-59.986
-59.969
-59.974
-59.976
-59.978
-59.972
-59.99
-59.976
-59.988
-59.977
-59.953
-59.967
-59.95
-59.966
-59.963
-59.953
-59.955
-59.95
-59.967
-59.983
-57.602
-55.231
-59.956
-59.957
-59.977
-59.981
-59.974
-59.975
-43.381
-48.122
-51.086
-57.604
-29.156
-33.896
-41.009
-41.007
-55.23
-50.488
34.058
6.6189
-18.089
-23.635
51.604
43.33
31.017
32.948
14.258
35.057
3.4784
19.798
-7.3085
7.169
-9.1503
-3.618
-19.937
-12.556
-19.666
-33.899
-26.783
-22.038
17.949
20.555
24.819
25.31
30.731
20.582
23.725
18.97
9.0108
12.701
14.814
-59.991
-7.816
-14.93
-59.977
-59.977
-54.64
-59.978
-29.753
-42.194
-59.977
-59.977
-59.989
-59.969
-59.965
-59.965
-59.984
-59.977
-59.987
-59.984
-59.99
-59.978
-59.991
-59.984
-59.984
-59.994
-59.993
-59.99
-59.98
-59.995
-36.862
-17.299
-59.969
-59.97
-22.04
-47.529
-59.977
-59.97
-12.563
-31.527
-35.081
-49.303
14.55
13.721
-0.7031
-24.417
9.3024
10.059
13.229
18.477
-3.077
10.92
-11.963
-4.8509
-22.642
-27.964
-42.193
-33.293
-10.189
-29.738
-15.518
-22.627
0.47764
7.4536
-24.632
-7.0872
-59.962
-59.962
-40.419
-45.741
-59.969
-59.963
-54.639
-58.194
-59.969
-46.982
-24.278
-43.758
-53.486
-59.976
-59.983
-59.977
-59.984
-59.983
-59.984
-59.987
-53.489
-56.743
-53.496
-59.99
-59.989
-59.99
-59.98
-59.98
-59.981
-59.981
-59.981
-59.983
-52.434
-59.981
-59.987
-59.984
-52.43
-56.209
-59.994
-59.992
-59.987
-59.988
-59.984
-59.986
-59.985
-59.994
-59.985
-59.983
-59.989
-59.993
-59.984
-59.985
-52.428
-59.913
-59.966
-54.699
-59.982
-59.98
-59.982
-59.963
-51.941
-46.759
-41.097
-29.762
-33.541
-10.494
-41.095
-43.901
-35.426
-33.539
55.407
13.206
13.772
36.525
12.444
-27.87
-11.073
-10.31
36.71
35.95
13.01
11.018
50.982
-39.205
-34.957
-10.876
-11.454
-50.539
-52.432
11.078
28.787
51.013
37.685
12.629
24.365
55.423
24.399
42.121
28.824
50.998
15.538
55.439
24.414
-37.797
-59.981
-15.605
-35.535
-46.763
-50.54
15.511
11.102
-59.98
-59.981
-59.983
-59.982
-59.983
-59.984
-59.981
-59.982
-59.982
-59.981
-59.981
-59.98
-59.984
-59.983
-59.984
-59.986
-56.211
-56.213
-59.983
-59.983
-24.399
-11.113
-53.485
-59.981
-59.98
-59.982
-59.982
-59.983
-59.986
-59.984
-59.985
-59.984
-59.982
-59.986
-28.822
-28.882
-11.045
-2.1997
2.2569
11.118
-15.496
2.2412
24.43
37.717
42.136
28.84
55.454
42.168
42.152
55.473
28.895
51.052
51.029
24.49
15.579
37.737
24.48
-2.1636
-2.1842
11.212
11.153
-28.748
-15.481
24.467
15.636
28.912
37.766
51.029
42.198
55.427
50.957
-15.432
-2.0487
42.152
37.743
37.633
50.76
51.005
42.175
-28.63
-2.0717
2.3501
11.181
-55.385
-59.886
-37.59
-11.006
-10.946
-2.1047
-59.979
-59.976
-59.898
-59.923
-59.947
-59.954
-59.861
-59.809
-59.881
-59.962
-59.869
-59.949
-59.974
-59.967
-59.974
-59.967
-59.941
-59.929
-59.979
-59.983
-59.971
-59.978
-59.855
-51.023
-50.963
-42.108
-59.904
-59.921
-59.986
-59.916
-59.981
-59.984
-59.981
-59.984
-59.981
-59.958
-59.981
-59.981
-59.981
-59.982
-54.598
-59.981
-57.288
-58.634
-18.33
-32.592
-46.286
-50.564
-59.981
-59.981
-59.982
-59.977
-59.98
-4.9532
-59.977
-59.972
-59.964
-59.975
-59.965
-59.97
-54.598
-32.84
-59.923
-45.183
-46.527
9.0591
-49.216
-49.217
-59.865
-57.288
-55.731
-42.492
-18.493
9.2218
-33.074
-45.182
-37.111
-46.526
-5.0387
23.32
-18.741
9.3073
23.483
36.517
-4.7125
9.4708
-18.819
-4.558
24.447
-18.748
21.192
-8.0156
-4.7905
9.548
-32.755
-41.146
-18.579
-18.253
-32.515
-32.352
14.698
4.9629
4.9494
-1.531
-4.4808
-8.0355
-46.981
-42.466
11.46
-21.003
-27.503
-40.476
-14.519
-27.502
4.9458
-24.275
-8.0392
-14.53
1.6988
-4.7917
-32.266
-46.364
-27.515
-59.982
-58.635
-59.981
-59.981
-59.981
-59.981
-59.981
-59.981
-59.982
-59.982
-57.289
-59.981
-59.981
-56.735
-37.256
-59.983
-46.991
-59.982
-58.636
-46.994
-40.402
-59.984
-46.998
-59.985
-59.987
-59.981
-59.981
-43.754
-34.009
-59.987
-59.989
-34.013
-27.519
-40.508
-59.983
-37.264
-37.26
-58.179
-59.969
-33.994
-53.478
-42.409
-59.962
-21.015
-34.003
-10.777
-52.85
-56.404
-51.069
13.747
-24.863
-38.628
-6.8565
-35.074
-20.853
37.738
21.452
7.0005
10.016
21.434
19.217
35.746
26
47.839
33.528
35.438
49.734
35.129
39.665
1.7493
8.3979
-25.315
-27.155
-9.3783
-7.7602
-12.502
-14.1
-42.64
-43.091
54.93
55.004
55.297
50.753
50.057
40.311
-12.672
3.6752
33.449
15.673
33.303
33.2
59.834
50.187
28.381
28.332
59.842
40.571
41.288
25.916
47.79
59.943
4.2222
13.772
11.498
21.056
35.599
18.766
-0.71179
0.41874
13.845
-2.0202
35.65
21.339
42.919
28.607
35.875
11.948
26.26
21.565
-2.2352
1.1619
10.393
2.8602
21.113
6.8019
7.6633
2.8752
-3.934
3.5988
-0.89839
46.789
3.8354
0.40401
2.1818
15.447
5.3755
1.0197
2.2581
16.065
8.8048
1.272
10.859
3.3254
37.201
27.898
4.7295
25.445
31.834
20.267
31.302
25.962
39.164
39.153
48.591
35.401
54.278
41.088
17.92
46.156
17.301
38.635
28.761
38.016
37.626
31.11
34.099
12.958
41.963
7.416
-24.077
56.837
15.012
53.712
58.518
54.463
46.506
53.06
11.16
33.611
36.403
18.268
48.963
3.0635
56.637
23.588
39.114
22.969
31.437
7.9244
-3.6973
-2.1573
55.487
33.632
11.76
18.64
28.378
40.514
40.141
30.298
50.205
46.81
46.014
24.938
57.063
33.247
55.391
37.96
27.024
38.082
23.761
53.312
25.936
45.636
-16.174
24.167
47.462
44.334
-29.034
-0.015003
-11.1
15.319
-35.079
6.1305
-32.309
1.5539
-34.915
-25.363
-6.1486
22.218
15.966
12.84
0.2023
59.835
21.703
52.171
-31.862
4.9096
-21.308
-18.846
-49.72
-43.352
-37.558
-16.481
-36.374
-20.333
-23.893
-8.0894
2.6606
23.899
-13.923
30.783
24.163
18.333
32.459
55.121
43.203
50.252
55.277
59.966
55.269
57.52
34.916
29.078
44.908
55.507
41.153
50.564
36.439
59.935
50.528
59.934
50.514
36.052
23.518
34.14
55.373
55.22
41.81
47.03
55.259
59.958
50.554
59.942
50.544
55.242
57.473
59.95
59.919
59.927
55.074
42.929
59.904
40.468
59.873
59.918
55.335
50.829
59.911
59.888
59.903
59.88
59.872
59.865
18.243
14.554
25.421
-3.584
37.16
50.791
28.11
37.197
0.95999
0.92192
-17.178
-26.197
7.3187
-16.231
4.0561
-24.976
13.712
-10.003
16.232
39.779
7.487
40.656
43.209
41.875
19.959
26.942
51.342
19.696
30.883
50.899
26.053
22.458
24.057
33.424
39.948
29.423
44.096
27.83
45.242
27.385
28.274
53.474
43.652
51.784
-3.8144
18.365
3.4307
17.19
42.32
50.454
-2.4349
21.419
-10.967
-19.54
26.498
3.2943
-28.128
-16.696
-13.771
-36.785
-29.965
-19.192
-36.565
-22.547
-18.747
-25.472
4.7626
20.14
-4.259
-16.818
-4.5265
4.1836
-25.786
-23.505
-17.445
-15.149
-30.456
-17.06
-17.642
8.0127
-9.0681
-2.6155
1.5739
27.008
-6.7933
23.164
-13.25
-10.971
36.429
12.541
41.117
27.695
38.317
14.807
-2.9254
20.585
18.986
8.3623
41.109
50.52
41.133
55.25
27
16.719
41.125
50.536
-13.274
20.791
14.953
16.657
12.202
22.314
27.02
22.305
-34.777
-11.465
-23.094
-0.71461
-20.44
7.5771
-3.1729
13.411
-15.928
10.039
-53.335
-38.231
-42.742
-29.208
-52.467
-40.311
-49.43
-40.598
-52.777
-52.196
-55.798
-46.68
-53.048
-46.967
-50.294
-35.576
-56.663
-48.313
-55.479
-33.974
-41.945
-50.968
-49.095
-36.501
-49.111
-59.417
-44.693
-45.416
-56.302
-47.841
-59.704
-47.884
-50.866
-29.462
-49.514
-26.808
-42.38
-4.0863
-39.027
0.82825
-27.605
-36.631
-22.297
-5.3048
8.1968
24.199
2.5323
22.322
-6.548
-19.643
-28.122
10.074
-3.6121
12.903
-4.2671
-4.8829
-9.1109
5.7576
-10.51
-6.7334
-18.068
-4.9486
-34.334
-24.773
-38.895
-28.979
-15.131
-20.995
-7.9597
-13.861
-55.97
-53.703
-37.17
-35.249
-40.005
-51.95
-43.912
-43.958
-28.508
-43.904
-27.931
-43.826
-32.209
-32.013
-40.015
-46.161
-41.736
-31.9
-35.912
-26.297
-37.697
-36.574
-22.249
-35.834
-21.646
-26.74
-31.55
-35.908
-35.944
-39.975
-39.413
-29.174
-32.018
-26.334
-30.89
-32.329
-22.289
-25.201
-28.053
-10.94
-21.849
-17.815
-25.217
-20.658
-8.4865
-15.159
-12.051
-9.1548
-13.82
-13.334
-29.662
-35.256
-41.804
-19.414
-30.612
-22.152
-36.21
-25.803
-18.464
-13.296
-9.1273
-9.0813
-0.72062
-4.9322
-0.70422
-4.8993
-17.478
-26.785
-21.624
-33.341
-25.013
-17.494
-21.657
-27.746
-38.935
-40.85
-43.814
-47.398
-43.568
-35.346
-44.529
-36.05
-26.437
-35.089
-42.627
-34.159
-36.596
-11.333
-47.439
-52.038
-48.328
-35.429
-47.453
-30.268
-40.221
-37.815
-43.596
-50.919
-49.878
-49.623
-52.992
-46.444
-52.216
-47.484
-46.188
-43.154
-48.534
-55.866
-51.807
-45.338
-53.42
-57.072
-52.179
-58.556
-58.672
-59.007
-58.723
-58.838
-59.337
-59.568
-59.853
-59.737
-59.908
-59.399
-59.675
-59.684
-59.728
-59.176
-59.168
-59.061
-59.506
-59.23
-59.346
-58.999
-59.666
-59.39
-59.72
-59.559
-59.835
-59.898
-59.936
-59.945
-59.93
-59.924
-59.937
-58.846
-59.519
-59.499
-59.954
-59.888
-59.948
-44.216
-40.503
-58.894
-59.172
-35.66
-31.298
-59.057
-59.23
-34.567
-24.049
-35.724
-48.61
-26.94
-31.784
-22.304
-24.827
-32.452
-22.826
-6.0895
-51.48
-21.365
-26.035
-48.466
-59.009
-59.067
-57.675
4.9026
-45.994
-34.42
-55.199
-7.1039
-27.585
-5.2786
-9.3589
-19.215
-19.463
15.162
3.1547
-33.003
-5.2014
17.416
8.172
19.164
23.243
-38.455
-19.3
-41.04
-41.145
-30.381
-26.345
-29.034
-19.052
-33.078
-35.549
-50.244
-42.492
-59.413
-59.749
-59.355
-47.767
-46.527
-50.563
-56.967
-53.255
-59.967
-59.682
-59.576
-59.692
-59.963
-59.74
-59.912
-59.955
-59.903
-59.911
-59.919
-59.894
-59.346
-59.894
-59.846
-59.945
-59.182
-53.958
-59.394
-59.567
-59.403
-59.509
-59.557
-59.672
-59.73
-59.836
-59.831
-59.87
-59.768
-59.762
-59.647
-59.761
-2.1203
-59.696
-59.88
-59.825
-59.633
-50.798
-59.891
-59.889
-59.883
-59.827
-59.904
-59.9
-59.863
-59.894
-59.964
-59.969
-59.863
-59.874
-59.844
-59.838
-59.81
-59.844
-59.82
-59.85
-59.755
-59.816
-59.751
-59.814
-59.632
-28.61
-50.857
-28.689
-37.531
-24.273
-24.214
-15.372
28.867
37.72
55.194
-10.903
-10.926
37.436
24.122
42.078
41.881
-28.631
-2.0932
54.997
54.799
-41.898
-24.188
-15.377
-15.357
-59.594
-10.946
-55.155
-41.896
-28.652
10.996
2.1168
15.44
10.799
28.557
28.359
37.239
32.721
41.486
6.3066
23.925
-6.7333
-33.059
-46.464
-28.758
-24.323
-10.999
-37.464
-37.484
-24.21
-24.23
-11.197
-2.3177
-59.702
-59.698
-50.739
-55.16
-59.903
-59.895
-59.772
-59.703
-59.836
-59.833
-59.725
-59.663
-59.702
-59.633
-50.788
-50.748
-41.906
-50.738
-59.716
-59.732
-55.238
-41.916
-59.851
-59.838
-59.722
-59.785
-59.821
-59.755
-59.695
-46.431
-33.275
-33.231
-33.185
-46.401
-46.311
-6.8627
-6.7766
-46.268
6.4259
-33.148
-46.225
-33.105
-33.025
