40.9441411306794
-156.740146336833
130.027171336241
-139.38119749269
-138.957048823885
39.8681362484337
160.093794338268
-143.224708616361
163.749758728801
142.637287445607
150.191235129849
-134.98820994413
-174.246476082326
-115.729499910041
115.502411659141
116.726918875053
-139.315720020855
120.492113070135
159.405162623393
-138.815681659923
-159.541890325973
-138.292204563585
176.097060589752
-138.799575181472
150.665076355109
-139.547019206509
93.3021887192784
161.77831307498
-139.41432316871
-139.186479893546
-138.36672953435
117.839105232653
-139.198848961667
-138.443787639641
-138.058190279373
104.277692560956
103.687149105729
66.6266781983959
133.155318320489
-138.610459395604
-136.607848439765
-138.252251892662
136.488276835593
42.1504071548192
157.683336199579
42.1197120840639
68.9630717510118
151.527731627269
161.703674773526
41.9362850601848
-178.75448875102
104.37272809492
-141.219731132942
-138.705724005639
151.377005012906
-156.242630410824
177.418486142397
-139.143585238963
159.455537342462
150.782402503839
-138.587752286205
-146.370967847106
-151.36810296201
-172.852074396802
159.112620638646
171.891957398203
150.318698730019
159.434497357711
-83.1618465604909
173.463773300095
170.230001851763
173.097770762217
-160.096342525913
115.48540022265
151.910924927563
132.94186879076
170.255686601377
114.811104549929
-168.610230747274
79.3844620828048
-175.087694639145
89.5511922689715
115.465104164017
-128.961737801795
79.3811069240876
-138.958552360624
-166.303562003099
41.3803411629368
-139.448552158021
-138.258547222116
-138.290378156639
-142.597193257027
-138.208987469346
-141.354214564338
-138.911943161544
-138.188954342998
-154.97399882995
-165.843089268121
101.716837537736
-150.54753196893
164.881563108179
118.377336795693
79.4005136992168
143.176929093267
-138.301120010309
-138.095214763356
-160.152870232759
-143.739835786896
174.842972464058
125.517750560261
-138.235513213159
71.9395180188965
179.985320588094
115.235265400786
113.748911112889
100.404479001176
116.351757643593
112.959200046632
110.07902829573
125.681993527565
45.885561692572
-162.962165078841
-137.996403760066
62.8229991345963
144.005286003941
-139.226811042935
-139.335550192956
146.516603619882
45.5429358804743
-138.531514854286
-138.093813832
90.6008435772772
-138.78388395073
-138.511353149583
-138.565140562474
-138.047882544889
-138.194934721366
-138.556166864133
-139.18771451752
-138.674952206236
41.785803978184
-138.658003706858
-139.306877874742
-138.622455277876
-138.172795108797
-138.29099578355
40.9805922259865
-137.86681243143
40.9450303650103
-139.164750299792
40.7112377053127
-138.090005132855
41.9824866734966
53.3084927434257
41.9688244387197
-161.74670805006
-139.385617907141
167.09930000923
-139.314022753348
-141.085096305633
66.7119781426817
39.7661205300083
41.3001154024576
-141.233111888217
41.3922497224037
43.8683471226846
41.6761704966422
44.4777027174218
41.5123067096591
41.8872323308707
42.0506865610341
41.3119191907965
162.191962942943
41.7126253679662
-139.4972256848
-133.442424013656
59.5621050151662
-136.326106832564
170.840353127631
-158.945700132145
142.71250990482
136.52640955884
-170.687528240738
41.6415910554947
-145.299140725617
-173.192943496868
177.349994078191
128.03405800197
-171.953021794621
132.028172571665
160.738971949344
42.571245499698
40.8436600293404
-159.500060834562
-163.903172602206
45.8050820963052
40.9094190876934
148.526084175038
149.620803815497
42.3554877052662
42.7901567797106
41.5099456786342
59.390782493979
61.956371782614
134.810995622419
137.20449039046
122.595951802586
105.726284417532
163.257687081464
151.530974232705
-172.539317902328
133.58170655866
-162.520669982058
158.68272116355
153.870490733796
167.008594922314
166.771149803257
160.675045431991
-140.849178519168
157.323210501485
148.430193027578
146.291766546741
153.255063009681
158.540679810632
134.774752843428
-174.40969610786
164.898197250243
147.391785085058
144.90274311909
120.200399247526
129.121065381275
-103.135640456328
144.446141212857
144.602822381587
150.781967485037
137.130824715087
149.703707832071
134.418434969105
-134.143006987817
147.289990823703
-170.424890356546
-179.319110035682
113.631294326148
160.630763286801
-82.139790059046
98.1991763009487
-120.404421265088
146.497403920736
110.649303905938
-83.6447326954982
133.089961710718
107.553350819676
144.8154501233
152.918303215045
118.584498240167
177.972358468993
-171.679354959566
143.429363767599
-160.346572839948
141.765042993874
153.597215511982
-173.411201226574
159.753309609863
151.675738855688
152.525456352026
148.529095204812
-130.803731623961
159.965942199636
152.614253126651
-134.323047145304
145.165115076868
-146.20599854907
114.130166018999
-164.319007354965
-116.210118359067
-155.156786006471
173.346276962823
152.013928773963
136.015976486715
141.531619007005
141.595096659732
-161.723934638571
173.965957936628
154.679827758771
160.381985616582
-134.826680189046
115.501847402072
136.938376261637
162.710464073315
96.2637262653073
178.614334110994
121.295578654043
-178.605654948993
115.612847709314
-158.773367107496
152.49749114832
124.801941017911
-158.506242202627
150.462617966326
113.742586168933
162.409441642994
115.027490871038
159.301838496004
95.5454233509871
-114.75269137066
149.025395048351
76.9356829699216
-159.76489029061
119.766299527488
128.783305874386
107.411611667719
72.5207171459635
151.243171526633
71.412728994849
89.3272506341523
72.4719151938055
158.195001321842
91.8494656423769
72.4847082385053
98.1615726452243
98.8347424542084
79.3931028634404
140.530097439278
98.1556950419945
100.330584120881
-118.909566986351
98.1497216853864
114.379672727231
134.008939220467
126.748492841457
100.277956759088
-138.850156298631
-139.601352246033
-138.53727216961
-139.309195377055
-139.586612862841
41.9891395634599
-140.030407191265
41.6515476667007
-138.447220627502
-138.99573172665
-138.149408992394
-138.840781947976
-138.875937510099
-138.506000314683
-139.778171114007
-138.589667299524
-138.876878017627
-139.43969700846
-139.333705666561
-138.921493736423
-139.55949431547
-139.295824488533
-138.833593552861
-138.140407255594
-138.656017652603
40.7708159930769
-138.888378114376
-138.686294416838
-138.889243090159
-139.246343516359
-139.137973385724
-138.141916748079
-138.443573557882
-139.285620003265
-139.585781520748
-139.603345193925
-138.685838499031
-138.06736360035
112.294241874204
-138.074798527693
104.160706921022
-138.259740577078
99.9247459261995
-138.224149207515
-142.458405953482
114.342894725693
-138.236231952352
-138.718745020567
40.9801888894587
-157.0372365871
-141.425347376421
40.751745744279
-138.673866024877
-140.033553760818
-138.722404551128
-138.182343387163
-138.18763454003
-138.170125607549
-149.199623801964
-167.595657467153
-171.09428910317
175.698993476223
-169.985271131858
-168.542743521747
-155.678754929792
122.095319586983
174.597503986215
158.443164783063
107.433396181017
-150.5500215389
-162.743416293804
-108.662778537207
69.9717686764036
70.019428007481
72.4954745001569
-158.699798055343
81.2365667220468
70.1777553107148
172.162557734364
120.48079307999
109.418589336942
118.373673070323
115.984339691804
93.882568617493
104.663141425886
134.562073512421
83.6346173180674
101.622670947198
113.743540818393
99.9713689533789
96.7655063256422
88.6817226454432
79.2979583271554
96.9072859412076
89.8989809777413
101.583485214563
108.097570961682
107.48647356134
97.3137614047488
82.519830648053
99.3093717566151
112.515399697891
-138.247490512284
108.694592457538
108.060930968653
112.876491099368
118.845522922279
118.218962353695
111.153489713239
112.681600681536
-166.231799561355
123.617396315721
118.596980346394
125.691348752549
115.171241869894
-153.674717370546
75.1814214608415
91.5114265998685
110.722615667803
113.165744941377
-159.527584518049
65.3753447020017
98.9106119637872
70.3330205487175
110.630665114888
77.2301462406426
110.828383722685
59.619183128044
115.505447810933
59.5191880396839
117.384456717427
114.928892993561
116.601584819205
115.744307966939
115.072415817377
114.254563394297
110.396440092455
150.838023293941
123.307697065377
112.326768557275
105.394708096799
-146.049141237127
126.369193162987
118.176906389208
144.13255496885
123.721873114689
124.15506234695
128.451497376613
118.52741232899
115.238711677391
119.183312870047
112.993068063908
135.57048638071
115.243896416467
146.864719988129
56.3598692122573
157.25652913231
177.822003112171
-175.654460351399
-160.273855070059
162.348064905491
-177.706927366181
134.854062910723
116.50635564024
145.982519799546
-136.774795029264
122.161712029892
117.26220554867
154.462504716941
154.844344561458
133.228297002301
130.368299199339
119.106245441083
57.8653446839365
89.9989780716696
113.963870798084
110.437574325997
53.7881567647114
106.154684286262
106.6781205669
57.385677633542
55.6327068046186
58.6729178592151
79.59775750616
53.5258401168074
47.1941315096672
62.3270884301537
46.6150933071651
86.7919628281754
58.3551444604192
41.7217961176421
56.177816555536
40.8816987536819
50.5024431450102
40.6937083307636
41.3736485545187
47.456043145539
-137.795926055854
-139.766913316683
-138.115461882919
40.7106175038399
41.9400473695849
41.8892871281618
-139.154776092845
41.9276496100827
41.9884457131493
-138.150087136367
44.1193037695239
-139.179240023176
81.8596742203286
-138.267294927719
-138.289675765669
-138.699144161158
-139.303363848601
-138.169237811513
-138.051592683725
-138.569197597951
-139.099794877704
-138.751744294592
-139.125308093772
-138.937850140042
-138.554158329288
-138.78598146678
-139.045307057545
-138.704471976093
-139.118164031851
40.8219415195509
-138.686588965808
41.6684710308778
-138.727183103536
-139.049603358484
-139.074689630997
-139.305392065491
-138.401632154129
-139.826959812455
-138.68503624948
-139.459552711079
-138.465015734758
-139.210315759597
-138.794042244992
42.3138122053067
-138.50391080767
-139.071371266875
-138.649476287554
-137.655471350008
-139.727971354677
-139.074468783768
-139.206944738092
-139.125497539551
-138.373678251128
41.0982732081237
-138.515270772164
-137.999634483167
42.737610815578
42.6114947132225
40.9032481839215
-139.254842751066
-139.964340838225
-138.945513555434
40.9403992522134
40.1818840031833
39.8026281109204
-138.962296712192
-138.817430528719
40.9957356848136
-138.93214834638
-138.694021276527
-138.894784845386
42.4080831023727
40.6579396655987
40.3723216981135
40.4211964844566
42.662487269983
41.0286115645491
-138.029298192375
-138.342338015363
40.9668889549831
40.9796377249479
40.7392218797069
41.7894534781511
41.6961911595588
42.0353412434755
46.6909562476668
42.4614564147011
50.107614075788
58.6726182395367
61.6794139609548
69.8287955764876
42.0594501713019
98.2003485508807
41.6507469255458
42.401519297623
41.5570723298607
40.0906006457609
42.624402523558
42.0252856285844
42.6236568877575
41.3339988324339
-139.060533536286
40.0743701011091
42.4056253711444
42.2085725100318
46.3692505832252
115.169888331914
-163.782432832258
-140.402311392044
135.6368310057
160.160474380153
-139.87427397174
41.2377781333818
-139.850271079605
-160.11112402338
44.5507135796352
104.243276035016
45.8617978709777
-139.373444680552
-140.854180260998
42.2569054921706
40.7669878885743
39.691304961789
-140.601201998688
41.2761787253323
-138.978731100052
-138.725440624826
-138.185106200562
41.1959425392559
-139.25692695753
-135.234253426535
42.5077092265708
92.1978836312712
-138.807953732501
-136.70325044626
-138.426273743976
-142.393078888418
-138.551155102223
-137.163528225927
-139.487184549496
-141.139733016508
-136.918263842156
-138.841018417712
-137.41291295457
-142.518071326459
-138.842603282388
-133.95148601579
41.5455456676786
-138.4958328527
-137.825393597104
-139.254215067632
-142.930036038817
-139.08737826925
-145.416032360691
42.3393179862886
41.3566908943231
41.362306483004
41.3958295881316
41.4919793829083
41.4993259117762
-138.887199183074
41.6539706953192
-138.920373704851
-138.849796181639
45.1399789230111
46.2181321077328
47.999937625867
41.268119372888
54.2564408910013
44.5470777278791
-141.164832133176
40.3924617840159
104.96028014797
48.2030061111388
55.530744903921
77.8294894820279
130.434920340842
160.178528569142
153.321791816717
133.051926810673
137.339511120675
112.453045297129
61.7237352212722
69.792193953313
104.366633742724
66.6165455840315
157.228010895429
-133.295855610733
41.5153178552611
92.2834228531219
88.860339151093
-138.026042070718
-136.691517261676
-138.925316006245
-141.169853335884
-140.927776930897
-136.390223587812
84.9755115855466
-139.319475645989
140.244692930964
104.363244030457
159.135455551716
108.567758801313
-158.677635363988
113.799137628152
151.385386970524
137.82847444591
-177.545691323447
148.898601965017
-166.480335628708
-171.32745891524
145.031582784837
-159.965004948524
129.816094990605
157.850082843889
164.046004159703
170.93617639833
165.35026965321
159.942870200346
133.913104910616
124.077691573171
141.030902727066
147.370761982464
140.229004227505
148.01230757886
101.752145954357
152.166695389473
133.958820017465
116.130877695671
143.016900400621
-160.601119386092
-157.194948232502
-155.983903312187
135.855211904136
163.812539580913
146.705612587922
-156.59255113886
83.6955324350553
93.299220024235
109.534065159532
113.598817544665
123.480406041241
88.1646145694804
112.815583261476
-157.719455625077
173.763134656129
143.856011058971
-156.977929299827
146.514865300349
-168.809262779943
161.413221069926
152.168412472049
-177.919773061036
-158.93885515084
157.381884780348
133.910922373672
143.309002644545
136.312026361484
158.044848169843
154.891662050789
151.245836479506
145.684921047275
149.39080005413
145.862179196832
163.710760202503
158.251074174728
159.095619144561
148.330954190763
150.007558448444
132.127229911833
156.502686050186
138.448483549792
156.140569729798
151.001003332275
141.503679582579
-162.022333443489
88.4332704411202
125.900537583188
142.727942935592
129.332047413995
131.360817641403
138.658630693297
120.550931436194
162.324077760295
-173.249645477781
117.941329837157
131.395219938267
160.53829989829
163.459876382218
103.585780516336
152.425130756822
109.238755126644
-167.99386288548
179.118759661215
-171.694404510234
168.950844332998
174.448977449114
150.016492934146
135.532149957085
122.443135058431
67.7579710698829
161.36862980083
167.906042940829
85.7573650855881
52.8032276025499
101.748845171168
85.4963707850698
48.0233986171256
56.5056604637051
58.3697987359325
114.181499931463
113.57507735523
150.061236301332
119.674585509362
153.097179631393
131.431584506946
153.923914656583
139.808839520883
172.597734328668
152.456180991954
155.226666702592
146.248724746913
167.767789090825
149.18407527713
165.709405436721
159.335549027299
168.729656449575
164.093182035678
163.753928325358
167.911933920971
160.564526834222
153.906926828835
151.450091134408
-177.720808358088
-172.539491918604
170.705430026253
169.938255187596
170.277518905866
168.120670212309
165.590967589611
165.171560739432
173.066500055112
161.324532675093
174.376930820481
177.184121621197
179.293845083659
176.697519962892
-170.773493166609
173.140193814349
-177.909803946232
-170.233560190387
-173.396748365407
170.121017013495
172.637460446369
-164.022869656531
176.718332720896
173.350222690223
176.111927394905
-178.806164891113
176.828216026255
155.081422682676
-174.274787853935
147.142815304239
178.786165673708
-169.201194177667
-178.977092685791
-165.177050436483
-153.10835033577
-154.079626707962
-169.008092440855
-163.981839224179
177.115974143628
-143.272958466331
-146.680268557114
-148.661466021693
-154.436603575773
-140.141353353858
-132.492139500544
173.96831960765
-117.449792721147
-108.09723898109
-163.238590479158
161.868262149657
-141.383656009452
-154.753359508236
-156.004774592823
-149.098945120256
-158.807729446179
166.537380469463
172.023362701205
-169.883722195353
166.421526570868
167.495469511695
-168.959231484153
-164.928104923092
157.870391606972
158.106651123187
167.451544484077
169.093839498762
158.804367619604
143.04985455394
139.231281950347
131.886307799999
135.161650460665
131.359138017482
116.24353704535
117.726502810358
137.974157127423
123.872952371366
138.372227469306
117.358403705112
-146.98487963702
137.649299677431
-125.312421736022
125.43352955955
-121.544455549424
119.345470565794
109.977643126739
111.821038637958
121.379796324056
112.137790947856
133.032720598234
127.183484638252
110.82185322149
116.438915478966
113.270712874827
109.03301417598
87.0752293000578
103.033771123352
105.261809806502
121.640532780118
127.829238789564
112.488413579453
80.6597947701963
116.483409887076
80.4673659084257
-101.106015875622
173.539821782013
-101.004677065375
-101.924937279027
-102.634908582826
-100.994326289626
-100.836615869534
-104.809564606101
-119.916469579125
-96.4725396346969
-112.738796309485
-116.502430031883
-118.221249619962
-100.736537393147
-103.123176317807
-112.710935093556
-105.612180618713
-118.896968233867
-172.082925810201
-111.807792748109
-136.969393458786
81.1250510179651
93.4094302611416
-108.254838298223
132.53856540262
-108.72223777274
103.66256356259
-155.746425347503
-152.980155557518
-120.765741533359
-142.984499663113
-111.513049007861
-132.487698916107
-96.5812741707877
-114.112441507053
-120.030857173461
-130.673626897112
139.568669832158
139.281534010791
132.285287977725
101.677512142515
153.176348180971
125.290285712739
118.082054533055
130.51792872348
98.2433415337823
-133.841704149186
-127.779125300591
-111.987682227774
110.559417034637
136.062404337778
-157.855933224245
-92.5878466861064
-109.521003945177
-81.8886019295608
-83.6122593513419
-86.5109811609632
-81.8402000584219
-85.5433102913053
-81.9282643031937
98.2723967970202
166.333282313747
-171.932679692106
-81.8498957528037
-81.8887932942525
129.756204934912
121.575789900923
111.813001103816
107.578266271806
110.049097099054
107.550883926644
102.395495566778
110.569022592745
127.738675993112
137.841583854648
133.030912523511
147.167672211558
142.418345328397
151.90792529123
141.69072931353
132.799938921791
152.031250109761
152.23469989906
152.001550529844
116.558221131239
112.459360106352
124.552375603551
144.493742617686
133.226313816172
110.767018694361
130.120307916728
152.161791177262
123.616441779546
143.371839778849
152.135812760196
132.93538966257
152.274252829641
136.70933948086
151.117700002971
152.204440068326
162.4107036648
156.401912196855
161.288069618669
160.227114398742
155.554167317229
153.447636233023
152.947876135289
151.999717427735
151.18626967336
124.83616933629
134.570988145424
132.013961298221
142.636884604972
148.216264223606
141.516737567854
163.316679527488
-166.939527068146
126.892379477639
-146.68355682635
-127.170097948247
-100.401963738769
-146.956556406895
167.303197898138
151.780999418011
-142.397328086689
-178.109943893062
140.82186046885
144.170582654946
140.146086718494
137.990313077111
146.032613421301
146.065309197596
140.314707657864
169.538670890748
144.324715739012
142.688251453109
151.762522050734
-174.07018996972
-176.966034558482
167.122386383973
-169.565975461504
-167.574922629127
-157.148229222292
145.78255329432
148.492038319093
149.260053384806
162.867420853333
152.020600462632
142.454117985514
142.076417647501
145.846113261786
151.681686088355
151.209044171967
151.985574483318
150.318335706407
150.736861985267
142.264516850364
151.599998749821
152.299135578717
145.358131895937
151.401312975413
-171.858302501128
163.404326116299
149.509476521881
149.169862644783
151.877326879534
151.85861000717
151.257805090785
152.185989002776
158.562049185514
155.865669760062
166.827347408663
165.507748509437
152.016650096429
151.387903944315
151.730140382725
146.200991230588
-159.807370741396
165.362229191326
-150.94726168088
-174.864438852615
-147.230578189706
-178.459716060867
-129.702588217669
-159.762063903959
-159.838592290439
169.642431900638
99.2127650667324
-133.152813305724
-178.654334362423
-150.411376853437
-140.085188485081
-132.953676642002
-179.735617246694
153.351463909453
130.758631725153
158.491454146073
141.037282618168
-176.569277509781
162.641948037101
160.064898673796
-174.231719624732
163.049639590063
147.492572678182
164.57109180839
156.749410698463
-142.185892245056
-142.536430721019
-145.746075798348
117.768565151504
103.239035762635
150.878728454907
178.687297846354
101.680368198595
106.470886362558
156.839265750007
146.243988168171
-179.998960608187
-173.360173861771
-163.360320474181
-152.502240545174
-149.403850772545
169.753634276976
145.279698517171
173.455990742144
170.492275035737
150.196581056814
157.042164418504
133.424142985824
149.701627969697
150.476443614747
151.575519632813
150.648889884665
-161.780451999293
-161.34441988537
143.870797348008
142.415704652159
142.640066573868
143.858142736576
-178.596222069102
152.318256650049
-178.854493506956
-174.931442640307
-173.330604772962
-146.527903818046
177.101189409504
-146.366169185085
177.339962040805
169.417229499771
165.912191156411
-177.902538924583
177.547541884586
-168.673010411364
-161.358918106763
175.659201149413
144.863460338641
-179.68235020755
-168.042249377545
-179.153991287122
175.73025028639
-177.92391226664
-171.656626330533
177.302438047222
166.24154358513
-175.246970535047
-160.404618510363
153.117049791363
-157.501493117152
-162.735156625465
-160.29571757185
-173.815922390829
167.999358853914
171.330419103444
-170.081612462032
-169.758937740594
176.913891694343
131.601176168727
-138.289677239406
-138.547202994691
119.576434826576
-167.823527454076
137.565666663949
130.105623255515
109.473361092257
161.835780679501
118.739174291368
148.326778081645
92.4777448371409
-145.501622947098
126.89389531273
171.940072718266
-138.317528960822
118.95190255644
-159.952698416457
-163.758213094907
-137.422360598243
-136.035427404644
-144.050378897608
-147.072242168235
-137.986639905416
-141.879033989187
-151.045053167916
-135.390671049887
166.897322320096
-158.980308202628
-134.409396137202
-155.041814338371
-176.174752795733
-178.743081712229
-162.211979468598
-135.823162733922
170.521437970563
102.660104458195
79.3968581293968
142.215382293762
79.3931050389166
123.101884547661
98.389741006127
-169.341955257528
117.879039946033
-141.342167401422
-170.368568466311
169.388406558398
-159.323506421108
-143.916880402633
107.636151720086
-179.175349841966
169.898055837399
-140.279458999877
178.594081394337
-137.484531575044
87.0846673021007
101.431334349394
95.4992983997396
-139.281773679873
72.4737326191149
81.9539007850959
86.0118026185106
77.9576839706066
69.9655364763054
156.346076554424
-161.675261251191
-136.087817344217
166.486202244565
-138.394602062064
73.9954708013241
80.2537227756537
86.1817366687495
80.4606240223449
69.9815552758826
70.0945995303041
70.63680090171
82.1737245199243
70.6758496163277
70.2153387474639
70.5143682020276
75.5981026744258
70.003957578776
94.5880540547412
79.39610210204
79.3801310761466
80.0230431869837
83.3246038740416
80.6923752696561
79.3869216554194
79.3919815883305
79.3865574968206
81.9340300138873
79.3845551763884
124.605618355956
98.4826731039468
98.1646599911544
79.3745328109162
98.1877477276329
114.630876380624
100.12217338969
130.657089910313
114.520881839791
127.807687168756
118.371517709648
127.163385929462
98.2002424209333
98.1882816981966
102.139650316254
114.190383695346
115.278774676794
115.884184641105
98.3373921498433
98.5759600359758
98.1876904751183
98.3109658660458
98.6658582729954
99.0203273473564
99.2047991616381
99.1185327083554
121.200266111423
102.873696055983
159.990867914884
114.346330890582
98.3346567254628
120.719363217658
121.617009063625
122.154229126383
127.134663672793
141.00181070389
149.94349975628
145.053539435478
-137.497637163247
127.183133324435
147.036041140514
138.761600515577
157.671714267796
146.210195186959
-159.290036948568
-145.648374029283
-125.620569579213
-157.650216608183
-124.3868964878
118.987133773421
-144.630028586145
124.574267984134
-115.181993529587
141.73091329704
-152.339186650967
158.46907038326
-118.473665569412
-178.042865515958
131.536420519203
138.951913159809
-158.170511559307
151.408745177697
118.338741013588
-173.220788011076
123.017805236076
-154.217844686978
134.87074161559
-139.159211441197
-139.050791679481
-137.646380174913
-139.83465773146
-139.532620662926
-139.018054373297
-139.091817948195
-138.700700677725
-138.865770757283
-139.140365737382
-139.524462403621
-138.98458140833
-138.902598471313
-139.331532640427
-138.886106030773
-139.38524124726
-138.863952188575
-139.075468702196
42.4183659465717
-139.929193085662
-139.751855341296
-138.993590118285
-139.433198501143
-138.879172829188
-139.31051158753
-138.679928761564
-138.170477718125
-139.078148501894
-138.932434892686
-138.80371087151
-138.13951538781
-138.540156088932
-138.961583226509
-138.605603791713
-139.349940982823
-138.855443789083
-138.563512897129
-139.320848791185
-138.883676142166
-138.865527582851
-138.814365078081
-139.154683527203
-138.405746285252
-139.262548299718
-138.63470866477
-138.97791907639
-139.300960521634
-139.156687660294
-138.495445404803
-138.622271358441
-138.63904182812
-138.730300672019
-139.115841033192
-139.885619636727
-133.180168351645
-134.34478312154
-138.893557625651
-138.850034232674
-139.421883726067
-138.875179949673
-138.668396197308
-139.320148232312
-138.645901615707
-138.384078376647
-138.861159444166
-139.44241109901
-139.133831732795
-139.469265542412
-133.627414635267
-138.847960838731
-139.526545265251
-139.050747864648
-137.421970127301
-134.000832176957
-138.485866236135
-138.575271661158
-139.408592095039
-138.589966363943
-138.708320289409
-138.921408972918
-139.529020609857
-139.070075059055
-139.212602669703
-139.064595031179
-138.886900702116
-139.191470408606
-138.577778062807
-139.49631934489
-138.885063872671
-138.472476607588
-138.229285147397
-139.181488096394
-138.573982883185
-138.394001330656
-138.332411337202
-138.619891579089
-138.523707985305
-138.628380418901
-138.58849512083
-138.791067647529
-139.358169197667
-138.666594777525
-139.360867561889
-138.788795861727
-138.54728082354
-138.55911239884
-138.645000082971
-139.601423980122
-139.419587367119
-138.802534884138
-138.836279542357
-138.831547027712
-138.973515920069
-139.071542999772
-138.195770111108
-139.168733343813
-138.418491286562
-138.851873904279
-139.407673829415
-138.79760124983
-139.409884235434
-138.713620050938
-138.789080600697
-138.695993506308
42.2452017935407
-139.935967532297
-139.376018070352
-139.856022696161
-139.171720906361
-139.152397489473
-138.415068322193
41.3235154587929
-139.2390017721
-138.247086965047
-139.179446642879
-138.892041927676
-139.292716809106
-138.285562253496
-138.369484336825
-139.470856262787
-138.452080446729
-138.084457063693
-139.214117076845
-139.19056475399
-139.065792455153
-138.408818617535
-138.780536178143
-138.41005901532
-138.425679248955
-139.294432026255
-139.086434210562
-139.561622450659
-138.970340919475
-138.310247316484
-138.345118930305
-139.48479599686
-138.374172847937
-138.576461995605
-139.558553926028
-138.570733957785
-139.600900182779
-139.455478232055
-139.150380640137
-138.942732840401
-139.326724834795
-138.945304560195
-138.681109211523
-138.351510605165
-138.250460752398
-139.308039230941
-138.0590806496
-138.28652569413
-138.249840246594
-138.177084593431
-138.531976465766
-138.119967625408
-138.302602819807
-138.331028466547
-140.629540933717
-138.126538757025
-143.56659489727
-138.180092585617
-148.593937780328
-138.234286794909
-138.512867348547
-139.566248097651
-138.123436944086
-138.337416605898
-138.524828565818
-139.439932812939
-139.270366322733
-138.817232953316
-141.864937122423
-140.260364939817
-138.236300326176
-146.459697175631
-140.27805519806
-161.523863444183
-138.164347801649
-138.08660275856
-138.209371321488
-145.288482750831
-138.225319117074
-138.246601871651
-138.177807514853
-138.184044105601
-139.156440537085
-138.755206834538
-138.464632635799
-138.389664605091
-139.136087360737
-138.425764720655
-138.285136181742
-138.29279266406
-138.240366074621
-138.302746518758
-138.83404757286
-138.902296783299
-138.714552896322
-138.692002882923
42.3372301487876
41.1125064521855
41.2648783902612
41.7594861436512
41.4119983591986
-142.650409496387
41.9446445225747
42.4288179401141
41.0696090927669
-138.281145843586
-138.427401715832
-139.292388699692
-138.514422837379
40.4853746822592
40.9847396595585
41.0148967155886
-138.823803073792
41.2730682293113
41.190833464591
41.257662813194
40.7308649362448
41.3184356334745
41.1876371391247
41.2695176934346
41.9269979522696
41.2306802939675
41.6109791319051
-138.191318747089
-138.215964108647
-139.447547586619
43.0698347679855
-138.448424273609
-138.516022406039
-146.781745022763
-138.243501097844
-147.84017551788
-141.391614703772
-138.198346946243
-138.265764531034
-140.683315993307
-138.213325148251
-158.975728787452
-162.708346160552
-162.2272671183
-145.885353938298
-170.798719157357
-165.399621409684
-172.440977098186
-165.231201309247
-151.805845498789
-150.14758872114
-155.20828386386
-159.343603927671
-163.413495572118
-152.325815640234
159.214012340815
-164.368253043864
-157.274295918587
-153.896298811221
-170.91560760581
-160.868067631305
126.108610924927
117.26075570306
179.736717129799
125.005674680452
174.381293070782
-157.382798349628
159.622051792414
133.700925322553
-152.608539108614
152.476337884159
159.350926796478
132.803184294514
159.069486918566
129.869690923095
124.068491585106
114.756926872634
175.076209609347
119.964810056413
115.752477979897
121.044050098491
109.958515356278
133.551644998682
-175.75608398198
145.174928248052
175.83563310323
134.14144334929
-176.557426337081
124.106797915763
-168.53269870504
155.587968234693
164.907504659659
123.084394259303
-160.550539219287
158.766149569679
-169.349630801375
172.820206188082
-155.17155298127
-158.461041653275
-164.419636638534
159.646210686894
160.438272254458
141.405282242247
161.841324192728
140.372402601629
113.866926342126
142.96681967498
169.802658262408
163.6944093067
104.812469710675
137.364895067055
-141.914548257499
135.062077191062
175.333645055566
131.756476458534
-175.326105990758
72.5871176078646
-111.73876447014
72.5604798402416
72.6507175774406
72.5320215178653
72.484628857064
72.5024214701785
72.5011797883028
139.028836855699
72.5268911372938
-144.072200096805
-107.721566755222
72.5498752483484
108.68682667634
85.7099188287768
94.7710295323527
72.4872713424417
72.5169047650059
72.4751285404542
72.6957152880083
72.5040571659106
72.479869982434
76.3542591176228
72.4725778532933
72.47324801033
95.3548530274552
81.5797802629377
72.4979430948753
72.4764681763185
72.4876944312694
72.4777739677414
100.019539720123
95.9247208356772
99.6461998993074
88.5814446996107
105.253115598953
166.192298306765
95.9866851147953
110.724063938155
106.979276398353
116.672698173933
113.26225770356
139.070225927154
105.80979823103
111.750909413656
103.206409263148
99.4009431019007
99.0637942616606
107.481150893563
107.123089580324
117.686323356715
104.459780479462
113.242979377615
107.094168193025
117.285574707975
105.199203365839
106.622988785049
103.628890847152
102.059391154324
103.222306065935
101.456864236537
105.012691139937
103.10815929675
101.388276374354
102.296634633006
91.7692453141289
90.4022499497141
88.4567953100083
76.5477735555106
80.4715520658364
72.4653084919234
86.5296773136213
72.4736264485068
94.6310290153458
81.9551692896184
91.2738296524534
78.3447694193667
99.9480772625199
97.3837524186434
103.276767464289
89.9389338004125
99.0973707096398
89.9797130827216
96.6937014900494
113.308846541205
92.8369236512613
84.9535070995786
92.5802978979819
77.5637923303888
93.9786907892291
100.672824322804
114.075269320703
103.252215841862
101.585362928625
105.25949745649
106.465685837462
110.01658917488
103.240487969229
108.26251241313
103.258641748157
110.03586168648
109.399213198781
112.98626417613
105.870249424302
108.239041822503
109.609681755994
113.830014274944
104.333949693164
108.25078472914
107.506311266952
111.602417858618
109.939988647967
115.272322005967
116.751156171663
117.069612322013
110.988243920896
112.023835249203
110.368040093956
108.22728366455
118.669435648699
117.636549126911
119.184327371685
118.721157531034
106.171062052488
108.452962901186
106.662916630842
109.422524904881
111.643110360454
-152.602788299767
118.178785418512
118.016170022527
118.717235824587
118.265212138944
116.839171657834
118.641816589859
117.228891987248
117.320053953526
116.264501917394
115.351722198402
112.244826960569
114.860073351955
116.341301016552
130.885552420935
113.308428814335
115.873754900663
115.994033517864
92.1637272888078
123.092413208688
131.865163683255
114.023829884568
87.8375328103961
118.867427586794
117.666642672993
117.789676246689
116.725456351191
75.5452095849376
146.793563465855
115.644606985312
111.249553266187
170.096902413571
84.1482509853832
103.732852438077
136.001182171023
-147.437685931983
-150.989913161101
-171.679584001002
79.2972922776919
-162.896245422608
-149.574376716661
126.934070088279
-157.443146704565
88.3698700148547
160.988725070604
80.158984929766
72.6593788728121
85.2468871601571
80.0581099582376
105.925877552167
99.9683292550075
83.2256920216656
77.759081291539
144.263929404868
75.2943587273756
112.372377729415
107.352884028367
-157.59262537192
69.9802781893228
96.318823955012
-151.787565813194
-172.326089242753
104.415562909127
117.975583950471
68.3822113814225
85.6400275555184
83.0638842038675
70.1232433519984
71.5584088767353
98.4205856064428
101.591157928249
95.3685808926011
73.9732133514551
103.036469005647
103.071270805809
61.5572343317315
76.6865435445009
61.0836554179854
63.7657540584192
61.0878379040962
67.2104594355226
58.4888651140182
59.2267400285017
70.7152522826479
53.8723919536806
61.1223844711494
95.6812389654745
62.0699223583977
101.41866645851
87.8994293927831
92.1816089261725
70.9459187543433
62.7139261334803
98.1742500578647
90.7798822164002
103.250251690154
97.062555913609
111.147456214018
109.043661443951
112.83425575613
108.054788906235
106.442789481258
102.549700786295
114.280557323348
110.369742119403
115.602548115511
117.274929362533
117.551299001082
116.87960083702
112.587993184109
116.900462386156
115.351051255223
118.775361548494
118.516105809091
115.866104886564
119.191263256184
116.646078037393
114.499794804098
117.285768483476
111.317199773624
113.30350718751
114.632680098655
114.684632188401
105.636999239037
105.605352776051
116.845466507408
113.445296620818
110.382123625756
108.850738454753
115.471253047862
112.558903262134
118.441767568151
117.707635304027
113.04929005531
112.598791800838
114.043674597185
110.275365660552
114.034756021344
119.120296611976
115.241610706828
115.249048043661
115.238148508631
112.969036473261
115.244459728385
114.052043117763
112.972635418399
109.991134215918
112.979453297823
109.9972706127
114.057858012639
110.006935660148
110.026231176978
108.274224903073
108.553869840682
110.300491598244
106.494347592217
101.429981570004
104.608299028963
116.861008427421
103.439712321304
99.82535552066
126.809570523529
111.381631611245
114.069471106242
114.063667339507
115.963116660735
112.999864971721
121.873526623351
114.427777142909
120.882375580771
116.718218225036
127.887155184666
115.237022224454
112.806963505836
131.357748978224
131.858909298862
117.916793224387
133.16100802027
125.234576021132
-169.252537753953
-163.037768489058
126.342457020072
119.13627913564
122.270682294733
120.497287523456
129.619528940802
140.967177785254
121.966610331918
115.237585357653
124.807875711479
146.314791796524
119.344351048651
115.24502305809
115.236459109035
121.077287720469
119.096038849219
116.222922404695
115.245586405582
114.046222646991
116.239458983909
116.524428127052
115.239001884901
115.500162863134
115.494400585556
125.118348793356
119.342707331936
116.489054327135
115.494964647034
118.852585619561
116.845368431602
137.570430597813
119.673266697422
145.059902296324
131.318760495224
127.144086690085
142.652092083995
128.181881975206
122.285376049675
121.397915483037
116.933212004676
116.178939177698
123.847676128204
138.840632536146
127.94689326922
138.910206214345
147.750122132514
133.681390032492
160.552536318873
173.069442584512
154.97993032492
-179.436505982826
168.05162826507
-175.104495312517
148.262769355644
131.488836836537
135.040950504207
133.839935884033
145.568119975122
145.387437623029
149.452051454239
138.636265813332
147.079563187125
149.403437414351
165.797871787568
157.20252377813
170.911519884904
165.193723017042
149.677708972156
158.098250986514
162.892043467994
173.470065037637
153.005611358538
148.7393293606
151.521639666223
146.866047064817
148.512683206801
149.934858978108
148.416123736504
165.203449234156
145.849560630162
148.964365107957
150.30141494755
136.933732050948
154.593857598986
140.882607376462
133.793196845536
117.453222331185
124.679355434788
124.981156344901
136.951813377148
149.253311494141
126.57160616962
141.594576840571
129.775585847827
128.028406513497
126.246597597923
144.614639387301
130.699207822657
146.836961462246
99.3121823230356
139.582328127447
124.540041960172
102.863370729037
106.603491565934
79.967384545177
113.763418186759
98.7619689545856
128.56104268308
113.782043154355
134.282763740095
118.210108717247
131.895937137423
117.800396264755
96.2349629140865
113.865142845232
119.752723659627
122.050580590686
113.552296897517
114.924920058492
120.640641343139
125.371482778358
102.101725629181
107.078219206309
83.963771518037
104.382945876177
82.4017375294409
92.5667101836821
100.936519503999
108.686926144992
105.734901470122
109.417998052628
84.6078673652852
62.3121639135462
88.9692005915858
80.7580943221359
79.1945122196212
53.3511817355497
91.6082575768777
97.5750986056941
54.7328177023251
56.1288523100504
60.1188593092129
67.4982296325516
61.0226947814096
55.8864087119707
57.4832829170574
54.1528107150928
50.4362110878672
46.1025531208477
55.1459333741726
60.9553864811804
61.7991712673906
43.0367161008038
54.2242771029211
45.4119756812629
42.9794272819717
51.4482168338749
97.6152964016903
86.0763418203272
114.414697604563
98.7635587617768
52.5846440061318
43.2190847506042
83.4882778064681
91.9551316441352
85.8694735418584
92.7923642555993
42.1119503728877
41.6380577821237
41.7923990143068
41.8927850915185
42.0549625461052
41.6498574122011
58.1903615085189
47.644814720252
41.8942191820494
-139.938468172737
41.9548111624413
-139.608549533465
40.5242816699014
41.7511826253022
41.6552708340793
41.6555963881526
41.812827690956
41.2173629746577
40.845698616548
40.9244385170946
41.1492578800413
42.3087911591506
39.6511634306549
41.3535749713733
41.0128307634902
40.8985521562969
42.1864351544535
40.9787877379202
40.4958903983727
40.6843085611275
42.027032193142
40.8487102802867
41.3793959441376
41.935163941751
40.467688787443
41.8035722617576
-138.442850410176
42.2865129478368
42.3705903469052
-138.669504787301
42.3319767365433
40.0614582355559
42.3337059642153
-139.369999380541
41.1591211494194
42.1430774119501
42.0491508054395
-138.012857499277
41.4064573638988
42.1629154078762
-139.260197169865
-138.929404878032
41.7726493965807
-138.470887571821
41.9728584801968
-138.005454687287
-137.858917290046
-137.972485880334
41.8719785163052
-138.224170095054
41.8211182429131
42.0193121259631
41.7833341327789
43.3113922329095
41.7839834939819
-138.348032848979
48.7951226047673
-138.108103350041
48.2597581347912
41.8826267442191
51.266740275409
57.8600106750059
56.1897104036809
68.1240030959791
45.2336615443556
-138.202063798658
48.75139847848
52.2595625337411
-138.311664517893
-138.015470907446
41.7983830144954
-138.051069326232
54.0853998788631
-138.181866647035
92.9666604177292
-138.182789321551
57.7432391865768
66.2451201012934
-150.733144053973
-138.214058794945
65.0718372261548
63.3026970162899
-142.606750840957
-138.214091844667
-153.022991346827
-145.347109984303
-138.264633220616
-138.574782989052
-138.308004549546
-138.258069461828
-138.638866843725
-139.00617366686
-138.335655447887
-138.272428906604
-138.050345381995
-138.284881220844
-138.695561072925
-139.038816221401
-138.749153463749
-138.69998200889
-138.995176194863
-139.024446624018
-138.180418046574
-138.598140177004
-138.045573875362
-138.358884566531
-138.776722576461
-138.976495570255
-139.13916488484
-139.078553804476
-139.035306762354
-138.387781448275
-139.516992716846
-138.555406065817
-138.014916641889
-139.070169166389
-139.614025094789
-139.700843671543
-138.550442516892
-139.699449540178
-138.650995988728
-138.581238642972
-140.255917393001
40.3089671694605
-138.331302879964
-139.41249669666
-139.054169309008
-138.317899127385
-139.12672410897
-138.451047163534
-138.450819152636
-139.23270339936
-138.449767890493
-139.194388241491
-138.217627327964
-138.488984740396
-139.361193802079
-139.384948529363
-139.98334469039
-138.055409860074
-138.995258066563
-138.998389686719
-138.476292984304
-138.161927571435
-139.526145578031
-138.278073307681
-138.534690305114
-139.096466908882
-139.490949252323
-139.304154836303
-138.849402742957
-138.844335082111
-139.289893760318
-138.778303834979
-138.690563499464
-139.071592634217
-138.102616264576
-139.356093227
-138.89520155379
-138.820420424159
-137.767384491662
-139.230192353367
-138.875382786233
-139.385621117599
-139.311678152743
-138.209538632828
-138.700522873008
-138.744709218177
-138.67804700954
-138.747907709676
-138.708407907222
-139.059144313741
-139.229013179459
-138.134676129167
-139.497151193596
-139.680736013779
-139.108640819516
-139.183672053836
-139.665299097307
-138.605313843667
-138.641780291435
-139.099690295088
-138.791958335091
-138.821600187927
-139.747861748009
-139.283629877072
-138.840293642473
-138.675551082049
-138.844907391459
-138.940460126174
-138.939774846297
-139.217759344868
-139.30986386769
-138.498631080367
-137.984926369278
-139.743287385758
-138.390857227562
-138.308558697079
-138.687036766517
-138.764306628475
-138.427281165858
-138.462026349014
-139.774472865964
-139.261754497981
-138.561836771728
-139.82830818411
-139.119693184068
-139.189660216961
-138.8241469581
-139.627875652516
-139.117282652566
-137.905981446602
-137.960252825937
-137.760343217093
-140.014644787271
-137.82425922392
-139.20894889397
-139.109518225544
-138.939160263973
-139.091845010817
-139.539971028628
-139.895950113189
-138.998951470395
-139.270256352244
40.739477735179
41.2149186881171
41.4282691563297
42.2542716681957
40.3652383835174
-140.133890821379
-139.903045271675
-137.88188994623
-139.274083256163
-138.064396081053
-137.608923797716
-140.099671283518
-139.206820498633
-140.085948593969
41.5666108842506
-139.543831681769
-140.604598329176
39.7023829819478
-138.593277009586
41.6192468045793
-139.389897742102
-140.02930754806
41.1853133038968
41.2769492401804
-138.942455762966
-137.713834477593
-137.722595574756
-138.807448282128
-137.750833295509
-139.071098861593
-138.193326520735
-140.083748060996
-137.77212697817
-139.243813790781
-139.949641530164
-137.898111904059
-139.21867933167
-139.016226950467
-138.192124900666
-138.010712617192
-137.884280445509
-133.644004156116
-139.16421570567
-139.348004969899
-139.103217957546
-139.105658551895
-139.063122934657
-133.913253908605
-139.425835453866
-138.262099390794
-138.685928218256
-139.055760916786
-139.084938445037
-143.8907004982
-139.2351676639
42.1760592947713
-138.113204942065
-138.955932529663
-139.086195280508
-138.299121875941
-138.640109325334
-140.21212320033
-138.662670864824
-140.106165894578
-140.300516926631
-140.453826847211
-139.819504845505
40.8836818788601
-138.232785468923
-138.960915280466
40.8961971082638
-139.433853473723
-139.18888385212
-138.993001875252
-138.512594528037
-138.035239782219
-138.015263570335
-140.006030636504
41.2943895115084
41.1139360055677
40.2436549033957
42.2399925091275
43.1431664492279
-137.36839181767
39.6163637626289
-137.941131517615
-138.742881203995
41.4939072193572
-139.409123931673
41.0833666739019
41.8837762583993
41.1638585294951
43.0677860958776
41.7905061238872
52.5298000593782
39.8286263951985
-138.703152175811
-139.311883999061
40.3381607074943
-139.097479770306
-138.447866976643
-138.051933135887
-139.727173282974
-139.249731626554
-139.02896076664
-139.824900445736
-139.154639143603
-137.634192472661
41.4484169305506
40.0378663937965
-137.880123982718
42.3044586154012
41.1762418550806
41.5612038168867
42.2661669555081
41.6535387417892
41.2572366666932
40.2721294411871
-137.975623375098
-138.413258341532
41.3721832055449
-138.280520668249
41.7409372194938
43.3190011692197
40.2840240588208
40.3824204849039
41.2873460522972
42.2824340901552
40.9627344530302
41.5430203997758
41.2234681076154
42.3503323791111
41.9936060699344
42.0648645749131
41.8438395050153
44.9794619386862
42.1430696779809
48.3417617933318
42.2802222921219
41.9698056463959
41.7914574306448
42.1980214568227
40.4053518359678
41.6976765972457
41.2629868486734
42.2128435597341
41.6226326042407
40.9225710517313
42.1559101927012
41.5325555538108
41.9668353583512
42.3611212271203
42.1195467992105
74.9819826121941
64.0768945433066
102.325445696075
42.046366171821
78.0935394857285
69.6672150096877
82.1619106798712
42.9194741693728
39.8014193336611
166.83525893436
41.9238085574124
43.3009318938212
42.5577291961401
40.9600765493266
41.1612207886664
41.846874775413
-140.774359322054
40.9310662464044
41.601518261262
39.8710656892637
41.2721830705904
-139.915281561808
-138.0635591544
-138.083138811206
-139.820111807525
-137.684879219597
-138.218661703321
-137.496290412888
-138.967783043532
-143.511044163724
-139.513873440912
43.7798424322864
-138.899682261056
43.1096616720412
-139.272173133058
-139.45946166614
-138.973140347234
-140.645156154322
70.3389836311405
-139.282060064996
-141.67948600162
-139.167880231455
46.9807955459552
89.4283504458517
40.8583913306322
-139.556395259893
-140.513307714417
-142.046312058027
41.4026972521948
86.4712055549818
51.0630031315054
91.4157931048859
109.835512204895
88.2266654837738
107.671413875326
114.574823472913
105.574573145406
80.034249453301
84.4229389666276
41.9044095687446
82.285079571035
41.599823255586
42.4854739304201
42.5908646306193
42.2017009058657
43.2952324510919
-141.139853189221
62.4338888835046
67.0380521543161
98.4755461599864
99.1912676944182
105.007154428791
99.4804728328365
123.451001628607
104.571622005664
143.910937019575
124.104725461126
100.840152846235
77.1521765281866
88.9716121099519
96.8732311668268
83.9899522004256
99.3766139361177
-139.188404275406
-138.208102912573
-141.381327840672
-140.884364259142
-137.294052047425
-143.100183940382
-139.236704201322
-139.798158760522
-139.390247620951
-138.648521239548
-138.380386690449
-140.801861467393
-138.068920363408
-139.152004188283
-140.354373479028
-138.183616227395
-138.776126622838
-138.997718145143
-138.933568279734
-141.338396008203
-140.701728885666
-136.600031451501
-137.530761069778
-138.777240012821
-138.780554077674
-135.984112743036
-142.171040586505
-137.313424076718
-139.777743357462
-139.082102584358
-136.980944710768
-139.928755272267
-138.555500886736
-138.092984081735
-137.97680812505
-140.302993708234
-139.048915897607
-138.141642205549
-139.445383968483
-139.403365675622
-138.238255248326
-138.898702124957
-139.563938647862
-137.474490145665
41.0448248138395
-138.906310794175
-139.419540132238
-139.36117767165
39.4964443982753
-138.70960730648
-137.828992489879
-138.665559367746
-139.490787467795
-138.590157785233
-138.415644668073
-138.999475688743
-139.912646215495
45.0915252329758
40.7338079907886
44.8048964598085
43.2918219519914
42.6876890845413
-137.594390591737
-138.859646603732
-139.549663275457
-139.527013875643
-139.909013747303
-137.970305156397
-139.03794184015
-138.647151477539
-140.449636246451
-83.3265291775554
-141.125556375544
-113.92656925002
-136.994496554285
-137.504973893249
-138.81881363342
41.9409258012966
-138.553329485101
-139.630473856514
-139.510866181129
-137.118641514312
-152.954822278154
-139.211105317334
-141.729705545055
-136.6021824701
-140.560961744902
-139.743876934468
163.36621987399
-137.611249596822
-144.976930056803
-109.439813383732
-139.252460005547
-138.659488017958
-141.126515912714
55.6576443860472
-144.662183649438
-136.893079828208
-140.760279884847
-139.061887669758
-137.186352903356
-133.601298901657
-139.004239574933
-136.558069203867
-141.962300398909
-139.605590451799
-138.949243003474
-140.594702553485
-139.504237108764
-137.525227231145
-142.777013041566
-137.318279262966
-137.556504235947
-137.066421958621
-140.969123540938
-141.281443064442
-141.076016554104
-140.173762416343
-137.812380465357
-137.749038895584
-137.008661639321
-136.401491504024
-143.820494852891
-132.130221382411
-144.804503038318
-139.027633032027
-132.806575934439
-141.585286792525
-141.033979610058
-143.37368326697
41.3735252029209
41.276071202581
-140.201073845827
-137.58571813069
-133.083971789258
-138.855826042999
-138.89290941055
-136.759607637191
-137.377128833114
-153.610007858865
41.4274215474218
41.5399550891038
-142.841985396961
-131.614684362179
-138.655323283376
-141.06446495386
-140.926915590181
-116.62443246746
-135.358654362276
-137.357356243728
-134.455189908185
-138.976467156152
-151.518648377173
-138.933722656412
-138.463837644453
-139.030734276063
-179.576966719451
41.4644775869995
41.4189529985565
-140.116509964422
41.6449084293297
-139.079121564123
-140.654855151346
-139.110849909605
-138.927975353781
-140.445537804862
-138.901773872951
41.32927510783
-139.18482942837
41.5189699307196
41.3435854811595
41.3366464251319
41.3038530752746
41.3575218967339
41.353122423065
41.3862067113662
41.3142453181469
41.3589823077844
41.4242913763999
41.3197674367225
41.388538294328
41.3277130466966
41.3401401618863
-139.005137608173
41.3544123819273
41.5197319861222
41.2916362792399
-142.162004993439
41.329403149148
41.3093839085437
41.2748450094015
41.5706353214904
41.351019977127
41.2821419342039
41.4410002342627
41.2793049409486
42.2201253559251
41.415717715311
41.2654276105622
41.2592465251059
-138.925011207437
41.4245878296884
-138.931232604639
41.4618433584113
-138.86254367938
-139.07505193962
-138.861010707946
41.7547411426526
-138.928749344385
41.7793811575456
41.7704427866187
41.3227816264283
41.5991753334096
41.2889951638266
44.2723731311535
41.2668992894177
46.670140972344
41.2689191160263
49.0584015517868
48.2705158224285
52.9621069922345
48.6736665155603
41.2787026561833
42.2980032436927
66.7060528707786
46.6371974241312
41.5184910524196
41.2884538107859
41.4006665123788
41.2673640093934
41.2695592224359
41.2686183270755
42.2681468807175
41.2549899044066
41.2593586316334
41.2579939697505
41.2494471971269
41.2577255662449
43.5286019911829
42.8299870981034
44.4791613913932
44.7401702264163
45.8017052778657
52.7600246270494
87.7156730084067
60.123154030826
50.0000115037442
73.7098076742752
125.227554379527
133.226149089497
64.5768161671021
108.43225858526
91.9373200203316
119.052345963333
139.817449359799
78.1238860383205
123.156189731937
90.9983397440359
136.942532557843
58.7349228466957
49.9798980338086
63.0244946170065
55.5125641862663
68.8255151418109
72.9026091977451
76.1376276432659
91.3276692226551
114.373377589291
96.4585690067701
117.842174065022
136.216011783151
154.015395840387
145.750568491174
161.459197020543
160.744073036169
153.466546554751
153.180020245828
81.2336076818812
168.215716038134
140.552146166355
167.309764915722
70.9108186969546
79.7353642343818
73.6865401888818
141.651250166231
58.1895262889428
65.2051528833048
70.464390479717
124.332225051295
90.3674799911769
106.129404637732
45.9144942398122
44.5214475678387
46.7945935223389
64.2148465762355
-146.538090685979
43.2544106861231
42.1221454307222
45.432643990796
-143.696536202498
57.40103917592
60.4070582630241
49.7347833765417
69.9354107517143
55.4046937948857
51.6536065329676
51.8458385291533
56.1576961165401
63.2087206494355
-137.971590901315
54.9705205055042
40.1694261817362
58.2600054830932
45.2043057831494
-137.292072860537
55.4444693646361
-138.544651667733
46.9058335405281
-137.547687699596
35.6028047913912
-138.069256516763
40.6127868570351
-139.474534396181
40.0727494771123
-146.558501213392
86.0911821721524
40.5508202208328
91.2122668690181
43.2612493243943
104.956739184616
96.8992615092646
81.3973328285854
61.0824359012888
75.0640932120594
85.5631326307348
146.246207069155
108.089435331721
157.45574999699
133.538397174994
94.1454609024477
93.0224315552424
123.644398660624
106.837534971164
149.793682711777
152.715062295778
158.230011926682
137.252884479623
155.228231273595
154.620086286076
165.932253475533
145.452481167671
158.381077520706
-154.903447262467
-155.847118228834
171.642665562088
-154.0120896305
-149.540969970402
-154.678028925774
168.873895284952
-158.098920540632
-157.245653638669
-176.262783859296
-174.565184819754
171.05173529369
175.365489140765
140.542757025934
142.12782088141
150.916807407076
-157.962198379884
-151.907303900707
-155.415458120769
-155.288168489502
-156.784967377038
-155.006238950262
-153.080628379291
-153.066448352192
-159.788698274412
-158.636522818325
-150.729902852312
-151.96868048742
-154.181859081896
164.672964774552
175.842787896297
-179.04839216475
158.402247448269
-165.366811560274
162.990201091622
-158.57103482928
-157.750374926121
-172.253577244503
119.778169532722
-150.855768199683
-154.256537233431
-156.387863253651
-157.472324244797
-176.773172260464
154.135792073572
159.657465825194
-177.149109483241
173.835136251304
173.667309516823
-153.383892494765
-164.37401438338
-150.218208558341
159.614364667803
155.709948719237
154.490583032817
156.566740717837
153.950749161527
149.807134722785
149.084182660496
155.725383562137
151.445456694814
154.368486856738
141.184192088328
150.132540161936
88.7256683115811
162.282488305437
155.360861873103
162.532928923984
169.80148217935
161.766303531702
63.1282036353459
146.85261285037
85.1832220353813
78.6411124272896
95.9437191553648
141.211335296111
108.442037479742
144.880858464336
178.005033732618
133.634451267567
127.002957311224
54.1394202008821
76.5969793839763
41.8665312152447
41.8665312022732
79.0630245422669
56.6645360941007
83.8629496651559
49.6090735994515
66.3750329988063
81.6151709926543
65.43741711122
100.787413535943
102.676224627954
95.6202524483228
89.8955827472192
99.1415570794705
118.029444788586
113.177359326512
109.941334972531
116.419231306334
136.29474788156
120.196734541002
128.910891849455
105.416326636363
123.8556178775
114.274751844911
136.762133485614
92.5604993760937
113.87563915242
104.922881251896
130.009186496682
166.819710510632
123.53175434946
165.531173245117
111.635409811283
134.562925651995
118.523391200487
-175.591953848176
136.523726035461
136.068943044824
129.028579345241
144.166615182378
128.798739938572
154.767522407461
119.879547109126
137.870181632261
126.395697012015
123.062767104125
130.950696322589
116.169655099899
117.413754468444
113.150242313169
84.7064500385943
92.5613493348782
114.739372421774
97.8073198657926
134.596571249584
97.9484109411777
134.107533926095
109.350473377696
131.235198487489
107.71672175053
127.913980054117
150.492238151294
126.631223195355
115.555158548815
171.686792622345
162.640257513751
129.285240661055
142.905059042624
141.1678868488
132.515869520555
148.295685228931
175.815377027691
163.848178377831
-177.184930542199
173.591193072451
154.579377475963
178.440404902763
161.918980357821
170.049900005278
164.504886048528
139.762948795268
147.4821226838
139.541607641607
155.979513201928
165.488261196639
154.336040297261
173.465465131503
161.104155892213
-169.170259069053
148.412542311579
-176.609209434375
144.316511420388
162.117117492285
143.215803353996
169.536177243845
156.852200433292
169.045751302102
154.777016314344
164.70013944333
163.112907526717
158.043995854316
154.201967035484
151.860271081461
160.278535198062
144.782475816728
164.82337794416
156.564524685724
145.750712581967
146.226983451381
132.627684140563
142.307214305615
153.389435713654
154.732967560098
141.316036069872
140.299311258649
157.100696536154
150.015977874149
149.22921390476
151.979538672019
156.123586325093
152.69389108396
156.731228516261
154.066708585695
159.645220154654
155.499796438592
148.421127869812
154.859360437744
151.979712241752
155.847746880705
150.372983359349
154.985992111388
160.665184451413
159.343661510134
160.068363202021
157.869433617325
147.631306919809
160.807716919334
161.335177064638
161.830304009839
151.500647183267
159.118626374448
164.360269717188
161.159594785894
134.963068853226
147.030827337281
149.205842615362
156.032767200993
146.06013969772
155.847418751592
150.570524155367
158.149345733563
151.395883674657
158.281143985924
145.246240641945
143.023565087027
137.529700124541
147.433980631749
156.946959333154
143.219817936351
149.408337132507
143.126782834643
139.709945866401
160.994042662639
145.196202878553
128.544056483343
141.345402530573
129.347171831721
134.783443254616
125.974532914935
133.393068622273
126.221202151765
128.128030713161
128.382560470252
127.438003641377
132.360290161879
129.683873150909
132.210724941923
130.981602498032
141.390038469716
163.261884410211
140.665647969314
159.363629063862
156.596455877884
162.575650729992
128.135696149796
150.486676393643
136.73160119145
137.337354456913
138.79195628651
159.189544833441
153.57658142574
148.951088910322
144.943133011616
146.047505629304
151.253062933922
151.35883136811
136.741695986972
-172.896984829177
-159.652708475061
154.879956329469
171.204840492097
-160.244308970121
171.066827031334
-157.879205133477
-157.867928925449
160.618510832021
175.022127718159
164.45027736503
124.933687094254
159.249599818021
150.136021743937
121.39551303154
159.450848152773
127.726306285607
159.898075470536
112.956633803342
129.512685743717
110.681849411535
148.7485846891
116.203133616428
160.714621726303
136.121528975009
161.005650260687
-162.008523868678
169.191937743525
168.459273135006
132.700697170882
165.402522855244
176.613091859712
106.332334907466
119.571801567526
104.381263963949
117.057797051466
65.5727648817301
96.1849985533282
140.608648225755
146.195096571638
131.230175568454
129.881538968746
155.266816154025
165.213572301432
135.26904030318
139.205791087701
128.90953442893
132.3907518111
140.440623981175
146.789148705676
144.031409660964
151.628847129383
134.901192908482
138.733708002666
140.658770653383
132.756329700173
131.326808001628
137.82661530092
135.72175962164
151.866291968525
130.413532378918
129.750870925384
132.715907737405
127.894174965046
158.721421316857
156.478385885734
145.477016603535
156.773250274787
130.653370963728
165.784409047391
158.687497529136
131.842349435348
130.525845521497
59.7852715292067
139.699564829833
145.24484378191
134.513358604913
51.6108903562556
153.246705662883
143.212618874994
107.149592148143
88.2316595111222
170.677096229196
100.624127933834
69.5916299538785
93.4247576484597
97.1210860376116
55.0239772838359
77.970419176133
51.1475672700697
75.7929017142309
57.2913158037937
72.6208463297737
106.870138141196
82.0792569938599
114.180450395241
87.6141731608542
136.884476551941
55.5967883847029
71.265264118259
97.1640569805685
97.3356557312129
43.3168286262728
55.5472496654805
52.4060655045231
57.9017186073703
52.4628552199286
53.2122160412367
43.3885217067159
59.9886597376583
49.1156554317171
49.1701334447855
63.7295253937272
64.842599927821
50.2845462519066
69.2483070109018
100.930333362885
88.4177559925062
105.44565482174
121.48317630431
75.776260838807
115.641899712254
125.33686161444
126.442462637676
150.413930516594
152.62108754344
161.549799155134
166.069359292235
123.350998688877
106.048673147655
120.647507587601
137.864090224731
146.431276558879
141.729956367751
151.869541655506
159.074138550698
168.469334361172
155.90986106188
156.773483443856
152.779459134905
159.560870284872
158.710625805771
146.218025238254
171.811554064929
158.158536221047
155.618398912352
153.255887028894
145.969273824062
152.676807808212
163.944997219515
162.819313260077
161.645512290212
164.620108223024
166.083182371983
167.646630248079
141.383209367824
170.344588401314
171.359468819971
156.008136433284
137.568960504506
163.672394267272
160.300782260459
138.985086656871
153.615808415103
160.238573800923
144.435365004999
150.342510839461
161.922157895366
144.033696169655
158.629194028019
141.884763524462
155.360598594642
143.405864936026
153.109730859221
147.146487290176
156.318259292544
141.699803590508
140.137387646501
153.711360802623
153.635324348927
161.156607579372
153.835214204191
145.873679732252
147.276493196802
156.550250314026
156.340481079149
163.359575741284
156.457597258404
162.253566288962
166.434027617265
169.201307367281
171.644771572248
152.135780945498
146.695188266209
147.460147370277
145.727029570358
154.972631084566
149.951758752944
151.827849066935
149.706875155471
157.645379342803
163.45982113027
173.811217748077
179.369593132262
172.201163318045
176.276673342779
-171.404345247009
-164.21232441003
176.543545823615
-175.770881596331
-178.268001985514
-167.032981260348
173.888787302051
-167.872784620266
168.522922840367
-177.338444043404
172.175907128023
174.773303984735
165.263657970603
179.104313413394
-173.453436427042
173.738077708954
168.388002466421
161.931539131772
-178.085327284299
172.664065276484
163.85410865156
158.96424725046
168.622490954148
166.42087765191
177.580157040752
166.71717363138
168.636991425896
172.353886829809
-175.119554021151
171.126393587444
175.062222103228
167.8862212037
167.622155660792
170.616379241419
174.019001147801
175.360934568988
171.756320461576
173.910659158237
169.739347849609
171.630822386975
172.359154315356
174.574795911382
173.954545444069
175.891957201125
-179.624392495427
179.067740769802
177.493045534965
-163.584238598374
-179.930063465226
-167.974544889118
-174.774161694649
-170.057232547092
-172.915577329066
175.88913390905
-166.955156803419
-171.231521749033
172.624600089092
176.047851649918
-179.60123963223
173.518870548932
165.055763027417
172.185118000151
165.71431982754
164.274991366598
166.512656219545
170.482729338021
-177.073149124502
160.149854994623
-177.609712910915
175.062210574519
172.543884509912
168.85905474853
170.031002478483
174.248765538275
-177.041139248334
178.380740993021
175.038110184158
170.810236267125
170.975323978055
169.119915968278
-179.233645802912
174.243103666329
-164.255900148016
-175.434844618503
175.767020570846
-169.870536660559
-150.304569620198
-163.348217935364
-155.27409277913
-170.166300691245
-157.852104448138
-168.886664718929
-169.644916454519
-170.58510827702
-165.564121174411
-175.151121217508
-164.915839376305
-159.079627711759
-169.317480371536
175.426271931124
-150.754222503984
-179.97932523108
-164.688245833725
179.654070037474
-179.608576868815
178.211220128894
176.737688310457
179.584075467306
-169.743759249337
-165.127824257971
-160.495967778217
-175.50244796342
178.127042209432
-178.329458570739
-172.541037286539
-179.054393705505
-160.541191392506
178.898055622782
175.43657791267
-178.469902412947
-164.896294588792
-179.642778098094
-168.026299777745
-176.548203418945
176.859900993288
174.26095464466
176.828720865927
173.400723870383
-178.23767430937
176.450861676255
179.771787535805
175.044663386303
-172.169422883681
178.233746630492
-175.609619713875
-179.397451997413
-164.061236620688
-158.800089797878
175.834068804948
-174.333955784882
-166.019690809998
-157.121583052369
-172.18231505443
-170.069825768312
-163.476675722687
-158.715705133749
-152.576070248551
-160.528896588773
-158.22152695271
-162.333430687679
-145.287389604604
-158.799750266102
-174.348011638381
-164.201249875149
-162.356683732501
-166.131564266606
-167.30728806848
178.95999035102
-173.004514924469
-179.673081394488
-170.659188333217
-169.811192734367
-152.941960978626
-167.836509271684
-159.472697958362
-170.385338240214
-156.8058251918
-168.546763303398
-167.863215183014
-176.562540938869
-154.030363556544
-169.113065323054
-158.423275298281
-166.089954449554
-157.397308561845
-163.726630306067
-144.639998104133
-145.805021286515
-133.396750688312
-154.985996530673
-157.679705342688
-156.735013836008
-143.443181748175
-160.547040283673
-142.878263613993
-123.719067642658
-141.712965833317
-127.333847684185
-141.543354132404
-132.434360741539
-147.609537125766
-155.858043526637
-150.783558503949
-147.066998184378
-151.149836567765
-155.416976247154
-152.51614858053
-150.359347191517
-152.208956008227
-156.395287872459
-154.334955135773
-156.68852662915
-155.134332856969
-152.443458621549
-157.080458832607
-154.027743488573
-158.061708502498
-151.096884546137
-153.278054319649
-152.14700881216
174.810151711286
173.207866366966
-160.271920930347
-164.797656879854
163.56658830964
157.545020207228
169.232834664504
163.316329806896
174.646813082921
170.376986219227
175.793685392149
173.328227242389
178.49076156292
177.453597600965
179.911487001065
-165.361128001757
-162.538808701809
-168.021757057348
-161.230508764817
-166.369031160837
-163.053991088478
-159.11982608787
-165.922551737946
-165.996942899982
-160.816237871632
-159.604974625018
177.374044160256
177.838126304352
-169.62171813427
179.768999416861
170.29203709737
168.191981960597
175.112764929305
176.70933281507
-165.792618361591
-168.602241311318
162.244833362743
163.395795504889
164.020999429323
164.757661716413
162.404581117252
164.315817804985
166.226775402535
168.730169855808
164.533022268974
163.998929543255
165.240156843699
163.061352725982
164.832165118202
162.325304866186
162.837492651839
162.116538269689
160.34190725876
161.643946065478
161.070042279438
156.203762040605
161.414657484099
158.175069413209
160.703824226416
161.985998995663
164.552405455198
166.536994635627
160.835216860037
156.420001285009
164.501587485446
167.442364901431
162.787731412791
159.871221350706
157.90000835112
151.801016509916
158.463235692173
147.183627989685
143.348075915323
152.257422897617
138.136907545971
151.515372988998
124.304073949627
141.114014595081
123.244332333205
139.59589418381
145.056440729584
147.699469754067
134.894800922029
121.171725390137
154.277562597748
150.474743758333
155.586892970733
141.210741330627
158.540032860553
150.847756555363
161.513960068321
156.8454189631
167.638621254797
166.952466523082
-155.470803977517
-148.820472802061
-171.791641634473
-174.700369919809
-164.298141603484
-161.948475389943
147.600059379624
153.628768061641
154.181588664619
160.073372220619
129.588485139281
157.174333913756
140.919163807039
153.244887959372
144.926576777092
125.532743726065
150.15485121232
159.345058019545
-161.422853399781
-144.304008651788
174.08712287948
-119.409183351471
-152.205593310409
-109.280106667974
118.527547790431
112.406260677529
113.567168157672
120.502562233083
124.530937339192
122.30313160343
106.466021996928
95.6769696148078
117.930328202112
111.955003497695
119.35967794815
108.557514152586
125.394903734615
113.21860213121
128.689681925918
109.908912896318
133.893759173304
123.041471301624
129.927997766766
108.231758909993
124.848620292916
104.373771218704
101.042693872964
113.974777115919
99.2854383742127
108.773910670298
110.769385814678
104.690041873574
116.140727847182
112.817479738166
117.99808749494
112.790990248444
109.348130668718
114.246621534959
97.0687346552123
121.916890899063
97.6694989962743
92.6576993421992
99.2599943414403
133.474787934581
109.931521364892
94.1240447179763
100.49071293522
96.3945217652826
90.201037934197
92.7662215855046
96.6292799165412
125.660879814375
129.834462349572
119.575589205287
106.191447213858
112.198161920564
115.089059027628
128.846068691379
81.8741960523216
135.158239280797
87.1384371903205
88.244212558996
77.2064918290764
73.5849597286713
79.372455851225
79.5674016623025
76.7155796055537
80.5758739258186
81.0672518010058
80.8386492031931
82.0525327259831
115.37791916516
79.7153811227852
83.0932530562963
96.800873517348
119.302275272462
75.5957410278904
95.5689146082407
115.551060737551
113.909557271497
119.692291345812
115.187297736895
96.0745842375913
118.443984902882
84.2025444482223
138.439078600823
80.5379738495447
85.1523196056833
-101.450852480334
-103.541989513594
-126.192220010322
-121.957600719472
-110.48982534975
-107.656208486778
-123.688427284734
-140.084356040512
-100.758206501158
-113.739415289694
-115.727125717653
-105.007195863473
-114.111239805607
-103.028418396904
-107.760378265599
-100.911280994764
-101.38231629251
-102.527978828824
-100.925183412351
-101.260340759891
-100.826265210845
-100.740469050413
-106.457073874155
-100.756675261353
-100.786745728417
-103.99426648576
-111.175435341736
-100.703547384128
-101.940152936008
-102.297301877688
-103.875377833134
-115.567180067876
-101.522219557904
-100.636564547143
-100.706767134242
-100.706767134242
-103.182021217838
-95.4581737229668
-108.323248322005
-83.9487119173028
-101.996285103641
-102.37402398611
-109.96544902868
-110.96541081511
-122.339390508805
-123.306470457285
-111.832329498633
-117.702729512464
-113.724900859978
-129.869791790698
-114.128118997544
-126.26347686221
-114.638436802791
-110.656020681896
-110.656569298225
-115.304653653032
-112.803530593355
-111.806931546822
-109.199044775088
-113.258623298531
-103.117117785622
-88.2746881963683
-102.046888578929
-117.400851760156
-122.003089247524
-116.811482848599
-104.156724462903
-130.511024829042
-146.62802988391
-139.07413161109
-117.706205992517
-133.897522151339
-127.258084859832
-122.559390186325
-126.28706252401
-121.333903989901
-125.750277123932
-135.335289473281
-126.83287228372
-127.330498163684
-122.754818394682
-124.029635719801
-138.311423255076
-117.614382881048
-141.638985346775
-143.760323128834
-140.471161315635
-147.332312272292
-136.026306465012
-144.871597868748
-138.926147325552
-145.203968048276
-138.025240677507
-136.36222962303
-134.807336881026
-153.229008071219
-149.287923399344
-149.22838504198
-139.229996008383
-161.131107724807
-151.764621082566
-159.332885582078
-151.663198890249
-158.034133614957
-161.070564052802
-156.190641449289
-158.749345077177
-153.621984680769
-156.516561694157
-150.564703157659
-147.195885512461
-147.220342875637
-136.23255286311
-148.762672916934
-143.571551820666
-145.415577828557
-135.533624554853
-141.035172246929
-145.337378598191
-140.876082407544
-128.088510661448
-136.88546562462
-124.721101324318
-128.640202388547
-121.579430737944
-137.57989495422
-131.851883530035
-133.520545963129
-141.953333605882
-130.618800280796
-124.261659735786
-130.34300839522
-132.964830982392
-148.302757552776
-150.357985353371
-113.746503261745
-105.96292684269
-129.534014419724
-89.0585945622908
-174.781739383542
-174.814489633865
-160.937532246274
-106.175694705002
-149.593724888887
-153.832379069959
170.501370516843
-178.352886752323
-169.679659574109
143.494531479859
141.831808755048
132.247983466905
145.729978123535
143.590210854535
142.189226784286
141.29531246445
119.79181852298
138.920058052016
137.350277922732
121.422611077908
130.833138343452
147.281343196888
135.019289304988
130.844190402683
116.600665726547
127.449933626242
119.910092255577
121.56463194394
98.2233941338387
105.394922957565
108.48152840105
115.888497660532
120.590954256504
118.087766452881
107.143134696058
104.677476502572
122.782170606931
117.624222301216
147.302579564018
130.85626371364
110.543982233392
117.517195132152
102.416321869738
107.555848013208
-126.456641824869
-116.463024569911
172.379319921285
150.703670645893
-152.436668259141
-124.13186621345
153.195002315679
153.212262937471
-101.942578429441
-94.8153543851154
-114.275407307237
-91.3449332082109
-102.027426881997
-86.5172499282449
-85.5496436861016
-81.853094521674
-85.3798866080094
-81.8584343321606
-102.43422494892
-86.1425731501997
-81.9602508187155
-81.808246463792
177.333995908139
-82.0730923119624
136.051774952238
-82.3666974393323
-81.9616343958205
-81.8445653322237
131.008611867681
98.7971177920884
-82.7369284200173
-85.614756663614
-83.6575697695248
-82.7174988333371
-81.8625085998953
-82.6810437641209
-81.8113457652334
-81.9249614674066
-81.9350372556085
-81.9149843415963
-81.8376735798429
-82.0503151818554
-82.4414870736136
-81.8981379704663
-81.8793045846878
101.989788521628
98.3436161504181
98.4633317331866
98.3616883729229
107.54189241048
98.2892782916825
100.230483797374
107.146945057797
107.527564928976
98.2494625732317
107.568624111455
98.2490856709374
98.2362019494851
107.56001251963
107.531774792283
107.142584078777
107.100835875453
107.146837088414
107.553541146604
117.504748032807
118.442557393878
112.511938999354
101.706772821013
141.158748141807
120.537889674647
107.561516658541
110.547495542279
100.196144084381
102.395317193977
98.2333661579671
100.185660678608
107.133547034822
107.580717377628
111.974745776427
107.580907919627
116.927881340144
112.879458071645
112.872289530243
118.868202050809
112.962079827439
128.193720769576
124.090699692875
112.352788971971
122.106877929477
110.221004751635
107.523154889347
108.923832307111
123.643323946453
117.795731792841
107.527382303625
107.824600912343
109.80887003019
118.106048836381
107.593356909932
107.563152290802
107.5673693201
109.70895685027
108.71298145774
114.805866134541
107.609842537677
116.039573397814
111.892204669442
129.386345905694
118.983999949648
134.560441730016
134.973791604567
116.139018562921
122.115296287062
123.844182856557
118.491202349892
151.888955342013
139.242794662879
147.426057432192
142.301888864157
148.413660868406
143.527203129566
152.097978482101
143.811071801798
152.057548946134
152.179023100196
118.017287360606
116.654914136679
127.487339886115
149.003070619336
152.099991084173
120.641240792054
128.410085012099
122.625416198182
129.845890713411
124.362403237477
152.149477757147
146.386400770065
134.645981218346
136.241281770232
153.231471550436
152.21604057306
152.285847061123
154.15755821367
152.768315825748
159.622342752681
145.754378904832
127.939567225111
150.66765131873
152.056942346745
137.057782062424
138.619997647701
150.113542669198
152.072304911928
152.059589584982
152.225578696248
118.616509043473
111.097723602249
115.082697455995
112.137842744942
131.697031480879
126.42349053675
122.602119104404
119.130776257904
127.341294404912
125.604935956872
129.994191135117
113.906176567396
134.195660033401
121.787462807522
133.66828979588
121.633688009186
140.800221545117
131.078551741612
117.071176711104
120.849605762826
142.251220983736
147.605660008158
139.575541257803
135.008238521309
127.906238993187
128.340513761746
134.917561317868
137.715341202067
122.932938029159
128.893794143026
134.633090315123
133.365018418293
153.223013806232
150.089191066792
149.291764856226
152.041563632505
150.439541102677
152.001438979082
151.095993486639
152.154466260483
139.390267451096
130.175119016504
153.607051192056
152.180521565007
152.101780457767
151.761782062595
152.325991940673
152.206929909692
153.677069716827
152.152857108446
154.599597015194
152.261133723064
157.755390453798
168.768535198201
155.520743056183
152.157599395787
168.076865265156
152.026118077043
150.664548740503
152.113056493166
150.784003081028
159.698876870121
164.904211065799
165.493869238165
162.569602987653
172.950114546742
169.820170461852
179.668830855349
170.458377683735
-170.35060299468
-179.872060172808
178.14488155244
-148.602304206411
170.128796492174
166.467369757557
-171.557789464506
154.779502300792
175.561923339029
172.04545980418
151.803877784302
159.207916454041
145.770833939633
176.729515901989
163.833322022812
-179.789215064693
173.264188962063
150.250968743763
151.613697467593
151.695918491446
153.221184555885
152.03355814397
151.79082937891
159.95854627525
153.510675209244
152.28127958809
152.232325955019
151.467795633404
151.452688487005
150.993187593283
147.074757422067
152.51702055161
149.581704568905
151.012467984499
152.202312157591
141.956879033284
145.880321914456
146.021012446834
142.384528843209
151.968623961517
146.466475293067
150.395807719932
152.629885470966
130.044652906118
139.040010987932
142.89289178747
149.784849954384
135.987380352687
133.462448489652
131.444124293515
128.343296199971
139.635698660281
147.074595094272
128.153052899335
141.098886922056
135.077742788154
138.061368710991
140.807859664932
141.563325534299
129.516484203105
138.662740789259
149.17462803904
142.460953457143
147.288152847834
137.915818381986
144.144156540763
132.722272924792
152.456764875451
144.182219828692
131.764073082324
127.85830753106
-136.462427981515
-163.558327319513
159.88666051826
147.771823805563
-122.769960847901
-139.114615455279
-132.324879130864
-139.265214363023
-156.265160100045
-153.311132685265
-167.447711580272
-152.650947777445
177.702697982049
-163.498273784946
174.491656348659
-176.611635974844
155.938497108454
170.500322319996
163.974009691847
155.386513923771
149.617094416359
159.525352310303
-153.751205984533
-152.513559475155
-147.818626353145
-148.547502004105
-144.171249016269
-166.034833920388
-149.876292927754
-153.917791869264
-161.810218589362
-158.767583843968
-157.579513927203
142.431930350893
178.534422548472
171.706493803709
142.432254875567
142.585934084652
145.249052765495
142.698356464841
161.318859288109
152.495090394767
142.586798304883
140.391086444214
148.379101550032
138.797552789007
139.331932078427
142.285379792492
142.568086138417
146.719247397792
141.451242523235
140.273434911602
150.233985384486
144.112378625493
142.441877150197
142.579848474679
147.324935313977
141.281811243685
150.706768462085
140.141647285297
144.718491897923
150.619729453557
155.806288412012
171.717911404962
142.464617942221
141.707846671255
166.272585153498
149.057838186088
142.348639771361
142.40391384534
175.040719041328
159.948006404406
157.226742809002
148.179979678092
-157.451207608852
-158.867998569029
-172.52109682386
165.50419802043
-162.472779173472
-162.245703381637
-158.810676379606
-154.329724455542
-174.847540153737
-160.839830159851
176.812327846296
-176.073230448593
167.000946182133
162.655330830432
152.629520266155
158.311613668097
178.284858518031
160.506250672899
173.068063608236
167.037463171814
-171.54473758097
-164.052074231085
164.5580846348
-179.117055320884
142.41982839591
141.652286596108
153.359625636158
149.274675524378
142.08151140002
142.119379586733
145.135409776087
143.362604628182
142.260582371121
148.818602638681
165.527427356593
150.623344120625
145.783494507578
141.5702499299
142.535705961603
142.288820582928
142.545152691894
142.20530953055
142.449148404148
141.729162883336
145.480658302554
143.923244188535
145.796566900771
142.361238691965
150.130810152401
151.634964777842
140.409883652392
147.140574555589
141.823989681138
145.236622333611
151.065275073257
151.722818803398
154.829567627307
146.487728376565
150.910135793039
151.409588111415
155.300392453176
152.867749412976
151.86480272976
148.567429480122
151.73152146184
150.747406777625
150.808054337066
151.391910160682
147.452178185883
152.290655241786
151.398874768856
151.247531811225
151.594627543355
152.52204484273
150.953084593765
151.399161465046
154.936094721748
151.928032269633
151.354508349051
154.561634910461
151.12417109997
149.959536256971
152.027756294857
151.955045118505
155.842513835299
159.022071803316
161.860000704261
170.021708436384
167.741102999199
-172.293815584738
161.763951930084
160.491842945051
166.557091749754
167.678172329839
-118.239501112532
-150.342906797071
-149.243788269388
-129.882071001508
-149.890226273899
171.527500705069
-173.762037207875
-172.128172048097
-129.459234855464
-131.155518047278
-150.288846316832
-152.544604372219
-120.360258118246
162.899347395014
165.87857676081
-173.503404090608
-173.61616710746
155.842807158265
155.068911026423
-152.168193070667
-135.383241200985
-119.538282442856
-130.120663698337
-149.745090179654
-138.263388591326
-117.815280888732
-138.339234519336
-126.628439306159
-134.484449996469
-119.616904877187
-147.670732283013
-117.087143575926
-138.324610264004
163.551723572941
143.102978950389
-178.227638733057
165.52422056749
158.341572014231
156.080755627832
-148.06981074919
-151.786629245601
142.306256708717
138.470225688255
145.061757565823
149.17083562657
151.728321874622
150.565181463419
146.116734971296
136.687699883855
150.294151126573
138.890240191821
148.229155138626
135.837764155799
148.870104640962
142.760761318774
149.970597592043
149.570690760068
152.454561985721
152.162537537253
137.767712507473
141.529334602208
173.86257225069
-174.0387539661
144.99901807874
141.01068147133
128.77860578984
134.096688531214
132.723356526499
136.454426365396
145.409928373245
144.564076717448
142.401963627014
145.914289457216
149.305967718748
148.690143952699
170.115799795328
170.441678962535
-174.195301214975
-164.199275007378
-160.024406326103
-151.412022859102
-178.380298998229
-159.675375612114
-138.401422442275
-129.106535808388
-126.791676422902
-134.46836696963
-116.909194242753
-125.62835360831
-126.325971612454
-116.688450153381
-133.997064510876
-118.924565194179
-119.541515246012
-137.165904959891
-146.692589074442
-128.551574490583
-137.459807737595
-164.629190965006
-164.657331268574
-150.591207784676
-151.133792523305
169.165434345498
-178.543925128121
-136.94358063577
-145.836749263978
-133.27134330657
-127.894538295726
-118.446518146963
-124.734517726382
-115.862868028687
-116.059316998373
-178.807005519434
-164.729910369338
-124.108276058814
-127.391569121245
-121.794050039095
-115.813584560823
-118.290145479525
-124.588021427077
167.649448617355
-164.706950684052
-159.75825913713
-150.230447633564
151.586646403412
140.986127530342
161.67702710023
-174.326478907278
-174.537554659954
-164.714621200686
128.134815100884
147.956614505173
143.675581647218
135.231702902805
141.127252839741
127.134346833417
148.193489626934
147.929927677394
139.654012905136
123.037136776454
136.403492776931
125.575619962891
131.673138905765
125.935151038957
137.068043392616
132.69781264772
139.932408777248
136.638774596376
122.365067815053
137.456888042634
135.51195688038
140.215234754201
147.16737442591
154.413300692356
154.095204483176
159.635483233338
144.909401522814
148.561599199432
144.554318418619
147.375458889664
122.451046435522
132.158512575098
136.164785999283
133.84752222322
141.72927342419
143.988524753537
115.869548092317
134.605861436661
117.6182247373
128.292673762314
134.880876386835
136.890259280474
125.881411956674
113.177655799335
168.463993637128
146.952411804124
143.417033664973
128.515037298071
119.787878198158
107.600716518693
124.092523355779
103.618007796221
103.710956910031
178.575339093101
126.382749744662
123.606874777084
101.216203795207
117.299743259092
116.864420851444
121.811217010154
120.6098125269
138.254034060881
99.6439439489843
134.237888617667
136.275794930084
-156.48443418699
107.772744619549
126.011269829889
99.5093895195846
110.140542443886
99.586796008909
128.974006921727
165.743804265603
-158.632604089161
126.584406979596
116.586398467802
114.980027482454
119.994761588022
177.281092255384
-145.27722404928
159.877162634207
-159.521808072102
-148.152451639476
-150.182550028525
-178.85636091102
-161.115778314957
157.361205493549
-177.465923853799
-147.647767456533
169.275253736085
-150.52606713237
179.833776595459
-179.587234382017
-161.6731289407
141.324337722311
126.021554100666
164.047884515301
169.742596438507
149.317717588621
153.8658409794
-157.010544214128
-166.562359187546
-166.67146694788
-173.133821838677
-177.063561756216
-179.971760417027
148.318486531922
150.568170987328
-160.007121555146
167.71822426653
162.564881305371
152.570352774714
173.887026058017
162.009773889543
-166.917240202814
165.217308035581
-179.924350568472
173.646548227095
-170.188169060953
-176.6882577156
155.491136185048
141.243891636895
162.191380942474
133.457534554806
127.89015720007
132.315954031375
123.264649837964
122.618886211741
125.184551706357
126.904513039357
124.402700843332
126.858228382162
149.472975134428
138.304916887297
145.151383636508
139.330174129405
143.449626185446
154.63198504112
141.732038520845
147.890799340127
148.568810738533
140.041331546174
148.271278993079
153.152962435566
141.54839716973
148.44816189712
149.635368495823
141.833554415815
147.255964893569
149.995227186961
150.520067611895
157.330899284521
141.829976505174
149.817228701045
157.417229026708
162.565514039367
153.094027942005
142.439839656637
155.084591936573
154.815227444424
142.741698341722
142.139088567436
157.446469602876
145.12274520934
150.969093158133
141.64261085572
167.837108383114
157.186444931228
162.980010287686
145.497081681426
143.480309783458
146.429369708188
-174.814963683753
164.140201833851
154.399229997914
-179.181384380762
156.877654730336
168.798951813686
-150.434167237251
-168.038212174551
-177.918919650444
-161.509103096354
-168.452906837553
-170.587188056083
-153.907671830595
-163.797543827605
-142.802050249221
-155.700773045671
-154.364348673764
-141.296165652425
-154.83168303093
-149.430293038108
171.368076862536
-176.52929043741
163.212825826845
147.214064432207
164.505461698822
-179.947603105941
155.589199945272
153.800982392421
150.3885558586
149.354840374347
-137.830275057384
-139.380534578232
-137.358528352348
-139.814400767005
-141.454039162015
-149.854875642015
155.170385155018
173.484024184947
-156.638270743525
-172.953216334388
-154.374060392386
-155.523172590457
-135.429563896037
-140.728586240568
-158.602964473417
-159.020216789491
-136.324506345316
-148.204031602853
-162.866183733029
-162.369602828611
-147.008361326795
-140.913639582657
174.261715301686
-174.648492672734
-177.298991689184
-166.504871903516
-152.299856110113
-169.066505762458
168.548640005645
169.833029999736
-174.362005638502
167.195760092713
-151.826432921648
-167.104484150504
-145.880701868923
-159.831985613457
-153.230949972636
-178.092254555201
-162.470011951784
-167.942245045251
166.851588544557
170.639464525862
179.979927119222
172.451607520545
-166.178929761617
176.95153267684
168.617768769071
163.454436931962
164.885456599716
173.292375285601
167.457313565596
-159.657725579349
172.736927158069
160.433622346328
162.448537493032
176.793783619466
165.95393789422
161.19852010025
162.667856680516
177.635061766858
169.926151974427
161.482544044843
171.841465816373
163.841251150451
-166.068423800896
-170.812440632763
165.925400996716
-173.002089928419
-167.78265381281
-177.997006215975
-167.768292522097
-173.004462248721
-165.414877625454
-164.259735431802
-159.11359500505
-166.160739276061
-156.256166053897
-162.432383707125
-179.889706071313
-159.564454649985
179.204460308851
-164.052848669836
-173.046944841729
-164.768098156098
-166.425620200527
-169.236675169525
-166.32573300656
175.363628153552
-163.274044360861
169.911611899787
139.183999140279
-154.919993781862
174.991584383071
-156.569354807777
-153.749138849066
-155.834925130227
-160.634043385894
-156.4055822979
171.244556148262
-167.927160904385
-167.003325322374
179.37441924767
-158.538678981645
171.984029764599
-154.796271892049
-175.363520306168
-164.220064197396
-176.209711858368
-169.518224368317
168.980163793855
164.183398393403
157.422579000824
-155.006921810293
-159.07508985336
-178.503537278136
-169.911177800783
-161.565835495166
-152.274986181112
-163.225803297279
-170.079314833583
-144.339122918284
-150.583469691733
-160.327517981591
-165.827627957087
-154.245650688992
-158.142223428887
-155.321920516172
-164.595943612562
-174.068400026016
-165.571778049976
-175.651586382327
-156.022825663998
-173.780246204113
-159.989250277121
143.893980250988
-176.919449793337
-159.687753252608
-161.641387679369
135.032522490155
162.45466880387
151.223546044605
175.199927594085
130.166788833349
166.218177880349
129.80299938036
161.553749722961
127.770182297234
135.387074714933
153.633612852878
-178.379183918119
176.054064306258
172.988146504768
160.180132866393
-152.839632759987
-177.321933711984
-156.319071085976
127.765378216481
165.012679255245
137.222350755563
137.901839542437
101.977915054711
116.100376583852
123.213816165297
143.412341977995
121.589463812436
139.825820023094
127.150100243316
150.121479710959
163.20030026784
-176.738515439116
139.462415972106
-148.579277344411
-172.991157895732
-174.232064216437
-168.06447967322
-145.186482421057
-160.493598138701
-147.212477220123
-142.481482808984
-142.178238840899
-141.689324147132
-142.799800807018
-163.823370044774
-162.788468038855
-147.890543296071
-146.207449990523
-141.375053879679
-141.671066944579
-140.097492353724
-140.16312993371
-137.966207847022
-139.102015955964
-135.973745855874
-135.03583940715
-147.029919674054
-140.219071029324
-138.562301000383
-136.504753028927
-147.687487940688
-137.740316993919
-140.867169648586
-141.42553709965
-140.76016678058
-139.896983817655
-139.867515799567
-139.191353937552
-139.891772704969
-140.674109590771
-138.579141327104
-139.374129239219
-142.38767497778
-149.391418843276
-139.350774822204
-149.413399499093
-137.140547385732
-137.458117485483
-137.913435726703
-141.045327619037
-137.742377389156
-137.701633630369
-136.898344456356
-136.849215835414
-135.977569861999
-136.275307502629
-169.891813831514
-173.571353916251
-163.260484957206
165.216478666124
-149.902022400839
-140.400567801553
-158.535426369026
-150.43435840055
170.489692280668
170.463108971358
150.762322918816
147.760071815321
177.540475050963
171.184442316961
179.069990970324
163.197991688903
-157.671230650299
177.681506868677
-154.634148570421
-152.434276634914
-163.750451283445
-146.354127802325
-144.163485714612
-149.576033696694
-169.066854891917
-154.375747917469
-140.618551022651
-157.446313067595
-157.712672951587
-142.355509701658
-158.437399725733
-149.209646616066
-156.197334534534
-138.514166298903
-134.493586127799
-140.031854813642
-140.140537328437
-149.700833270852
-148.012279882751
-152.121155112922
-147.108003669621
-136.831152993703
-142.193889724793
-138.796158099942
158.223611898851
-164.283890914056
176.901139773835
-161.630711275068
-147.852689655063
-144.042331660066
163.38647953305
-143.850877095994
132.241852746752
107.076966114021
-156.478474651415
176.054020814726
79.3986179647572
109.365215592616
117.578846698396
98.6306160063359
80.0117363584637
108.569348378687
79.3931046931543
97.2030041885136
103.629724036579
92.7474828092474
-176.565608041957
-154.702377175563
158.246147764347
115.096579819186
136.197174733202
-173.973072390961
80.1131246570732
87.7737125830338
81.5058886696233
92.2701695679151
80.3990836764083
101.465630990563
71.7377749669364
-141.425097313404
81.4731225213315
132.319214293784
-166.182247372123
-135.626672622422
106.40121885519
-137.657000000658
80.8009190227142
96.912005401932
-138.78995182616
-148.739246361484
-136.766350099648
-142.350849681351
-136.998939210756
-150.354941564551
158.157477214098
-151.687079954997
-143.255488635042
-159.745321342363
-135.51993809855
-136.977288499678
-139.124192346324
-140.044197688693
-133.710528366126
-140.533120416789
-137.973936425706
-138.92946274309
125.417645482832
-168.29294262095
-168.48299059932
-150.674339608243
-130.193286250689
-136.643310993065
-137.507363884828
-134.307548907232
98.0968804526554
140.72610101945
115.320350851617
158.717958050398
112.935041643239
171.308304961358
155.117406405277
175.829830836039
125.973298337999
176.746384149594
88.3451861289838
113.658064472446
106.695762949091
127.64631424644
100.318056657304
120.999854315414
105.590657673359
118.259506044117
80.7515734784328
73.6648957029878
91.0940420288809
107.428897256975
92.4266558961013
103.838018012222
93.9442057547747
112.057449725591
78.7630063920991
75.5992236455054
74.6300978795071
78.7238553029685
93.5653937273153
80.0449281037602
81.5725657505295
72.4722129329403
90.1782042055291
77.9438006554127
76.9099261226463
82.5233533024606
73.7503496105273
70.0458797101036
73.9473158010017
69.9665205247931
70.4384422445614
88.3123594573474
70.2951752130502
81.5048359205306
70.3698953133782
148.17353388951
70.816455988303
164.37228201827
104.2202647298
84.592846812671
94.1418456460638
119.309103384815
-126.744491603431
-145.23640970579
-167.584369699273
-138.825528707506
144.61497797256
86.1811369128805
70.4538581246465
-144.951713554724
87.2372341054461
-132.522535393364
94.4831142895761
83.2158094237996
87.2992783381876
-131.671874172771
72.7957357702089
71.6307309538913
73.6541559619717
97.1030916648743
72.2437040756293
71.2391158123473
71.6651153867244
72.9041087343164
104.074597499217
70.5788573027982
122.788501910353
70.8723849359282
69.9584885695628
70.0723743274618
71.5840622540379
70.3795558478473
72.4902073957857
69.9700837526213
69.9683901349559
69.9613229142644
72.4769152155225
72.4677654861866
72.4795989119625
70.0150250158591
72.476004641664
72.4721303353698
71.0558640989929
70.7421448829985
71.1552504559936
70.9686263761014
72.4903277066961
70.0622361928542
70.1124623500526
70.766549222653
72.4915714938748
70.0412019274099
72.5023232613204
72.4790124509898
70.0462464671462
69.9841305702115
69.9547919624711
69.9635676816309
70.2662679108499
72.0412708361287
71.2542706080404
72.8871884906573
72.080689666852
72.0494988111193
75.3045902132423
72.6211799542182
72.9280817725039
75.9074036248622
73.8613019208653
77.25531126503
73.9642193573027
75.4440215858979
92.6394996646636
77.6551882464563
89.739103513771
92.768897811942
89.17233418203
88.6637062517872
81.983250800271
81.0656665900946
80.5115522635186
85.4675421795932
82.1084574639204
83.1937935524993
81.1788528326188
80.8200142936423
85.4938748688282
84.8487601646287
89.2128604727079
83.4741728361259
121.2369873841
93.7860241997324
104.284074117991
86.8927344723885
83.5313593779295
81.6406867661212
81.0968900815396
80.832542567135
83.4115449896188
84.5498737857659
82.7327337391059
81.7761771185566
80.1595621135866
80.3988422656634
79.387245828505
80.0015596881486
79.5242722824206
79.3954827661056
79.6544041312688
79.7316944061279
88.4666140244936
79.5711384058849
79.3843388088848
79.3931041029794
79.3861454315993
130.097717396484
79.3852109586156
79.4938117039707
79.3751026872738
79.3847331295682
84.5507809354743
84.6221674085149
79.3825921272774
79.3831326971507
79.3825315459252
79.3758701081543
79.3802155711722
79.3958602635929
79.6002993623882
79.8924748551323
79.3746386092461
79.3799487406358
79.3788590675071
84.6216707242453
98.1863875988764
98.3015461518568
98.2017408718595
98.1847440891968
98.4518833686829
98.2353290853569
98.4950331358345
98.2960370379406
98.3798945218712
98.1866977738539
98.1536752612275
98.203453481812
98.1735148615124
98.254334794989
98.1841161555959
98.1491118300952
113.758490053893
98.1674691243349
98.1541122773053
98.184624927977
98.1405350674696
98.1861724432439
98.1583688301045
98.2552156039103
98.2663438302389
98.1523014917158
98.185656082172
98.277252819082
98.1446169291951
98.17715913831
98.0730189069265
98.2881804225551
98.1651641061466
98.1590851724572
102.337985591206
102.236212354263
114.282069448202
115.988612337909
122.509666522413
98.6583080401603
99.0323668166106
98.3480343262088
100.73734654142
98.227050027542
102.383432886022
98.2683990296956
98.5108850592069
98.3771342867565
98.4246864825297
98.187112759513
98.3008813862834
98.3615532308628
98.3950780125811
84.6195181771755
98.2127527938446
98.1654647012871
98.1646031814879
79.3953433434281
79.387374900225
85.3061169186579
84.6260921153093
98.2052181818562
98.1260488490863
153.681138439816
99.0242661983358
98.8705265318256
98.1674093761675
98.553745107527
98.6443284270643
98.7874091410518
98.7594750624467
-160.046787057095
98.8486053059596
104.852451661541
99.0185800218923
160.103266339344
98.7322149874549
170.380747017611
144.614373153932
137.096535109239
115.710659164438
-147.681309837382
-164.161755719277
130.628152782981
173.232554542317
-146.592994213379
-169.986341267187
-144.372718657973
-143.82272143991
119.11536112905
130.850722481097
99.3691241152017
103.970232473169
117.434289136701
98.7747011464126
112.046292262542
146.95731674791
99.2074565228733
98.7462812864728
99.0106957456211
108.484026526745
99.2241077830559
99.2152050709011
99.1915234652265
99.4231756293204
99.5090589294119
111.298139369471
99.5175860980028
99.4749657297863
103.353868280097
98.8204121437613
99.2367569781687
99.0942583245742
115.143780139961
98.8092327859269
132.374936610014
116.519022532127
98.9106614267468
120.685102142216
116.31858182102
126.674318686274
98.7626597520026
98.5061951350715
98.7928898451763
100.44450562651
98.672691309266
98.963275138422
98.4778814250699
98.7402541970873
98.8959348490299
98.7602145902457
98.4714565135983
98.3427226054718
98.5375801857821
98.4240558658307
130.851110900032
134.618251465159
132.471044635418
137.621435722213
138.898971882541
139.038208213245
-166.982118930064
141.957490821121
130.527129095286
135.170372907282
144.044620957134
151.528260568612
125.313880417819
130.376818472571
131.736036654631
133.635623862523
122.210980363708
124.857607508734
135.004822819051
126.992634329333
131.104979019081
127.561534917618
136.114477300467
132.003367004973
140.661903587034
143.385568773145
146.79586277051
144.59293170691
139.972938089164
139.322666804081
143.044896006327
142.764352726014
145.979049827191
144.082267335652
145.21906163282
167.168154239221
152.460364711137
168.45650168724
160.859033417578
172.443322941718
171.766104876164
-179.255327216718
-130.555425845193
-127.089756208392
-114.494043589758
-174.856608654457
-175.121148862663
-121.22678725521
-128.507641649069
-119.775994423977
-119.550243228459
160.111251816143
-165.323225126955
-114.214712003828
-114.056016235717
156.621310200846
171.156231214562
171.063116127819
179.122049802506
142.300636899476
179.47833305623
147.951805227821
153.579838069334
145.146567217042
-143.288055454732
-157.747457559626
-137.437403906046
-143.305444296705
-125.527000341311
-125.02327646051
-121.134522787125
-126.768097949205
-118.737923363517
-151.534604868648
-128.278065988197
-170.547194300207
158.385010143684
118.093654172631
133.783667686773
140.745641846245
170.344676876786
158.582127779133
147.117358969631
166.627252650645
153.409134982798
169.467740475185
-167.600221436679
137.92096310416
140.758910730856
150.520140917517
139.411484587427
119.883237866303
126.138994713757
129.593970250439
136.58610088381
125.094623386319
129.213733919602
113.995241067358
131.118929406677
118.306645501669
131.16253724423
115.844554059007
131.025195948256
141.442976405105
143.685230460086
127.593591530702
118.762202752878
112.26019821473
124.958942787311
119.27867983208
123.488505009623
131.143255160049
114.272963002885
118.638263342916
114.13293173751
113.909869945633
124.06763931803
132.611116604455
139.255559943094
145.4171355086
129.632547019499
139.626130435664
-175.735043026292
-172.432276517387
143.982136238143
-154.323047901179
150.265924749179
147.809063882975
155.101540701677
162.213016950971
