10.208
0.027596
0.024929
0.037885
27.761
29.545
7.5845
17.402
4.6804
0.93562
22.125
0.0098974
2.8187
0.095938
0.055679
0.0095621
5.8702
0.050873
22.295
0.20113
12.849
24.21
6.1375
15.067
0.07802
0.0063629
7.5627
11.456
0.0078285
0.0076468
0.023974
0.061364
0.092169
7.4883
14.25
0.034667
0.0022341
0.16151
5.0048
0.012993
0.034622
0.0016128
0.013807
0.04407
9.5129
8.2649
0.03163
0.015622
6.0506
0.063329
0.028107
0.0070236
0.0096212
2.6252
0.03081
0.0091004
0.025552
0.0023113
0.010249
23.013
18.25
1.7537
0.010821
20.095
26.956
24.464
29.921
21.988
15.891
16.315
10.023
0.022882
0.018014
0.018941
0.019035
0.74292
0.01265
0.0083551
0.030234
0.019739
0.0048861
0.031618
0.0025607
0.020628
0.015701
0.57862
3.9685
16.684
0.040032
0.011548
0.013941
0.057521
13.474
0.079255
14.603
1.4501
0.055655
0.067115
0.029067
0.057694
0.047256
0.0082731
11.406
0.0063843
14.249
17.813
23.852
7.1359
0.024404
26.736
23.196
18.015
13.537
2.9863
0.0088232
0.19765
0.0074581
3.8741
2.5845
11.811
19.554
19.115
13.834
0.0098307
0.0019704
0.013667
7.1416
0.0016337
0.0084902
0.008611
0.0086171
2.3275
3.1981
0.036043
0.0074365
0.013502
0.0081178
0.010788
3.755
0.080184
0.0093874
0.032972
0.0078376
0.074917
0.037312
0.0332
0.0099734
2.8712
0.012165
1.4521
0.029088
0.029338
0.027381
0.028953
0.028839
0.041918
0.10881
0.10332
0.038413
0.029243
0.027678
0.039743
0.033275
26.541
7.2221
0.007971
0.0082452
1.3568
6.2689
0.032904
0.056986
23.946
12.625
0.014632
0.053695
0.034678
0.036365
0.021056
0.040575
0.018414
0.021607
0.058388
0.02761
0.0321
0.028828
0.02835
0.02519
0.020128
0.032055
0.04566
9.3627
0.017774
0.021233
0.044307
3.7905
0.055562
10.737
24.751
15.723
0.047259
16.112
15.795
9.431
2.9146
23.893
0.020566
10.481
19.766
19.684
29.104
28.174
29.564
27.998
29.846
29.858
15.875
22.929
17.083
25.172
2.771
26.189
7.6958
27.009
16.133
18.436
0.056801
0.0076314
0.10061
4.6379
4.7851
0.010962
1.8823
5.2912
2.3304
0.012486
4.8002
2.044
1.894
2.4971
9.7623
6.0261
4.6151
5.6986
15.758
23.939
27.387
21.988
17.991
21.845
0.010625
15.85
12.021
11.71
24.399
27.822
26.658
26.947
0.031821
27.45
12.507
29.99
27.487
27.216
24.082
21.531
29.514
29.99
24.492
20.629
29.986
29.987
28.598
29.75
0.018817
7.6189
29.879
29.719
29.99
0.023433
29.989
21.331
29.854
0.030474
29.884
12.294
24.128
9.9985
0.032916
29.909
6.1744
22.439
0.021983
0.023501
0.0082646
0.029051
0.021519
0.027652
0.023598
0.017993
0.031457
0.028727
0.020834
0.015474
0.015548
0.035598
0.013626
0.0065844
0.0085466
0.0086075
0.0021805
0.031453
0.0085343
0.0078396
0.02102
0.0027355
0.0026637
0.010811
0.0085503
0.0091054
0.0065662
0.028377
0.010823
0.0058909
0.011909
0.014477
0.0093506
0.0061645
0.0087654
0.012896
0.0068864
0.0031948
0.0085344
0.0041244
0.0067792
0.011775
0.64388
0.055675
0.57046
13.477
5.1619
0.0081648
0.0072199
0.0041696
0.0014526
0.0037564
28.005
23.211
20.305
2.2649
18.441
5.6432
25.662
0.13949
9.9522
0.23729
0.15247
0.15165
0.65253
0.13621
0.095236
0.032265
0.0094077
0.026167
0.032399
0.046624
0.026405
0.061789
0.038403
0.028633
0.022851
4.9984
0.077404
0.033528
13.536
0.035231
0.064499
0.098483
0.039963
0.02422
0.030193
1.4425
0.058486
0.031998
0.027711
0.050838
0.055011
0.069472
0.060419
0.065989
0.05754
0.03415
0.055551
0.028008
1.4483
0.067924
0.02781
0.02533
0.058168
0.73897
9.2744
12.117
0.025926
18.645
22.784
7.5041
0.77992
11.22
14.921
0.0077776
7.5262
2.8776
0.9596
7.6563
11.258
1.7248
11.227
7.3088
9.5149
22.361
5.7114
18.647
16.385
7.1384
0.053669
7.133
7.8479
16.383
9.9795
9.9811
16.383
3.5765
20.74
14.702
17.754
15.387
22.79
19.025
13.927
17.996
12.397
13.332
17.766
12.913
12.605
5.758
20.651
25.254
25.82
29.133
18.629
17.594
21.034
27.772
28.277
20.984
25.492
25.546
15.736
21.317
5.3538
13.128
13.527
18.322
20.041
13.255
10.944
5.1935
14.292
3.1641
2.8826
3.3217
5.6301
0.0046895
5.9886
0.0031915
0.0038876
0.0041901
3.4217
3.5187
0.0061536
0.0053864
0.0069492
0.001489
0.0048372
0.031316
0.0090037
0.0074693
0.0091542
0.0068836
0.0066853
2.756
6.6395
11.129
6.6023
14.139
5.5108
10.28
8.2088
0.70459
0.010607
0.0078496
0.0063486
0.0068582
0.0078818
0.0090788
0.00711
0.010546
0.028227
0.007849
0.011213
0.036904
0.0091344
0.059906
0.02432
0.010656
0.009777
0.011018
0.021273
0.011737
0.039618
0.025355
0.0077544
0.0067736
0.010785
0.007754
0.0078477
0.0086439
0.0066816
0.008703
0.0087722
0.0086059
0.0065262
0.0080256
0.008672
0.01063
0.0075134
0.0077441
0.010998
0.011078
0.010191
0.0092605
0.009493
0.0083791
0.0086219
0.0092751
0.0088295
0.0085694
0.0087245
0.0086553
0.002096
0.004473
0.0062663
0.0072138
0.005852
0.0026547
0.012227
0.0050918
0.013919
0.0068171
0.01277
0.0081577
2.5181
0.071688
0.0070814
0.0055142
1.3343
0.0093866
1.758
0.050531
0.0078499
0.0055262
0.097004
0.036122
0.049488
0.0085585
0.075701
0.088024
0.075491
0.0096485
0.07297
1.3419
0.0098273
0.087463
0.0093276
0.011529
0.064436
0.030569
0.03748
0.0090816
0.10378
0.010425
0.11557
0.0087299
0.10734
0.010942
0.0096366
0.032986
0.0095493
0.02857
0.0084872
0.011492
0.16554
0.013026
0.12224
0.20319
0.0099021
0.11841
5.0195
0.7302
7.8557
0.20094
2.875
0.079321
0.11835
0.14227
0.1442
0.040406
0.13024
0.010339
3.5903
0.13691
0.11105
0.034309
0.029611
3.7678
2.8713
9.2781
5.0059
7.8548
0.076436
0.069988
0.029149
0.02988
0.02953
0.031457
0.034254
0.036525
0.029015
0.030984
0.032526
0.0141
0.068438
0.032245
0.10151
0.034099
0.030683
3.5923
3.7633
0.068381
0.047022
0.025502
0.059347
0.025871
0.035891
0.035928
0.033101
0.038002
0.028926
0.037359
0.035562
0.037625
0.025989
0.020109
0.039657
0.016235
0.017955
0.014353
0.010442
0.0091299
0.019173
0.025693
0.029396
0.029498
0.061072
0.0085819
0.0090788
0.009895
0.010864
0.010839
0.070023
0.010827
0.017503
0.052571
0.095639
0.097986
3.8858
0.065707
0.10009
11.667
0.01245
0.012438
0.020239
0.031035
0.089382
0.024599
0.063433
0.026676
0.095423
4.2158
0.013973
10.607
0.05055
0.021593
19.671
0.069465
9.6509
0.050342
1.2617
0.018731
0.029546
0.013604
0.073496
0.015596
0.077524
0.052494
0.048518
0.026018
0.015635
0.021522
0.017169
0.015776
0.01151
0.0079992
0.0093519
0.044775
0.061989
0.037222
0.02728
0.033507
0.027751
0.0356
0.036336
0.030221
0.057039
0.023696
0.018402
0.02003
0.021786
0.07112
0.017181
0.020957
0.025722
6.6796
13.266
4.3602
0.031543
0.034789
0.067027
0.03012
0.052945
0.024956
0.028974
0.067483
0.033042
0.03276
0.042015
0.029506
0.023255
0.026188
0.012293
0.017967
0.027334
0.020707
0.022869
0.015034
0.016697
0.0097452
0.015609
0.021281
0.015527
0.015823
2.3252
1.1444
0.027425
2.3199
4.659
5.3657
12.453
19.937
12.857
0.024501
11.952
14.947
0.018769
12.373
0.039199
6.342
0.024619
9.5332
0.014748
0.017233
0.043518
0.018744
4.3202
0.037263
8.2934
5.7855
11.059
7.2906
11.957
14.675
15.584
13.968
16.889
29.745
29.569
29.648
13.059
26.546
29.069
28.727
15.18
11.242
13.867
11.44
13.463
17.301
7.6058
6.7756
8.5148
13.329
0.027425
1.1217
15.966
21.115
17.149
24.998
25.08
24.833
20.867
29.89
27.671
24.466
7.8698
20.951
28.948
24.535
13.218
29.404
29.891
28.212
15.364
28.996
29.726
29.761
29.472
28.615
27.416
29.67
27.621
27.67
27.75
28.143
27.059
27.772
22.272
26.912
27.413
27.172
22.079
18.404
9.364
22.971
11.625
22.465
15.041
9.8861
21.874
17.983
15.681
16.585
27.733
23.651
22.483
15.098
26.111
29.563
26.701
29.519
8.9621
19.725
13.014
20.633
9.4835
25.284
7.5086
3.9042
12.354
2.6381
14.18
7.5068
17.225
6.7723
9.8422
0.10855
7.7135
8.7723
3.1042
1.6485
5.2074
6.1111
4.9718
12.332
2.4817
11.527
3.8821
0.10554
1.3756
1.3642
6.1949
11.252
0.013489
0.012665
8.4902
3.844
0.56979
2.4548
0.018962
0.011796
11.124
1.0881
9.0078
3.7398
0.36821
3.9986
2.5396
2.5825
1.0776
4.8426
0.018387
1.4973
0.01684
0.013057
0.016553
1.729
1.034
1.382
3.8384
4.8855
11.809
17.827
11.949
15.463
9.9751
12.597
4.6794
10.87
0.27513
1.23
1.4989
0.60095
1.2648
2.85
6.1837
4.3789
0.50517
0.003677
0.0023582
7.1547
16.092
13.91
0.017521
3.9799
14.099
17.944
12.296
11.507
17.504
9.6564
15.133
11.619
16.798
9.5461
13.106
20.095
15.235
18.438
12.087
15.746
22.318
20.659
19.334
29.917
18.601
27.674
26.728
23.714
27.757
27.735
18.999
25.518
26.535
21.645
28.896
23.928
17.612
21.858
22.494
23.456
17.902
21.129
26.583
26.92
26.512
26.508
26.987
29.168
27.044
28.253
28.1
27.985
29.044
27.509
27.871
29.867
28.456
29.511
28.57
29.787
29.993
29.988
29.701
27.934
26.429
18.014
29.994
29.698
29.987
17.719
23.933
14.291
13.58
25.757
6.0899
14.648
5.0166
2.8707
10.521
16.068
20.715
16.365
12.769
27.298
27.155
29.986
29.984
29.987
29.982
24.413
21.768
29.986
29.978
29.98
29.98
29.992
29.991
29.99
29.994
29.994
29.989
29.99
29.991
29.992
29.99
29.995
29.989
29.898
29.992
29.996
29.995
29.995
27.674
29.992
29.5
29.992
25.87
27.563
23.375
29.903
23.269
29.846
29.966
0.03881
29.854
23.228
0.044641
29.936
1.3596
29.876
29.917
29.702
29.991
29.98
29.946
29.838
29.881
29.914
29.978
29.782
29.88
29.869
29.991
29.987
29.541
29.541
29.879
29.621
29.706
29.022
29.695
13.036
19.961
10.751
24.48
29.611
29.676
21.246
21.421
3.0761
0.042896
28.839
12.16
0.021686
14.585
2.1308
29.786
0.042314
0.022851
26.838
28.234
21.482
19.939
19.189
16.878
18.833
21.194
23.797
24.4
0.054703
7.6977
0.049299
0.044673
0.03578
0.039586
0.044212
0.034182
0.024596
10.189
0.045908
0.050076
22.862
12.494
25.295
0.02832
11.343
19.075
24.017
19.217
4.2402
0.0387
25.737
25.305
29.261
29.283
25.809
24.739
28.543
27.672
20.788
29.095
26.757
25.81
29.414
26.128
25.392
27.674
17.811
24.041
26.612
23.252
20.338
19.453
19.017
16.635
27.964
20.783
14.621
21.51
8.1848
0.025031
12.446
5.8705
10.499
9.1421
4.1754
12.032
17.511
0.024228
0.016357
0.019102
0.019004
1.5039
0.01784
0.015368
18.27
21.214
15.372
19.468
0.027284
14.95
0.021571
0.39606
0.032095
0.025745
0.023698
0.022834
0.020782
0.020734
0.021498
0.028294
0.029084
0.0214
0.018935
0.019666
5.1237
0.026249
0.027259
0.020654
0.013137
0.024953
0.029556
0.020903
0.024836
0.024884
0.023486
0.02148
0.016069
0.017585
0.019552
0.022762
0.016283
0.018301
0.020744
0.017565
0.039138
0.03919
0.011519
0.04494
0.038949
0.02958
0.020638
0.021754
0.021385
0.015334
0.027603
0.015855
0.017591
0.023105
0.018264
0.023501
0.015629
0.026318
0.012447
0.034201
0.0073893
0.010168
0.00155
0.0037507
0.0041705
0.025688
0.01343
0.016171
0.0090446
0.023264
0.0027474
0.011918
0.0078745
0.0026009
0.013526
3.6648
0.018677
0.017676
0.020984
0.019995
0.015034
0.012196
2.4473
7.4616
7.3203
0.007976
0.46096
0.64202
0.011528
2.5348
0.013204
0.0054962
1.4778
0.015563
0.0021596
0.0027265
0.0038667
0.74003
0.012533
0.0077461
0.0029138
0.0072149
0.27231
0.45961
0.0069989
0.012025
0.0042564
0.0023953
0.0031507
0.20491
0.87252
0.007553
0.017521
0.17427
1.7333
1.199
1.341
0.60222
0.30385
0.0082766
0.026098
0.008567
0.0043479
0.0062814
0.0050923
0.0058796
0.0052172
0.0042309
0.0086529
0.0088104
0.0025387
0.0041139
0.0081696
0.0065256
0.0056389
0.0063667
0.0037879
0.0027783
0.0058364
0.0084874
0.0030554
0.0048092
0.0025403
0.0065581
0.0096449
0.00308
0.0017387
0.00098224
0.0019495
0.0018864
0.0020541
0.0045021
0.0022015
0.0022433
0.0034578
0.0038455
0.0028948
0.0044746
0.00578
0.0046144
0.0015291
0.0060523
0.0004868
0.014449
0.011735
0.012109
0.011017
0.012103
0.011095
0.0098793
11.358
0.15582
0.185
0.0091787
2.7596
0.012716
1.2754
0.012745
0.012588
0.01098
0.0083102
0.012346
0.78059
0.011478
0.0045036
0.0074381
0.0029024
0.0026274
0.0038282
0.0075043
0.00093335
0.0042054
0.0021126
0.0021013
2.9971
0.0020464
4.1195
0.00066697
0.0053445
0.0038693
0.0090704
0.0042063
0.012031
0.010935
15.803
6.3583
15.652
0.0049501
25.706
20.35
13.28
3.4584
25.064
27.273
21.324
13.685
17.318
11.849
10.368
21.656
13.337
12.979
12.347
4.5169
12.842
4.0221
10.863
0.12096
0.064629
0.21215
1.2979
0.22942
0.24701
0.16842
0.16541
0.080717
0.039029
0.076291
0.083901
0.040502
0.031308
0.72646
0.2309
0.10474
0.12276
0.10915
3.4045
4.5789
0.15885
0.1078
0.16113
0.13158
0.0097624
0.04112
0.047426
0.072493
0.085932
0.1426
0.02919
0.075108
0.13033
0.091541
0.024769
0.034657
0.032944
0.046156
0.037859
0.042216
0.02901
0.034581
0.037313
0.048207
0.031862
0.028595
0.025868
0.02968
0.035831
0.035906
0.038959
0.038423
0.040584
0.025701
0.04328
0.038602
0.052714
0.037887
0.061925
0.04037
0.085461
0.025314
0.025832
0.031962
0.04562
0.042213
0.05824
0.05299
0.025672
0.056536
0.047729
0.067315
0.053118
0.12774
0.10667
0.10192
0.12616
0.10351
0.11801
0.072657
0.10824
0.04504
0.096901
0.08716
0.088728
0.078972
0.067649
0.7333
1.4425
2.8689
0.027783
0.023776
0.024904
0.023677
0.069223
0.0579
0.035471
0.049719
0.048144
0.059475
0.032587
0.034526
0.026372
0.024702
0.036406
2.8634
5.0047
0.025231
2.8726
0.72913
1.4492
0.040247
0.03815
0.042168
0.025043
0.024603
0.027702
0.074239
0.050791
0.042204
0.049846
0.062901
0.041222
0.05316
0.054743
0.043405
0.044987
0.13749
0.083995
0.11643
0.11326
0.093751
0.069499
0.082413
0.048413
0.089011
0.049988
0.052724
0.043149
0.040277
0.045105
0.044095
0.047015
0.059024
0.051784
0.0489
0.064766
0.059479
0.049893
0.07768
0.059744
0.04796
0.056595
0.053428
0.042444
0.059426
0.027778
0.068061
0.054211
0.062304
0.028307
0.045926
0.030667
0.028934
0.02748
0.029202
0.048587
0.028549
0.043775
0.026852
0.035479
0.026752
0.027182
0.028798
0.026554
0.02857
0.028736
0.028636
0.028725
0.028663
0.73771
0.028684
5.7191
3.5819
0.026784
1.4497
0.028438
0.73754
0.028339
0.028394
0.026885
3.5833
0.027512
5.0062
0.0249
0.026454
0.025827
0.026256
0.027083
0.026157
0.03681
0.033337
0.025628
0.025529
0.73328
0.73583
0.025958
3.5831
1.445
5.0016
9.9825
11.405
13.539
3.7947
14.251
14.929
17.806
18.52
17.807
14.931
12.121
17.81
2.8701
7.8502
5.7171
7.8499
9.983
9.2722
7.1393
13.541
9.9835
11.214
5.7169
7.1386
9.2771
5.7155
9.9887
7.8513
11.203
9.9868
14.255
11.408
13.543
12.118
14.253
15.676
11.216
16.388
11.222
0.23867
3.7968
0.21207
7.5062
0.21499
0.22453
0.20827
1.5453
0.01075
3.6618
0.011174
0.23637
0.15795
0.27209
0.15099
0.24083
0.8698
5.9577
3.7517
8.074
5.1924
7.5105
14.936
0.26017
0.24782
7.6084
1.6352
3.833
14.956
11.3
9.0196
6.0474
15.086
4.7127
3.0761
7.3984
11.395
10.576
3.1656
5.2822
3.8414
9.1398
24.926
7.585
16.56
15.038
22.073
25.41
15.002
22.382
20.651
18.688
18.73
18.825
12.13
18.517
19.942
22.074
20.652
2.8676
5.7136
9.27
9.2717
15.672
15.673
3.5793
3.5768
11.402
7.1388
12.114
11.404
13.539
12.116
17.805
19.94
18.517
15.678
19.939
16.385
7.8454
5.0032
9.267
5.7117
15.671
14.251
7.847
9.2735
11.408
13.544
12.116
18.52
20.655
22.084
19.948
24.222
26.15
27.078
22.464
16.438
23.978
13.447
22.421
26.368
24.931
28.516
22.512
26.967
26.237
19.184
16.199
17.628
21.861
18.301
16.084
14.365
20.512
14.885
20.863
16.819
16.152
16.044
10.37
19.308
12.487
11.895
9.6048
8.1639
10.382
10.024
13.838
11.721
11.098
3.9514
6.8597
16.417
13.016
8.9118
24.56
21.027
10.261
15.714
17.063
13.22
20.105
10.822
10.515
5.4124
6.3346
6.0266
4.2398
11.437
19.242
18.936
28.521
21.637
28.828
19.238
26.432
21.789
28.215
20.72
26.126
21.334
25.513
26.604
25.206
17.708
27.602
20.413
27.909
29.288
29.099
28.816
26.221
28.533
27.969
26.741
19.006
26.504
25.939
20.752
28.251
20.274
25.375
27.686
27.538
25.311
27.888
28.122
28.24
25.779
27.655
20.508
25.428
20.625
25.092
20.158
25.078
17.815
25.195
20.392
17.932
20.187
18.048
13.011
13.244
10.551
20.742
18.165
12.894
3.2867
10.667
5.864
10.083
5.3959
10.317
2.9357
10.434
5.513
17.581
12.543
5.4759
5.045
12.973
10.097
17.698
12.66
12.777
10.2
11.509
21.599
25.657
17.876
14.102
11.744
13.82
18.724
18.159
20.47
6.792
11.74
0.0041398
4.106
6.3209
4.2442
0.0078171
0.0050427
3.4455
4.0084
0.0078169
0.0060776
0.0060777
0.005382
6.0394
3.727
0.0064253
0.0064255
10.662
2.6003
10.38
12.69
5.279
0.0072518
3.0528
0.0047551
3.1697
0.0042557
0.0057538
2.7016
0.0058849
0.0052544
0.0071209
0.007121
0.0074691
0.0078823
0.0061875
0.0067525
0.0074688
0.0071863
0.0066869
0.007383
0.0062531
0.0056882
0.0051889
0.0054511
0.0053855
0.0079479
0.0076526
0.0064498
0.0085129
0.0064258
0.0074485
0.008079
0.0070803
0.0075797
0.0071213
0.006078
0.0081651
0.0078173
0.0071215
0.0057298
0.0075984
0.0060824
0.0067733
0.0067731
0.0057387
0.0050652
0.0067737
0.0057299
0.0095118
0.0088253
0.0064259
0.0080809
0.0090063
0.0078397
0.008289
0.010091
0.0093584
0.012745
0.011473
0.0077315
0.010427
0.011496
0.0051868
0.0078064
0.0061507
0.0035648
0.0056164
3.0147
0.0066857
0.004187
0.0054315
0.0044795
5.7195
0.0053369
3.6293
0.00415
0.0038575
0.0045471
3.9373
0.0044426
0.0047355
0.0047722
11.61
5.1054
2.7076
9.5586
1.4069
0.0054122
2.0546
0.004012
0.0072198
0.0050813
7.1669
0.0076563
0.0067946
0.004476
5.3444
0.057822
0.0058672
0.005262
0.0051241
0.0040647
7.8827
0.3778
8.5791
1.0744
2.5193
5.7348
6.8086
0.0091212
3.5938
0.0077062
0.011103
5.868
6.0925
0.0091926
0.0096167
0.0082842
0.0082017
0.0054511
0.0064426
0.0052191
0.010185
0.0080963
0.011398
0.0089288
1.8035
0.0083444
0.009688
0.0095973
0.0067868
0.006331
0.012026
0.030256
0.012671
0.03823
0.011496
0.010283
0.0098926
0.012338
0.036241
0.034528
0.033521
0.010925
0.0073565
0.009264
0.0069296
0.0064343
0.011998
0.024582
0.0084158
0.0088574
0.025103
0.051053
0.010951
0.037165
0.037687
0.050228
0.037947
0.040624
0.036542
0.009026
0.0072075
0.052604
0.02425
0.0502
0.049005
0.0437
0.018197
0.030445
0.016183
0.010966
0.015176
0.012041
0.0070389
0.012101
0.0084921
0.0094719
0.0067019
0.013108
0.010114
0.01221
0.013242
0.011584
0.0083235
0.010756
0.0096064
0.011399
0.013066
0.010962
0.012868
0.012691
0.026199
0.019258
0.013358
0.011624
0.011567
0.012547
0.024348
0.012821
0.013617
0.012565
0.01319
0.012031
0.012493
0.010962
0.0098956
0.010428
0.01174
0.008368
0.011173
0.0092476
0.01156
0.011941
0.0085244
0.010398
0.0094672
0.0087078
0.0090704
0.008932
0.008513
0.0096223
0.01001
0.0098032
0.0085783
0.0094155
0.0081446
0.0088608
0.0080428
0.0090871
0.0089821
0.0090346
0.0059505
0.0079452
0.0068767
0.0069742
0.0077501
0.0089654
0.0087555
0.0088604
0.0091396
0.0092346
0.0090179
0.0088629
0.0089296
0.0088795
0.0089129
0.0086195
0.0088771
0.0087054
0.0088079
0.0087221
0.0088246
0.0086696
0.0063174
0.0062955
0.0086004
0.0061423
0.008777
0.0089153
0.008827
0.0086028
0.0087579
0.0087746
0.010036
0.0098807
0.0091654
0.010268
0.010242
0.010087
0.0098549
0.0096481
0.0090796
0.0089845
0.011404
0.012118
0.010578
0.010423
0.011963
0.012316
0.011044
0.011786
0.011354
0.011199
0.010418
0.0074706
0.010125
0.0061469
0.0062138
0.0079223
0.0065312
0.0083971
0.0077268
0.0082743
0.0095673
0.0086762
0.00705
0.0083618
0.0087636
0.010475
0.0074874
0.0078725
0.0093379
0.0096998
0.0089503
0.0093121
0.0086744
0.0089245
0.0083813
0.0080604
0.0084883
0.0076371
0.0084838
0.0087008
0.0082721
0.0081674
0.0098492
0.0090779
0.01111
0.0087694
0.0086052
0.0087603
0.0078488
0.012483
0.014031
0.0089879
0.0079557
0.0084137
0.0099615
0.012196
0.0096745
0.0081266
0.039779
0.013744
0.013631
0.0088279
0.0095621
0.013344
0.014318
0.010536
0.014956
0.017988
0.013137
0.019249
0.012897
0.0090673
0.0097375
0.013567
0.010408
0.0094981
0.010887
0.010216
0.015736
0.011151
0.0119
0.0095956
0.012466
0.016536
0.011557
0.015626
0.01235
0.01388
0.0088101
0.010636
0.011585
0.58907
0.29695
0.006727
0.0030827
0.0059625
0.0042974
0.0079415
0.0036912
0.007491
0.0047406
0.0082552
0.0091613
0.010234
0.0043908
0.0052484
0.00947
0.0058637
0.0060592
0.0076811
0.0050619
0.0046057
0.0089662
0.0073431
0.0063965
0.02228
0.0047745
0.0041322
0.0059506
0.033467
0.0033212
0.0040413
0.0039634
0.0054167
0.047154
2.374
0.024294
1.1676
0.04593
0.023536
0.037549
0.042855
0.02737
0.019205
0.050271
0.062855
0.063637
0.071817
0.063115
0.068742
0.066438
0.063362
0.056831
0.06221
1.221
2.9089
1.5092
1.4568
0.015122
0.58622
2.0354
1.2599
0.010033
0.29404
4.0227
1.4597
1.1647
0.58326
0.078349
0.083043
0.079502
3.75
2.0411
2.6006
0.074135
0.030848
0.062072
0.088286
0.062334
0.036381
0.075441
0.086739
0.0095266
0.01001
0.035601
0.035339
0.0089952
0.048185
0.019987
0.06155
0.022232
0.074656
0.0092877
0.0083997
0.0086672
0.0098037
0.037481
0.044775
0.0096999
0.0085626
0.0084608
0.0088733
0.052068
0.058825
0.075675
0.082432
0.0087681
0.072876
0.0095981
0.0083083
0.008919
0.0090103
0.12286
0.056422
0.0098043
0.0094939
0.066134
0.054331
0.089725
0.094235
0.03447
0.061609
1.4577
0.073412
0.13916
0.052416
0.095334
0.010837
0.091327
0.011148
0.011769
0.010631
0.012079
0.010736
0.0088754
0.009392
0.01002
0.010219
0.010533
0.0091893
0.022756
0.048707
0.023016
0.048967
0.011682
0.011876
0.010148
0.0092265
0.023797
0.04975
0.012324
0.01017
0.0094067
0.01043
0.012515
0.011171
0.0094781
0.012835
0.011562
0.032396
0.011363
0.012707
0.011317
0.071669
0.010893
0.01098
0.010822
0.068106
0.37235
0.011246
0.0093353
0.0079917
0.012589
0.012094
1.4459
0.010679
0.0097594
0.0079204
0.16914
3.7904
0.06115
0.01266
0.11129
0.02145
0.10781
0.017975
0.01358
0.012236
3.7768
11.205
0.16779
3.7885
7.5
7.4932
0.17315
0.18914
3.5866
3.5846
11.411
3.7795
7.4885
0.13014
0.14645
7.4859
0.15374
0.15825
5.0095
0.094756
5.7212
7.1461
7.1441
3.7668
0.17959
0.1605
0.18185
0.1723
0.19365
0.083324
0.044408
0.13425
2.8806
5.0115
0.082953
5.7248
0.12511
0.1324
0.030823
0.032879
0.030455
0.032565
0.029896
0.033987
0.029761
0.032719
0.029782
0.028604
0.030303
0.029264
0.030879
0.032405
0.031297
0.029129
1.4562
2.877
0.029533
0.029472
0.029189
0.028974
0.029232
0.032821
0.029876
0.028859
0.74042
0.028745
0.029331
0.041115
0.029357
0.028406
0.029647
0.029606
0.029378
0.029034
0.029726
0.029492
0.028704
0.052882
0.029876
0.027999
0.075097
0.064659
0.039776
0.044588
0.066175
0.056365
0.070933
0.076684
0.066801
0.079919
0.043257
0.068142
0.055034
0.038445
0.051552
0.02963
0.030414
0.040588
0.03001
0.03148
0.030416
0.028902
0.0303
0.03015
0.033408
0.030051
0.031105
0.050212
0.037105
0.032257
0.03028
0.048883
0.029926
0.029828
0.035775
0.034676
0.030684
0.035251
0.031259
0.035248
0.03241
0.033677
0.031681
0.030166
0.031835
0.035722
0.032833
0.030991
0.032143
0.033562
0.031722
0.033039
0.032726
0.033361
0.035778
0.74655
0.047544
0.03557
0.034148
0.035815
0.034783
0.031567
0.031146
0.033984
0.034462
0.035731
0.033827
0.036204
0.034301
0.036052
0.025047
0.034944
0.040265
0.035105
0.7465
0.032333
0.030724
0.033746
0.03589
0.03699
0.030338
0.036776
0.035409
0.03667
0.035153
0.036813
0.034688
0.037092
0.036114
0.036925
0.036001
0.036516
0.032949
0.034829
0.037464
0.037699
0.035882
0.033525
0.030819
0.035365
0.03195
0.034944
0.034368
0.03594
0.038357
0.037783
0.038771
0.035519
0.037935
0.036095
0.038887
0.037304
0.03683
0.037923
0.038573
0.035339
0.036374
0.036784
0.039694
0.037148
0.030221
0.038726
0.038252
0.039202
0.038883
0.040147
0.039674
0.039769
0.03892
0.035376
0.035489
0.038034
0.035451
0.037997
0.034565
0.036225
0.037111
0.038809
0.034603
0.036263
0.037036
0.033629
0.029279
0.017172
0.011415
0.031746
0.028809
0.021819
0.02058
0.018066
0.015764
0.0094682
0.011885
0.0094033
0.027397
0.010345
0.023518
0.0079738
0.023052
0.0092208
0.02646
0.018703
0.021639
0.014824
0.036999
0.033158
0.027868
0.037774
0.024459
0.032216
0.03615
0.038696
0.035265
0.037811
0.037151
0.036039
0.036888
0.035227
0.02211
0.016152
0.037489
0.0077258
0.0079413
0.0081476
0.017761
0.023431
0.0072974
0.007115
0.0076344
0.0083367
0.0086732
0.010877
0.0077358
0.010352
0.007452
0.0095583
0.0080623
0.0094669
0.008357
0.0092842
0.0081506
0.009193
0.026618
0.071891
0.04594
0.08724
0.06129
0.087501
0.018119
0.09784
2.6343
0.08275
0.010169
0.010078
0.039754
0.013805
0.059182
0.033229
1.1386
0.078522
3.8931
0.10924
5.1558
1.3681
6.4146
2.6267
3.8968
3.6675
7.6847
6.4221
0.091079
0.046191
0.085133
1.6868
0.10417
2.1644
0.011236
0.0097407
0.015559
0.011053
0.0089474
0.008856
0.037472
0.013985
0.012412
0.0124
0.010476
0.008519
0.0069065
0.0072171
0.0079083
0.010014
0.010716
0.00861
0.012475
0.0098317
0.015584
0.0087924
0.039547
0.011327
0.01246
0.012514
0.045983
0.014049
0.063423
0.014011
0.043906
0.059063
0.020032
0.012488
0.024392
0.014023
0.078112
0.033111
0.072142
0.052627
2.2329
0.076503
0.09515
0.18345
6.4258
7.6922
5.1632
8.496
5.1668
8.9547
9.7347
6.4331
0.082434
0.77187
0.086463
0.082141
3.2567
4.6932
0.24213
0.72768
2.7125
5.2413
9.2409
6.1963
10.471
4.7618
12.362
10.965
10.881
9.1572
6.7445
7.77
8.7252
9.2617
11.048
9.7451
0.06426
0.030828
0.055319
2.3211
0.068585
0.06514
1.3016
0.06917
1.7914
0.0732
0.017157
0.014062
0.056489
0.026467
0.017195
0.0141
0.052163
0.051579
0.060519
0.051289
0.016244
0.018124
0.017036
0.014982
0.019676
0.018768
0.025676
0.017388
0.015892
0.016126
0.016586
0.014087
0.013488
0.013839
0.017208
0.011784
0.012564
0.012527
0.010966
0.012552
0.010288
0.010899
0.010848
0.010614
0.010991
0.0094947
0.011601
0.010106
0.013136
0.025336
0.011992
0.011591
0.02977
0.025222
0.013254
0.016136
0.012344
0.01211
0.030688
0.033063
0.022931
0.03284
0.025785
0.026343
0.029312
0.021993
0.03659
0.018291
0.038109
0.036449
0.03726
0.034714
0.033036
0.033754
0.030003
0.044326
0.037281
0.063066
0.071574
0.03352
0.051819
0.040799
0.05909
0.044103
0.047853
0.043399
0.038862
0.043853
0.03976
0.039306
0.02658
0.041247
0.059539
0.037048
0.055347
0.052045
0.066131
0.048302
0.053399
0.077838
0.066817
0.040214
0.066575
0.057493
0.026334
0.047548
0.070344
0.066583
0.044759
0.070678
0.031122
0.022552
0.03067
0.026123
0.0151
0.016906
0.014125
0.017849
0.014742
0.024185
0.015673
0.01566
0.018886
0.017624
0.020341
0.018781
0.022318
0.020843
0.021174
0.019912
0.018532
0.01727
0.024226
0.034584
0.026228
0.020012
0.021312
0.025446
2.8507
0.030554
0.019548
0.020288
0.025637
0.020733
0.024895
0.022675
0.023674
0.019934
0.023399
0.021509
0.02748
0.026452
0.023812
0.021408
0.03157
0.027026
0.025171
0.022668
0.02395
0.022062
0.080212
0.084306
0.079761
0.058844
0.053841
0.041117
0.057935
0.032025
0.045208
0.04066
0.032477
0.031268
0.030236
0.028161
0.025996
0.027885
0.028929
0.02938
0.028736
0.029104
0.054751
0.054297
0.041563
0.032764
0.046107
0.03402
0.035481
0.032247
0.036702
0.034988
0.034796
0.024023
0.03167
0.029314
0.026573
0.026764
0.023448
0.023832
0.0158
0.0068846
0.021091
0.010317
0.9743
0.48852
2.3452
0.010127
0.012486
0.0048338
0.0075752
0.0073861
0.025415
0.015226
0.024769
0.44154
0.01835
0.018541
0.025609
0.020515
0.012868
0.013058
0.022288
0.017388
0.022096
0.017194
0.011792
0.014647
0.037734
0.024474
0.011497
0.016407
3.9012
3.8255
6.1913
3.4129
5.8479
5.8549
7.6559
9.3938
5.8408
8.1952
5.8338
9.3699
0.020443
2.4362
1.9479
5.2146
4.6853
3.3371
1.1501
4.6753
2.3071
1.1727
2.3378
1.1651
1.1575
2.3305
1.1389
2.3146
1.1332
5.8571
1.1256
2.2997
4.6682
1.1177
4.6611
1.1101
4.6539
1.1936
5.8302
2.2922
2.3211
0.027425
4.6909
0.027425
1.1559
2.3596
1.4712
2.2522
0.027425
4.4754
7.261
5.8265
8.1882
2.2935
4.6469
5.8952
4.7291
9.0451
8.2276
8.0097
5.7881
12.967
9.3227
8.9186
5.3842
4.9956
4.0714
9.3655
10.921
7.202
11.14
11.8
13.271
8.1111
12.049
8.1439
0.89138
12.304
9.1204
8.1809
10.434
8.1945
11.731
11.763
10.507
1.9109
4.802
8.0687
7.5804
0.025348
0.033414
0.028799
0.029673
1.4211
0.034288
0.038614
1.3813
0.042349
3.3804
0.36181
4.8775
2.8907
5.2903
0.8516
6.2668
0.046674
0.043229
2.3609
6.7548
0.030258
0.020316
0.033704
0.029384
0.042644
0.038318
0.056194
0.32186
4.85
0.055609
0.060224
0.064549
6.8303
1.8312
7.7311
3.8305
6.3195
3.3007
9.6769
5.3
8.2194
5.8296
9.6072
7.8069
10.991
9.1927
11.544
14.558
12.278
11.849
11.889
10.575
10.644
10.638
10.555
11.868
20.128
16.594
17.907
18.108
16.998
14.776
14.372
11.929
20.385
20.561
22.923
25.46
17.099
14.343
16.19
18.97
16.433
17.933
19.292
26.365
29.512
29.682
29.487
29.676
29.902
29.739
29.334
29.523
29.72
29.896
29.84
29.289
23.099
23.827
29.921
29.079
29.908
29.733
28.717
25.636
29.864
27.368
23.108
26.813
29.915
29.852
28.92
23.566
27.901
24.8
14.131
23.909
22.841
23.642
28.735
24.916
9.3505
15.577
18.102
17.835
16.489
16.609
21.006
21.466
20.739
24.003
14.271
11.646
10.333
13.705
9.9883
12.248
12.254
15.953
14.398
14.505
11.609
8.2235
10.8
15.111
11.872
14.825
12.784
10.693
11.12
15.111
8.5435
15.111
3.241
5.8093
7.899
6.4562
10.161
7.9043
0.027425
6.1362
0.027425
15.111
0.027425
0.027425
0.027425
15.111
15.111
16.131
15.111
15.111
15.111
15.111
13.596
15.111
20.013
19.404
15.395
15.111
15.111
21.28
16.213
17.561
19.848
17.397
21.033
17.315
17.479
16.295
17.232
16.048
16.233
15.111
20.204
19.136
15.68
15.111
17.034
16.5
21.197
23.731
19.93
23.649
23.485
20.316
24.805
28.041
24.633
28.782
23.082
23.417
27.232
19.599
24.968
20.708
24.988
19.014
23.557
19.366
20.484
16.991
15.883
15.651
16.662
12.346
11.603
22.853
19.911
27.407
24.394
22.923
17.837
17.094
19.841
29.645
27.336
28.808
24.324
29.404
27.266
28.878
29.292
29.521
29.76
28.737
27.734
27.399
23.402
27.856
23.554
28.038
23.25
29.452
29.831
29.285
29.898
29.117
29.845
27.567
29.906
28.95
29.641
29.045
29.533
29.164
29.179
29.582
29.837
29.852
29.285
29.914
29.165
29.664
29.834
29.149
29.403
28.579
28.925
28.449
28.806
28.21
29.044
28.686
28.569
27.284
27.862
28.925
29.067
28.81
29.47
28.456
29.024
28.119
29.449
27.895
29.408
29.511
28.585
29.49
28.232
28.248
29.003
22.658
27.525
28.007
28.36
28.344
28.697
28.473
27.637
28.688
24.495
28.089
22.742
27.974
25.117
18.449
24.785
24.979
27.396
16.231
24.592
18.534
16.274
11.498
18.492
11.54
2.3279
9.4064
21.886
11.383
18.407
9.1945
16.146
16.061
25.232
18.365
16.104
16.189
22.852
17.009
10.348
15.616
8.749
17.473
9.8718
15.357
10.865
14.839
9.8746
1.3683
8.2313
7.5387
14.478
14.58
16.929
22.251
17.214
24.289
10.623
24.37
21.839
24.621
28.568
24.746
28.09
24.872
17.732
27.97
28.329
28.209
27.851
28.813
24.444
22
28.33
29.284
28.448
28.932
29.715
28.964
29.415
29.117
23.494
28.747
22.589
21.114
24.585
24.398
17.203
27.031
24.563
29.688
28.903
29.302
26.249
18.794
19.32
21.29
21.17
10.387
18.31
17.277
17.503
20.417
22.827
9.5672
9.0736
21.037
13.791
22.317
22.402
19.715
24.172
23.108
24.629
18.054
7.6761
14.957
18.443
8.9897
8.2535
9.5279
7.7598
9.9165
8.1698
7.0122
8.086
6.2786
7.5923
6.7635
6.6887
6.6049
8.0022
11.082
10.694
19.693
7.5963
19.34
11.98
17.269
18.612
17.247
24.607
17.037
19.649
15.228
25.344
22.139
24.892
18.888
9.2245
23.041
25.796
14.779
17.531
4.1668
11.075
7.9549
8.3202
0.013251
3.4808
0.019309
1.3646
0.59197
2.3162
0.3027
4.6191
4.9278
12.31
9.6768
12.288
0.011722
1.9288
4.9937
9.9082
4.9499
9.8641
5.1521
7.6808
6.0231
5.5285
4.7974
7.681
6.4108
2.6231
6.0202
4.9722
5.5256
4.099
4.5393
2.3333
1.1734
2.5037
2.6121
4.0257
3.8746
3.204
0.094184
5.1446
2.6158
5.1408
0.084881
1.3531
3.8708
1.3457
4.7822
2.6044
5.2797
5.1333
4.5363
3.8633
2.0382
1.1705
3.201
1.4626
3.7609
3.7579
2.9147
2.9118
0.29979
0.013701
0.0096067
0.014465
0.010371
0.014015
0.0088424
0.0071773
0.012937
0.010057
0.0087056
0.011135
0.014286
0.013114
0.019608
0.014762
0.017206
4.2574
0.016967
0.016296
0.81009
0.02177
0.021592
0.017876
0.01523
3.0078
0.015545
0.014779
0.017642
0.01676
0.015994
0.016369
0.017326
0.84668
10.171
3.5639
7.6769
3.2837
10.089
0.67182
7.9723
3.005
1.6235
4.7156
0.018616
3.2219
0.018317
1.1056
0.0206
0.020301
2.1411
4.7579
0.022057
0.22638
0.021036
0.022583
9.237
4.5163
11.582
4.6309
9.3217
4.6732
4.9723
9.4489
9.2794
2.3701
2.4124
0.14427
0.28612
0.51005
0.084563
0.021483
0.42796
0.0181
0.021706
0.018546
0.023286
0.017637
0.023318
0.019217
0.015147
0.017701
0.015179
0.017414
0.014892
0.018674
0.014605
0.017127
0.65188
0.12191
0.26374
0.013457
0.85356
0.18162
0.32353
0.011622
1.564
0.54756
5.5518
3.4928
1.6623
0.9673
0.79375
0.71166
1.399
0.47292
1.3323
0.70428
1.003
9.927
1.2343
1.1673
4.9278
9.4913
2.81
9.8556
5.2102
3.1478
12.092
5.8968
11.937
6.0975
1.8709
3.9816
4.0876
10.083
1.6161
9.8681
1.5195
5.9445
1.7055
4.6079
1.6367
5.8365
6.4011
10.802
9.1472
8.3374
1.8306
7.3186
4.8366
9.3091
4.3786
1.1475
3.8691
1.9325
1.716
0.19243
0.72056
0.39669
0.61769
0.80517
1.0039
4.8402
0.47387
0.3838
1.0862
1.2238
0.85189
0.32204
0.98946
0.73476
0.07087
0.0027844
0.17954
0.0021816
0.0020519
0.0027616
0.0026318
0.002525
0.30091
0.0020747
0.096651
0.001945
0.0021079
0.0019222
0.0058254
0.0096251
0.0013422
0.0018153
0.0032689
0.0016856
0.011694
0.012104
0.014068
0.014912
0.012683
0.016492
0.013738
0.016833
0.014094
0.016835
10.249
3.0044
0.011774
2.3698
0.015242
0.69173
0.0070653
1.1005
0.0089657
0.011194
0.010204
7.7893
7.9595
0.008056
1.7351
0.012763
0.013343
0.29465
3.1629
13.132
18.15
9.2298
1.8885
5.6381
14.985
5.2502
17.358
6.52
15.283
9.8644
6.2995
16.793
6.5261
0.0068161
3.2635
0.0049158
0.005246
0.0064859
5.8849
0.46584
0.0014719
3.6603
0.0011057
0.0017777
6.8089
9.6647
0.0033467
5.1961
7.7318
3.8662
4.17
2.3403
3.1506
1.9335
8.6374
13.53
8.128
9.0617
12.803
12.325
14.86
13.052
7.6186
6.4018
12.2
8.3348
10.995
10.392
11.722
7.3248
14.014
8.5946
14.648
15.822
10.656
15.006
24.48
15.372
17.992
15.678
28.835
22.694
16.19
13.655
24.223
17.52
22.113
18.85
23.271
18.123
20.18
25.175
27.071
23.443
28.122
22.496
26.759
27.07
27.427
28.544
22
25.762
23.318
27.222
24.648
25.174
16.668
24.398
21.818
21.262
17.271
21.136
17.999
14.133
19.932
19.329
19.535
11.277
10.767
15.338
17.34
23.72
16.555
20.797
20.795
19.851
23.176
25.482
22.775
21.571
26.8
26.688
27.496
27.159
15.97
23.82
21.751
15.864
20.626
25.61
13.002
16.805
22.689
24.665
14.635
8.8471
13.616
11.786
5.1889
9.6566
15.732
10.166
3.3594
7.828
5.9438
4.1499
11.832
17.72
12.045
17.934
11.726
15.65
15.541
21.537
18.015
15.993
18.039
21.965
17.804
17.873
11.878
15.922
4.0759
10.07
16.277
11.752
2.6685
9.5348
18.211
15.785
16.084
11.795
11.831
9.6765
24.012
18.018
23.799
17.826
16.065
24.01
18.087
22.06
16.076
24.034
23.867
21.917
22.072
26.574
26.835
24.206
23.821
27.076
21.78
26.734
28.136
27.3
27.782
27.188
28.111
28.962
28.091
29.44
27.663
29.032
27.809
29.639
27.699
28.107
28.18
26.883
28.217
29.106
27.273
29.625
26.242
28.798
25.962
28.442
24.579
28.404
23.634
28.702
28.912
28.49
29.6
28.803
28.342
29.282
26.522
28.214
28.684
28.328
29.993
29.397
29.991
29.981
29.99
29.739
29.992
29.995
29.992
29.995
28.81
29.992
28.048
23.858
29.753
29.993
25.208
29.991
27.433
20.004
28.842
21.788
29.477
28.983
28.714
27.305
29.551
26.101
28.96
29.088
28.97
29.388
29.429
29.018
27.477
16.436
27.558
29.093
27.547
22.146
19.097
24.609
23.102
27.616
25.356
18.61
18.931
13.066
17.859
20.557
22.993
18.353
23.064
24.604
21.077
22.861
8.8585
16.35
8.9429
17.501
9.6024
10.858
15.605
8.114
10.008
6.7969
3.9434
8.8706
7.159
5.7241
11.434
11.119
10.361
5.2691
14.716
0.017528
19.666
5.5704
6.9195
13.822
0.017528
15.846
21.318
29.978
19.371
18.65
23.343
12.17
8.5695
26.15
26.866
7.2204
3.619
22.207
23.557
14.418
20.26
27.751
21.91
29.401
25.506
29.987
29.99
24.612
29.26
29.988
29.991
29.988
29.992
29.994
29.99
29.994
29.989
29.985
29.989
29.984
29.991
29.985
29.99
29.032
29.986
29.984
29.987
29.983
29.988
29.98
29.983
29.983
29.988
29.978
22.873
27.494
29.978
29.979
29.981
29.98
28.638
29.981
29.984
29.985
29.981
29.984
29.982
29.986
29.982
29.981
29.978
29.983
29.987
29.983
29.987
29.987
29.987
29.986
29.987
29.988
29.985
29.987
29.988
29.986
29.989
29.987
29.986
29.985
29.985
29.983
29.99
29.987
29.985
29.989
29.99
29.987
29.993
29.991
29.991
29.988
29.99
29.988
29.991
29.989
29.99
29.989
28.779
29.991
29.991
29.989
29.993
29.992
25.421
29.991
29.461
29.992
29.992
29.991
29.991
29.99
29.993
29.99
28.098
29.802
29.989
29.987
29.992
29.399
29.994
29.798
29.993
29.991
29.993
28.965
29.993
28.876
29.993
29.558
29.993
28.438
29.899
24.057
29.994
25.858
28.879
26.816
29.698
24.838
29.217
25.177
21.744
25.783
24.925
21.829
24.836
20.883
19.675
23.716
21.477
21.047
25.08
23.905
24.221
24.857
22.317
22.952
29.12
26.199
29.993
26.54
26.103
27.647
27.961
29.411
29.993
26.881
26.756
26.126
28.832
27.963
29.982
28.833
29.413
29.701
28.979
29.99
29.938
29.948
29.876
29.883
29.807
29.829
29.906
24.579
29.916
29.937
27.018
29.911
27.832
29.92
29.928
29.892
29.458
21.965
29.926
22.773
28.192
29.9
26.531
29.068
24.581
22.275
29.901
29.827
29.836
29.863
29.745
29.851
29.81
29.805
29.819
29.784
29.772
29.756
29.857
29.787
29.764
29.767
29.763
29.743
29.773
29.738
29.74
29.717
29.737
29.685
29.979
29.901
29.902
29.815
29.904
29.849
29.872
29.837
29.839
29.816
29.991
29.99
29.969
29.935
29.99
29.989
29.99
29.945
29.968
29.913
29.989
29.9
29.967
29.932
29.87
29.847
29.868
29.813
29.878
29.977
29.846
29.834
29.989
29.988
29.989
29.988
29.934
29.9
29.986
29.988
29.988
29.944
29.987
29.988
29.987
29.976
29.867
29.966
29.911
29.965
29.943
29.933
29.912
29.781
29.802
29.845
29.78
29.682
29.541
29.99
29.541
29.651
29.705
29.591
29.612
29.716
29.715
29.652
29.672
29.836
29.803
29.835
29.814
29.737
29.748
29.803
29.77
29.771
29.748
29.674
29.683
29.673
29.652
29.628
29.641
29.697
29.809
25.962
29.744
24.545
23.693
23.774
22.209
23.515
25.872
19.849
22.117
28.928
29.654
23.601
24.389
24.3
26.658
29.586
29.63
26.571
28.14
29.581
29.564
28.056
25.787
19.759
22.03
17.578
18.973
17.487
19.061
16.703
6.1336
12.249
14.431
12.946
9.8886
0.018184
10.675
5.3458
8.4573
3.8514
3.6658
0.019942
0.017603
0.029955
14.52
15.218
8.405
9.979
0.031707
4.8171
19.153
16.79
17.65
15.308
8.8495
13.065
4.4335
7.6858
0.030543
0.019359
0.032289
0.021105
0.054662
0.025184
0.033452
0.055243
0.044059
14.608
14.03
8.4655
7.3111
2.5144
9.6168
3.2817
10
0.97556
0.034035
19.212
16.899
17.669
15.356
29.721
29.811
29.835
26.75
26.86
22.254
29.877
29.833
29.113
29.901
28.326
28.578
26.056
29.241
13.646
14.804
21.504
28.426
19.984
23.818
29.153
27.252
29.174
28.381
26.111
26.088
25.264
26.59
24.59
24.568
18.065
12.878
11.727
6.1593
5.0084
0.016327
5.392
0.02693
0.017492
0.047605
6.5434
0.046388
0.20524
0.056407
0.026348
0.060566
0.051771
0.063498
0.037537
0.035199
0.047551
0.045806
0.053465
0.056989
0.056397
0.042978
0.053007
0.042518
0.028675
0.037573
0.048138
0.036954
0.046367
0.019819
0.035878
0.029839
0.032489
0.037114
0.035421
0.041281
0.034244
0.03342
0.029279
0.027847
0.033528
0.033723
0.033479
0.031379
0.02461
0.019207
0.029995
0.025747
0.023976
0.028572
0.026779
0.031123
0.039268
0.030015
0.026527
0.029231
0.030871
0.03188
0.020984
13.433
3.8562
20.98
0.032167
16.479
0.029329
0.022734
23.967
14.979
13.491
10.575
15.756
23.249
9.0369
16.527
1.5474
3.0828
9.4209
2.6992
0.031585
0.028777
0.033405
0.040505
0.028093
0.030421
0.031709
0.027083
0.018074
0.019237
0.039282
0.040446
28.621
29.197
26.883
28.403
17.681
16.911
28.215
22.585
27.295
27.275
25.285
24.601
26.632
28.468
20.468
13.895
20.488
22.605
26.568
16.998
18.995
20.699
23.293
23.272
22.052
29.973
28.282
29.958
29.971
29.704
29.949
29.984
29.976
29.95
26.656
24.37
23.316
22.499
13.295
19.526
22.865
25.755
16.072
12.845
19.162
7.065
14.109
21.602
20.625
17.899
18.754
26.248
17.086
8.3284
15.003
16.877
11.26
11.669
14.559
10.405
2.946
10.245
7.322
9.5191
14.638
16.818
16.097
19.026
11.696
18.262
12.444
16.103
14.641
18.291
24.627
24.622
19.48
26.968
16.835
18.294
22.622
21.218
22.467
17.968
15.619
20.921
8.9915
11.991
5.9446
10.48
4.4914
11.98
13.634
16.829
9.936
17.425
8.0621
11.718
10.255
13.906
19.022
20.486
5.8655
9.5225
8.0477
7.3299
7.5081
9.5923
9.3832
2.0984
13.135
5.6405
0.019143
7.5121
0.019491
3.7665
1.4819
3.6717
5.1333
11.714
7.3259
8.0581
5.1292
9.5169
5.8614
11.739
0.015472
2.9423
5.1388
3.6745
0.016743
0.020281
0.014292
0.74962
0.74559
0.010662
3.6689
2.9326
8.0525
13.543
4.0675
9.7524
4.2511
11.831
11.709
10.245
12.442
7.8576
14.633
7.9496
4.3426
8.1307
0.012472
2.9907
6.1459
0.01031
0.017346
0.014428
0.016687
0.014157
0.022313
0.018675
0.026501
0.021401
0.020644
0.023951
0.025492
0.028799
0.030845
0.024735
0.030593
0.028042
0.018093
0.021149
0.022941
0.022437
0.022184
0.023193
0.013614
7.4918
0.015697
4.5033
6.003
7.886
0.78013
8.2696
0.017336
1.931
0.019634
0.023316
0.026307
0.023376
0.020391
0.019887
0.024987
0.02168
0.029133
0.027537
0.029849
0.030087
0.031998
0.031282
0.029835
0.029077
0.029182
0.031627
0.024982
0.032047
0.031331
0.029947
0.025699
0.027131
0.027033
0.027799
0.029899
0.027082
0.01935
0.020839
0.018395
0.018181
0.02355
0.02565
0.019434
0.02145
0.017468
0.0187
0.0256
0.027749
0.022785
0.024933
0.016969
0.020784
0.018822
0.019677
0.021052
0.021694
0.023711
0.022335
0.023497
0.024138
0.02637
0.022976
0.026156
0.024993
0.01766
0.018087
0.019462
0.020317
0.021637
0.017703
0.027701
0.022869
0.017017
0.017447
0.026921
0.026936
0.026985
0.029801
0.022973
0.024455
0.024707
0.027006
0.027763
0.029036
0.023302
0.023604
0.025622
0.025292
0.028017
0.01967
0.02557
0.017087
0.017206
0.015238
0.025071
0.022988
0.023721
0.019788
0.014284
0.01901
0.026362
0.027316
0.022547
0.021138
0.021873
0.017939
0.019289
0.019171
0.019906
0.015972
0.017351
0.01671
0.019368
0.018728
0.028658
0.028715
0.019054
0.017822
0.019583
0.016923
0.021599
0.020958
0.022122
0.020104
0.024779
0.024352
0.026797
0.03187
0.02865
0.032416
0.028625
0.032112
0.028701
0.03078
0.032138
0.028777
0.028831
0.026088
0.034143
0.023403
0.040585
0.028803
0.036231
0.0314
0.034589
0.032214
0.032189
0.028881
0.035624
0.028856
0.0357
0.026959
0.035675
0.03578
0.032292
0.032343
0.039112
0.035755
0.039086
0.042368
0.035134
0.039495
0.033498
0.027504
0.026261
0.023518
0.026146
0.039513
0.036769
0.029143
0.023691
0.031573
0.036943
0.028888
0.020948
0.021629
0.042255
0.036886
0.017777
0.013962
0.014242
0.013008
0.01587
0.021258
0.015636
0.030237
0.017441
0.014172
0.016823
0.015869
0.018057
0.014916
0.014599
0.015356
0.018263
0.015975
0.023576
0.018207
0.017323
0.016091
0.014124
0.016189
0.018732
0.016823
0.024258
0.020639
0.021256
0.019686
0.021372
0.024453
0.022107
0.0235
0.019008
0.020426
0.021417
0.021318
0.016645
0.016193
0.022006
0.01856
0.021572
0.017757
0.022536
0.024454
0.021592
0.019685
0.019939
0.014614
0.022795
0.019436
0.01905
0.011458
0.019733
0.015918
0.01872
0.015621
0.0081174
0.013825
0.01826
0.015303
0.017572
0.017671
0.018536
0.018361
0.016508
0.018855
0.016882
0.013925
0.016982
0.011385
0.014282
0.010506
0.015503
0.011557
0.012945
0.0096812
0.012555
0.012557
0.010947
0.0090946
0.014754
0.013016
0.005339
0.0097271
0.0063153
0.0035377
0.0077278
0.0049495
0.011337
0.0069488
0.0097776
0.0093376
0.017118
0.014755
0.015227
0.011043
0.010215
0.012213
0.0085585
0.0065593
0.0053905
0.0081688
0.013383
0.010605
0.0023143
0.0020771
0.0035844
0.0021712
0.0024066
0.0059438
0.0026122
0.0037808
0.0030017
1.4682
0.0098726
0.0094346
0.0069993
0.0042208
0.0089975
0.0050482
0.011823
0.01382
0.010653
0.015228
0.019484
0.019482
0.021985
0.020899
0.02165
0.022792
0.024291
0.024932
0.026281
0.025266
0.023962
0.026604
0.01226
0.01109
0.016174
0.017118
0.014306
0.018342
0.013868
0.013088
0.0087018
0.01148
0.018065
0.014757
0.015701
0.016649
0.017592
0.019956
0.0099198
0.012698
0.016177
0.01537
0.0066563
2.1722
0.36893
0.0094826
2.2642
6.0543
1.4722
2.9367
0.093772
5.8559
0.0062191
1.9886
0.0058283
0.0078266
0.18583
3.9754
0.0021745
0.0046726
0.004611
0.736
0.0068848
0.010753
0.0083946
0.011933
0.0071233
0.0094821
0.006407
0.0082674
0.013673
0.012025
0.0086354
0.0073955
0.010535
0.0095451
0.0045087
0.0031894
0.0092159
0.0058931
0.010785
0.0076064
0.011114
0.0062235
0.012355
0.0089284
0.0041188
0.0092587
0.0075458
0.0092838
0.0026219
0.0085977
0.0037885
0.0072151
0.0044492
0.007723
0.002075
0.0026846
0.0022642
0.0020332
0.0029158
0.0069874
0.0026428
0.0079367
0.0031272
0.0065541
0.0023061
0.0029367
0.0055628
0.0031049
0.0029577
0.004975
0.0022852
0.0027055
0.0044995
0.0039969
0.0038466
0.0037099
0.0031916
0.0038439
0.0032117
0.046504
0.0029752
0.003082
0.004074
0.0034712
0.0039443
0.0032347
0.0038269
0.0033415
0.0050881
0.0025021
0.0054184
0.0060778
0.0038493
0.0048379
0.0039272
0.0026873
0.0033644
0.0028913
0.0028454
0.0022656
0.0035191
0.0029397
0.0034941
0.0029141
0.5852
0.0032868
0.0040637
0.055321
0.0036009
0.003021
0.0042474
0.34248
0.0042898
0.087647
0.96906
0.55595
1.1066
0.57675
0.75514
0.22509
0.43726
1.1322
1.2032
1.3639
0.40558
0.01317
0.011394
0.63731
0.80231
0.86898
0.0088143
0.33898
0.0084272
0.50397
0.13889
0.66892
0.072175
0.83388
0.2808
0.67311
0.0066109
0.0071064
0.0061226
0.43898
0.0073206
0.0086434
0.0073248
0.1073
0.0075324
0.0074255
0.0078425
0.0070019
0.0070983
0.0072134
0.0070256
0.0055514
0.0057932
0.14323
0.0068668
0.0053106
0.0051574
0.0037951
0.69372
0.81068
0.16367
0.0047424
0.0050698
0.0045161
0.0048291
0.003627
0.0042069
0.0037306
0.0049167
0.0055732
0.0046762
0.0053325
0.0040211
0.004601
0.0060767
0.004926
0.0043751
0.0054203
0.0067989
0.0056608
0.0056702
0.004805
0.0070396
0.0059016
0.006405
0.0082698
0.0066238
0.006383
0.005814
0.0071272
0.0060547
0.0053981
0.0075256
0.0065373
0.0060373
0.0067815
0.0085099
0.0075991
0.006855
0.0067693
0.007855
0.0071109
0.0085479
0.0079579
0.0085646
0.0080648
0.0080139
0.0072697
0.0077697
0.007355
0.0072815
0.0073679
0.0080992
0.0086649
0.0084752
0.0076109
0.0082576
0.0086504
0.0083433
0.0085936
0.0087196
0.007555
0.0074818
0.0081121
0.0065911
0.0077838
0.0075265
0.0078713
0.0072901
0.0068302
0.00614
0.0065059
0.0069234
0.0063162
0.0057733
0.0058042
0.007543
0.0066457
0.007378
0.0073023
0.0051164
0.0051529
0.0057335
0.0057676
0.0065567
0.0068645
0.0054065
0.0062819
0.0038514
0.0051561
0.0013854
0.0025436
0.0023905
0.0031964
0.0017556
0.0018896
0.00094146
0.0012357
0.0018869
0.0031975
0.00076216
0.0023952
0.0038531
0.0045043
0.003384
0.0031991
0.0038482
0.0038504
0.0051553
0.0045054
0.0045027
0.004688
0.0051566
0.005092
0.0038488
0.0045005
0.0031943
0.0031926
0.0025409
0.0025376
0.00319
0.0035929
0.0014444
0.0025425
0.0016547
0.0018886
0.0014235
0.0012346
0.00079297
0.0015919
0.0014026
0.0013607
0.0010031
0.00077209
0.0013817
0.0020123
0.001571
0.0022224
0.0026033
0.0021386
0.0018871
0.0032732
0.0013398
0.0019913
0.0023128
0.0025059
0.0019284
0.0018352
0.0053818
0.0081181
0.0069029
0.0081599
0.0015447
0.0029826
0.006115
0.004518
0.0038473
0.0052851
0.0023478
0.0014473
0.0030152
0.00096129
0.0047802
0.0022146
0.0050904
0.0066256
0.010312
0.0043501
0.0076427
0.0067834
0.0088296
0.0073927
0.0063079
0.0036826
0.0087403
0.0054476
0.011602
0.012269
0.010075
0.012403
0.0089775
0.0058584
0.010742
0.0074507
0.012077
0.012161
0.01141
0.011663
0.010482
0.010775
0.012033
0.010852
0.28585
0.010667
0.0097988
1.1501
3.2543
6.9905
1.7701
6.0012
0.012218
0.14915
0.011037
7.6218
0.012531
0.011848
1.7355
1.9804
1.6334
9.6005
3.9482
7.9332
1.1386
9.1057
2.7837
7.5811
2.8758
7.4839
0.0019761
2.2917
0.0065865
0.0083988
1.153
3.9982
0.0044384
0.0051112
0.0056804
0.010312
0.0069223
0.0063544
0.0081642
0.0080729
0.0094074
0.011364
0.0069753
0.010267
0.0074055
0.0041128
0.0017225
0.0015763
0.0029644
0.0011533
0.0054495
0.0034454
0.0050398
0.0023228
0.001301
0.0025698
0.00039872
0.0027382
0.00099103
0.0031964
0.00034314
0.0026896
0.001121
0.0019554
0.0038397
0.0061899
0.003473
0.005665
0.0031062
0.0046733
0.0038732
0.0066133
0.0034211
0.0014876
0.0047404
0.0065458
0.0038085
0.0074592
0.0047205
0.0065686
0.0043868
0.0049517
0.0023102
0.0047416
0.0017664
0.0038505
0.0020684
0.0047641
0.0045714
0.0020913
5.14
0.0011775
0.003896
0.004787
5.7471
0.0036908
3.2118
0.0012983
10.784
3.4036
10.901
5.98
0.0027025
0.0032572
2.5699
10.71
1.4001
10.282
0.084735
10.066
1.4888
12.638
2.0596
0.001071
0.00070434
0.0018544
0.74244
0.00075518
2.8027
0.0015225
0.0043593
0.0041027
11.616
0.0071556
1.2062
8.7046
0.005934
1.7083
6.9234
9.2055
8.9864
6.2699
10.958
16.016
16.482
9.9503
12.273
8.2401
17.053
10.3
3.4605
8.8978
19.113
16.394
9.6414
2.145
5.5687
11.016
9.5555
4.7776
13.361
13.067
13.486
10.497
5.7827
10.92
18.281
20.859
18.398
20.779
18.207
12.853
20.564
20.136
17.566
19.772
17.994
28.063
17.78
27.849
20.975
25.896
18.513
28.473
28.357
26.012
28.483
18.418
25.917
25.277
26.613
24.638
25.658
27.635
18.454
24.553
23.235
23.893
14.421
23.617
13.766
22.596
15.079
17.797
17.139
22.344
21.869
19.87
15.703
19.537
21.505
19.739
19.588
15.452
21.755
9.7881
21.706
19.788
19.688
13.835
6.9
13.885
21.606
15.753
13.857
15.903
13.935
15.853
7.9831
9.9003
7.4854
13.785
3.7492
7.8329
19.638
21.555
13.735
9.8504
9.8
7.8832
11.853
19.19
6.6322
5.0116
14.463
8.6111
8.1164
6.4959
7.127
5.5065
11.774
5.3346
9.3206
4.505
13.672
8.1301
10.027
7.4974
9.3945
6.3182
6.3988
8.2053
4.6649
14.958
21.306
13.969
18.2
13.039
20.811
19.14
18.695
15.495
14.861
11.217
7.5724
5.7773
4.088
0.22022
3.0245
0.19875
0.80588
0.29794
0.28324
0.18676
1.3828
2.4463
0.29316
0.27209
0.26697
0.25074
0.16081
0.14409
0.097131
0.20476
0.18214
0.11816
0.10158
0.24612
0.20809
0.1943
0.2248
0.17298
0.20347
0.19599
0.24717
0.20126
0.21464
0.16873
0.18849
0.14709
0.12634
0.12577
0.1168
0.11239
0.086629
0.17452
0.22102
0.18791
0.14498
0.17512
0.13909
0.13435
0.013615
0.1826
0.096726
2.9384
0.14243
0.23362
0.27651
0.16921
0.22554
5.6968
2.8645
4.0074
2.293
0.010297
3.528
0.011495
3.9335
2.3669
1.224
0.010056
0.010008
0.0093384
1.4732
0.04316
0.091412
0.14774
0.040398
0.056552
0.067179
0.069944
0.1048
0.010377
0.0094158
0.012453
0.011241
0.010768
0.0090901
0.011647
0.011975
0.01292
0.011687
0.012773
0.010896
0.012056
0.012801
0.012696
0.012116
0.012247
0.014514
0.015993
0.015204
0.011337
0.0096586
0.013136
0.013236
0.012147
0.010352
0.012936
0.010057
0.012988
0.053789
0.016682
0.012404
0.015335
0.013578
0.012693
0.016213
0.016166
0.014745
0.029695
0.014905
0.012398
0.03232
0.011224
0.01504
0.011805
0.045711
0.11297
0.15536
0.047092
0.10738
0.013283
0.027007
0.011814
0.018929
0.12351
0.11012
0.083335
0.11819
0.1369
0.080571
0.093961
0.059103
0.12284
0.12921
0.09913
0.094429
0.081857
0.085763
0.040577
0.082748
0.041668
0.074175
0.028589
0.030226
0.044998
0.060807
0.034035
0.036222
0.061918
0.069414
0.047661
0.073249
0.047741
0.029003
0.056959
0.056034
0.048351
0.034997
0.068489
0.013008
0.042371
0.021006
0.043592
0.034316
0.034373
0.031631
0.039685
0.047682
0.050425
0.037058
0.035677
0.043852
0.043307
0.039628
0.029035
0.028959
0.032445
0.032496
0.025624
0.032953
0.03242
0.028934
0.041657
0.039162
0.041835
0.042189
0.035856
0.032369
0.044352
0.043995
0.044529
0.046513
0.043816
0.041299
0.046692
0.025779
0.025675
0.025753
0.029112
0.035728
0.032494
0.025857
0.029163
0.029241
0.035192
0.03214
0.038066
0.032522
0.029087
0.037351
0.040763
0.047462
0.043459
0.05101
0.047325
0.063767
0.052853
0.06363
0.056398
0.034981
0.031556
0.047601
0.042074
0.032572
0.034834
0.045758
0.040231
0.03537
0.03753
0.02695
0.028041
0.029264
0.036823
0.046026
0.049867
0.038395
0.042228
0.046571
0.038941
0.088298
0.070711
0.063058
0.054264
0.025934
0.02315
0.042338
0.031604
0.028907
0.031434
0.029722
0.025908
0.035112
0.028728
0.059887
0.067454
0.055447
0.030762
0.034603
0.023686
0.036947
0.045891
0.051282
0.05851
0.056672
0.067451
0.063899
0.062061
0.051148
0.06929
0.05838
0.074545
0.08007
0.072703
0.078229
0.07468
0.069157
0.07284
0.083619
