9.59808451287606
31.0567648890307
47.7237617150637
11.0715794168466
59.8962366834551
22.4065207006884
28.8247309084688
60.3161109598331
39.2057133571674
84.8233259379632
55.1562115599578
54.2173803069009
62.6782609794325
74.9784947002591
84.7877570512555
78.6455750140363
49.6675844801299
62.0327789694495
28.189262207208
59.9019264128108
67.5371398600825
35.8464997780622
56.2618927856287
5.08403232035817
50.7572377814836
7.81467632669231
36.0756501417728
57.6925110331433
59.8928481101638
59.9150005896687
37.7724873499464
82.9707931541767
59.9473954012726
59.9254486424981
23.7490434780388
47.1571535947858
58.8843875287581
57.6154054174306
67.940285965516
32.9394880501109
76.1869249210231
59.9124147867416
27.0698818299676
0.297337652325709
53.2661937714003
10.916352482785
24.5155877956439
47.0346550941993
48.2109145030835
8.88993419669816
28.1272831288348
69.0824190796169
67.7310995663071
59.8883111626834
74.36893823512
72.3757308048124
59.8797181087076
8.58596378699244
29.3414549700107
84.8200618756527
40.6476812987894
70.1599252268936
59.7390573090563
60.7117821686697
55.8374976269634
61.2614308304855
83.3297086348422
74.886324974408
43.4358729302894
64.6632166938254
59.9975298988565
64.4211961562223
61.0016123867565
84.7975285584119
69.4110500360675
66.7716260247336
62.5223450101286
60.7225380853634
58.2918068978411
45.0328566312689
23.3454919844721
19.7160778986824
60.8857189424205
49.1624511262419
52.2842002921536
59.8512211556429
64.413841139388
8.33539273983022
59.910683859543
44.7261946429737
36.283183204143
48.3569579632574
42.653621942182
35.8378833076174
11.1997818492069
37.7632085326467
43.9481736124069
73.8673588267825
20.6259181534661
75.5068304643587
47.1165232433582
58.6250831310918
30.5340331015362
46.9906118948504
36.9602526915608
45.1675659614678
64.8010536466905
37.3609007394166
56.0012716944238
57.6287054380514
46.6352215983231
59.033381954292
12.1927119485302
84.8183470554537
77.3763065745354
64.6160825280034
80.8388264130357
73.0764865454348
71.6063584525523
70.9545394478435
26.9544354773287
53.16335546378
9.18975354367661
49.3401258369727
60.2865082103501
52.7441708466914
16.2508249986477
59.9408089330543
28.5339574412823
59.9455327797513
59.9693725802425
59.3939564103057
55.5404452517257
52.4282445765696
16.3393428269799
12.1346541355483
59.9485570436162
55.5227454655045
59.9280590806236
59.7435099713503
3.72598605440816
59.9331762538121
59.9508804471003
42.2424980151738
59.9579878418408
17.7691668041484
12.9876629645112
59.9295799588761
38.2796362838015
10.2751905011865
41.7047827514766
4.07047192219819
19.8652433018715
18.0948863948122
0.906220631599499
68.2252174865082
12.958004581762
46.882593456702
11.9623208110908
20.3035692497773
4.8001750263154
5.08734588416622
13.1222194257793
25.1318776241756
22.9907009814443
19.0159035715024
6.70508881084327
0.79519241383385
12.7249965006657
49.7660065544818
3.92474164829476
8.41625718861049
24.6789743375391
7.40492425714188
2.19538752302764
0.962793323519388
28.4402881728732
4.39217740612141
29.499218038765
33.9289479482362
41.3822953753546
15.6483468328433
21.2187512783257
6.34889861269544
24.2900582740203
21.5948646460959
22.8991358946562
40.7403769608085
21.4016933112631
54.5605270039294
41.9339977973676
5.32721794315034
4.39187490402735
35.4898065722035
34.8003661729925
0.400585924241884
2.70283284193613
24.4270073627158
22.5038119860142
6.08808168949837
11.4849800470893
16.4486117345465
8.88595807772592
30.3531394677214
28.7923151278204
62.9335858347225
32.8469624599567
32.4750737956349
43.051727425046
83.5019557693599
61.5415896413198
59.2928715146578
67.8077794023546
50.4902532705582
53.8412562329572
54.0588203618113
69.3624980954201
57.9348105810363
37.3348314380761
52.8512128286787
41.422540475585
48.8873434651653
44.8680171236682
51.1282493478
58.6095401433037
21.7978870075566
34.740911572506
51.9052976948009
44.2361810771836
59.0462635415447
42.5833080079959
56.5863582498469
50.1331622695936
44.99406735424
46.4081048760284
47.071168401775
51.1480580057005
45.7175252110573
65.1776049945448
14.5859511052582
59.9275396979389
38.2584756600514
52.3975539641346
25.4406608718496
7.94898439573402
32.0040065753301
60.3228446882703
51.299200207817
23.3632820091959
59.0560001609854
66.8153329815828
59.9616026769008
77.2507536896933
84.6828698411537
61.0530128463585
60.4893495018422
63.26976502538
74.6354873959901
69.2372632994701
84.8266642883876
82.1940811560341
61.0361606606527
74.8833551285154
84.7939500401755
81.7045782757384
76.1959630811153
69.9271478743553
74.8848787752733
72.3606476131568
66.5057333582348
78.846283087328
60.4939062343737
67.0561528790836
59.9393228596336
81.4884567135078
64.4407403045852
61.6782085708145
81.6473797089723
77.8421401412527
63.7472705851778
84.8187937991573
55.2345110165055
64.7251739149709
78.766436382947
73.3323920973304
73.7253122092089
84.7890305812942
65.7747259621493
62.3693430344154
48.5357793899271
60.0865682865315
76.8956088809895
60.3852784668483
75.8952884781402
75.5485195603468
60.4310479564861
73.7046476039774
77.5515663263985
60.7038194945141
70.7293398000351
70.7589420932589
68.8247175285624
73.1030647576449
56.7024281862703
79.97155621906
79.0173782632657
41.5267926542089
57.6705678052806
50.9917489139682
58.5019466691125
39.7022158692058
13.2691652394676
30.2698190607131
33.7480740646049
8.00524441660805
40.2011778753304
19.2418241387325
20.5660410666819
24.0300161889792
59.2211798528723
59.2464981145947
31.7527933071681
16.0417543331507
59.8442978306
59.9929046378542
65.9374842310757
59.9065913083579
60.4778393839692
69.7307982261912
59.8909929181226
60.0018579016394
55.4674488404943
28.9169191383857
59.5621235190935
21.0826180611146
24.4656555402316
24.2207979472052
3.58095663856152
28.6406558612418
37.2282901048109
59.6178605672547
42.2015196115926
15.6318948908393
59.9195373582131
36.1886308117946
59.9225020155536
59.9138507483391
59.9134644291287
59.9286119459614
59.9591495275217
59.922826659468
59.9414496417581
59.7853523751448
58.4783848959858
59.9225880321277
59.9105090595435
10.9435619828936
55.559560120366
36.6994898780212
59.4421858021184
33.8950350136481
24.4242043475714
28.7440346869985
25.1059291175923
59.9237497820824
24.5069982219153
38.5757134266619
41.9023813785161
36.599668802716
11.3432529357611
43.1843335784351
68.3101479980772
43.1984000737999
39.8665788888341
30.2311359848374
50.7959804131307
78.9230798529975
56.480369820675
40.0327447832022
36.2140104372709
62.552125631274
0.473630420750238
17.0829789954634
13.7245316179985
4.91086299060861
51.3799329194374
28.4486389922674
42.2914529121402
34.0841396852844
37.5736400334432
72.7153780366679
69.3455266008732
55.4765302863622
61.8564484149332
53.481205378009
60.9388727491109
70.6135608704501
57.8654812127011
51.6560110847876
56.6155439210365
72.1896542168738
45.51880520624
0.807273639087516
47.9778756830939
39.8491887301712
18.9515252205409
65.9015567220786
9.063857550372
55.4284680284631
28.7282827458746
36.5139405403871
37.8559878367972
34.1600868251909
31.8572433822466
34.7055866461456
60.4319919138961
67.9897093444944
42.7463004875988
43.9995042861144
78.2417093500816
39.9373697031256
41.9349751660601
60.8390056921007
33.9574803176413
51.2125678025456
57.4147596424552
64.5136410034516
67.6321161593196
57.2403203422299
53.4942663110238
25.5447169016283
50.3515807432742
72.6684155036786
43.5019758373031
58.8999352647577
71.4513371329852
76.4020122229829
66.5322989863545
83.9245727391649
75.4453380024424
77.070303918163
45.1941700021899
43.5970806796249
84.4801145941691
72.6073428398102
79.3792513580933
49.4483644553949
57.8029402487505
37.5686396632064
74.1056513325204
76.9479791101805
26.6575716592143
54.8263340504125
64.6970542163849
53.2390507850298
73.380804227756
27.6966809726892
73.4378878697078
54.213977103153
84.7864852010003
49.1187204892033
81.7643434515321
78.8068010171512
80.719249614803
79.8229524757498
79.5629674760952
78.5840550864703
76.8124637455509
80.8611998648237
75.0996929312272
74.186231754843
66.9450536492343
63.7884176750072
72.3586280169541
72.2262565228398
62.7730300051505
74.6974702962221
74.8176493426765
70.7090823369246
80.6479387832986
84.8293942535273
79.5577203175844
73.2671184850715
66.3409491068795
84.8234404285534
61.4885447585835
43.6191733151484
60.0452905186807
61.5320007927888
65.1274443947293
56.7488446015137
59.46973498335
63.3536091191825
66.4536159901822
83.8310807180952
62.2546222457377
72.6029213059125
76.5334562410725
82.7728061811247
59.9752367872699
58.2794603310143
66.8327306063552
69.6912914177092
83.0077017051806
44.1997075266712
58.9923903884996
75.9081966389382
72.2136328254464
41.547757187643
68.2593585606362
69.4103063134813
36.973242481062
38.9157286801943
39.7176352869225
54.5482587858136
31.6092510369516
37.2503180022416
37.1153297061359
40.8246272471972
42.1355814888443
47.5831635304175
23.4861422212888
33.0261145292961
8.38315384617336
29.0131245345258
14.8302840772141
3.60531316656657
0.0657347189793391
3.62912062974267
3.47409996652236
3.34658743444722
8.8906785764536
5.53732320707799
5.69204111742158
6.43336920364306
14.5280274155005
23.6364414598164
3.28038114073648
24.0852703092911
4.04275930277129
12.6955067209938
16.5575734586817
16.8472674682598
13.1631128525661
59.6179520755934
12.0185684231542
26.8822892445493
16.7775892045663
40.196751199132
33.9365663256385
34.5665636200041
0.50331675598777
6.08387260703538
50.9477543402674
49.4060239238485
6.62196362495232
12.9750490620455
7.56526952335455
45.3106935337948
3.26839805021009
3.53911804436602
21.1029084282168
55.0430846604018
14.2298488222021
47.6164812666284
59.928581273648
59.9261743200737
59.9316891873635
59.9287264728595
59.9509822167891
54.7883988493727
4.54214699773079
59.8607137843334
20.7097862762898
59.718319099981
59.9361027008518
59.8964793854221
58.1128031071774
59.9564152149601
18.6672505881145
18.2548972574861
12.8073504147092
43.5142772014661
46.3139947162588
10.3477598749537
8.97860019811596
6.57689972332138
59.9489078597061
32.294059475488
59.9210437448453
10.0278988536107
5.43893631970265
6.00830684895632
59.9091322818387
59.9229920404398
26.2213570623105
6.60475256830011
59.8894738699245
19.8580322252636
49.3868554631264
32.8401833514338
3.82334929081496
2.13414008240836
10.1157855135115
4.19205708876092
4.63916048307216
1.81274595941744
26.3458553678115
9.45937351233155
13.7314117909559
12.6198229447804
17.1049859058088
9.91684843800051
22.0213788712305
13.762311573609
24.514260508085
26.7094643875787
6.92854043562442
11.6900978691695
11.1800749928071
21.0502045464668
8.15312467810664
7.18308038159864
12.7028023756785
10.7646754259907
3.38517164692639
11.8593270717854
0.916856065596667
5.39289007197173
1.53039506682957
6.50988079335018
3.03677768863527
5.68424521209136
11.0463385683405
26.6106431993922
37.3361257196485
3.31218622533179
58.3461999161516
53.3383882384339
1.91904614830502
4.27421030275092
18.678259962537
40.0948618825109
5.65619259944603
12.6457976094976
0.807230915135177
6.05078045247845
38.180486388106
26.8798361702082
23.5093970627698
3.40172785411715
0.947568833498562
2.49140917299045
38.2282316632139
33.387853466006
59.8906270416588
6.74528048577353
49.041354760841
0.904909697220038
14.0809174756661
7.63366833166854
12.1204178467257
5.51153932584159
38.9094694760488
42.2861097797845
46.5794323579057
29.3963119795042
16.3573504629767
38.7703694495798
7.2943911037822
33.6838932428015
19.7259412376666
0.969990209978925
34.40735433782
50.7838278968147
19.5429160457312
49.1323639999936
13.1438509221218
16.2111279377836
4.00885614219236
20.0336851627985
20.4346034080149
1.32137090739327
33.2566057094354
15.0328578719442
44.5224369878019
12.6019555884778
9.11044280598545
14.6312104456775
3.20145928708799
19.2368414315014
28.8531854445431
0.426066035782944
0.200488914681648
37.1870819373096
13.2554445587504
31.7802093151406
1.35503472339493
0.675089534215257
0.770700636902671
19.6475092167728
43.3668846035681
33.0726339335884
24.8179054551991
23.1659928725276
22.4532667084212
16.7617128712986
13.2827178092015
18.7014563639951
21.3410144210975
24.0747950974186
24.9787406400897
12.4094747559212
25.4142912601394
15.6147374464271
2.70242766168954
1.36904329097782
9.29958833533034
14.6898697602644
35.1202901986877
10.3334078146936
6.18209305529663
3.28008493062292
5.01983456648356
29.8644805505227
4.71337192056637
3.06521828112456
15.7595899967249
17.2790471367709
34.5098940024102
17.0510567192359
35.4089581348155
17.6481866322323
48.1618398642817
44.7703550264995
37.9719953569568
42.4997524515513
38.9392081938545
32.3740832765184
17.308857794724
34.2298050613463
15.7834602284178
31.0828251707571
31.6824454174006
29.5179471378353
26.5561899285661
24.17484927929
15.5850467584199
12.9483538620271
23.814684571655
23.6471750002487
25.1400956590957
25.349584573686
20.8589460788796
22.8979832946101
22.9020218933478
16.7072994823221
27.1494686328015
30.7548883647943
29.4825298749639
29.2124253666245
36.702527301181
23.9435487936196
26.3199429428998
24.7567136875853
45.4939989123271
25.0764461540809
58.6420269892346
64.1055439148274
46.0947742203652
26.4485162921239
19.5498197183495
30.8184722686336
22.9003540770888
41.605631787225
29.2700920302668
43.2947968939231
28.1075266074078
25.053915073606
26.4431823261018
22.4635859582905
29.4108371869332
31.586497073681
46.2971896474112
47.411177597144
54.7431645100374
43.4837761868773
50.8386024636588
46.7832842618124
42.71686548251
43.575450590097
55.022757518948
38.0607373813906
53.9597064222663
50.8345390840724
54.2128338683909
51.2955846037357
59.9193966112587
51.8951688111186
57.082324994712
51.6078226956236
29.3223698419362
56.098242662506
38.215716664173
8.82630362420739
60.6426935283074
42.6294312065414
55.1120538872885
60.4208812048413
21.4801791131628
16.4333743627844
35.6402279442034
36.6901429674612
16.7752699301325
16.1124053265167
28.0818875073225
35.1075183060402
19.3862412977071
26.5714013711278
18.5210203142925
33.168309506105
27.7012647599262
36.9978728234182
28.9597142949987
34.0910653477172
51.9717649604033
47.5006819263826
19.6009060639305
25.4466836661185
55.8142496396415
43.0690031934537
22.223496338967
15.8792214587888
19.9225993480039
11.8831280723892
30.1072639868762
25.2678200103113
40.789886262327
32.3021211071452
36.0996803810776
41.9829439644705
48.3259249431146
56.7104287419622
67.6058952731516
56.9518963590685
61.8627905096674
52.2848987719637
58.7081558850126
56.5853928679687
55.4374947585105
53.5443931832005
54.1998758851448
48.4629214646397
51.608924883192
47.0951711638016
48.5623301459925
49.1362091381641
50.3149157702351
54.0339812580064
50.8812737267164
52.8217282574367
54.4621069101948
64.5852165010469
49.6501208336722
51.5270516850079
58.2727774998386
49.4116781883328
45.9550563819467
52.0243959840736
61.535951915173
51.9365202958861
54.0247265808714
62.6705118495886
63.4595914978655
58.1727025251419
62.7022924661204
55.891096443525
60.7359706131999
64.1949634589853
61.9678146990366
47.2146508498487
59.4123695334973
66.8659496182771
58.192912955643
56.7500343729846
59.5649027158272
61.2400545698848
60.4642558240769
54.0388719266905
62.3619171843258
77.6304325179422
58.4338701628507
64.6442374352317
64.1741020088121
61.9286188810596
75.2221431921316
74.3208997790686
64.7949728484041
58.1148848641372
55.1798779361473
70.3292472105893
77.3949295970562
76.6787711107231
67.3575998546609
68.8584788412736
61.8419987659993
38.9885584922204
56.9671584824602
59.5866473086175
41.7474480668912
45.4845599960797
62.5219228619426
39.6370066517503
69.3739821717446
65.4042254172112
34.2881529104048
23.0672033159087
58.2815212323679
38.2650983443829
57.6101048341404
42.0019972642597
54.6329285618434
45.547929387512
57.6415034870812
57.1127015644791
55.2512930825226
60.7143218755569
54.658282355003
50.4867739373319
46.1661158265366
46.6227875594715
48.0294360410713
47.1056652603081
47.6358438081414
46.1976710772226
47.0245101629454
45.3739747608324
19.3990326303881
46.7706887638027
23.797826721857
44.4666070004245
31.7469162433404
40.7805486167221
39.8505651740208
30.5719509567273
37.9200558141283
42.0990174369453
46.9086905330442
30.8228907213629
24.495372934419
35.0348541341874
6.1652220536509
37.4076237552658
43.2951317823494
46.1708409285901
35.8580743413272
21.0770152030257
15.1200893014447
13.8002126541516
5.50082272750322
35.4689723945079
13.9073673914166
16.6181495338905
10.577841858825
20.7777731799046
5.77513353682143
6.70173423423589
10.3458840484124
56.7145942983327
21.635677776411
23.327719308965
57.9691944181999
33.9970160328888
59.3297499823902
55.2952252707233
54.4735070144607
14.0888554691598
50.3437644995168
58.7115001570977
53.2690224863754
57.6202607087991
54.0976685763127
21.9175573150374
55.5636932138285
32.4801608790444
5.40319760997291
2.87791470722397
16.8224135020163
8.99411127701389
1.63573964854053
1.68448849918051
30.6653811634142
9.16959554017023
58.800154178981
56.5630171503155
60.5768017112902
60.0763344567188
57.4711482023607
54.9895084656305
54.0613469068971
40.9935960301592
70.4916664149309
70.7159939277335
49.6594707633274
57.7072979874658
84.4330489836534
63.0159664179884
51.2091044715866
65.4410377236202
59.9675147364101
54.7390919289277
59.2315826223468
45.5124144949709
46.5824891383942
35.6986548075194
25.7343303983226
29.4643476785391
14.0005974050603
15.9441924884733
59.027173269427
57.7667940447105
39.9714153484453
58.1846319692003
55.896443325505
28.0170585685616
27.9829342474839
14.5125068959148
27.9408190342634
31.9440834690784
64.8288595624511
40.1496722808626
60.127678956022
59.9571979073329
59.9973071408796
59.9560681952959
54.3560274859241
60.0160091425983
63.8310045004706
69.373825614987
66.3438864917261
77.7197952131938
73.0290035866371
83.7715283481132
72.3859363442632
66.3898537736303
83.9224171867874
84.1093140390698
83.8721126763703
60.7091899155996
60.1494478843805
62.7452241674577
75.0308729157798
66.6532441491128
60.0353949634894
65.0363075039334
84.6337685018314
62.4362562736792
74.6429571164454
84.3257762189029
66.5263503061656
84.3516938263339
68.8932170793108
81.5638892422887
84.3897977489543
73.1863100535632
77.5598228451665
73.7005796393327
74.7579579266515
79.8815776053734
84.5905303637938
84.6015262530449
82.9337259308125
84.4872701424413
62.838578188198
67.7979978842423
58.0685075946404
73.3852742872342
79.3053311001519
72.5076301274782
35.1757028578544
44.0689234161382
41.4249649076826
65.9656300029871
60.9118910592409
57.4712040489219
67.6001748676545
36.3121629339328
61.7576197097975
65.2242989851167
50.794380079873
72.3941300985667
74.6255728322036
58.6665400183605
69.8854916064244
78.6123627867888
79.0912690118576
72.8466684804816
62.6522434082949
82.3352291115657
84.8133053925568
83.3144894351061
46.0135957931654
61.6198727030504
40.6463091950449
50.0211059789088
52.1203785683798
61.8793362541364
79.9460348237168
76.5239493441337
76.1961753693432
65.9708480732101
84.7943180626795
84.8132700541041
84.8254594810372
80.3642087622583
84.8104605208433
84.7719246838966
84.7578699525796
84.8125738255068
84.7776442403274
84.8268298038387
84.7453755319872
84.7594285247202
77.2606723295737
84.7818185447638
60.6774339736938
71.6215604403218
81.8608901655742
81.4335107961898
84.7747646766863
84.7974160045253
84.7693481382708
83.498686886376
76.0337466032347
78.4217891996932
69.1913482101592
69.4879270793403
84.7885984191416
83.503635177539
83.5003662655676
79.0227639173048
59.9143601331414
69.7817825919348
61.0934370022752
61.1149264290404
61.8945218926519
61.8847447540675
70.7635991415455
59.9345698316198
58.8869674546584
66.4610810662697
59.9259245426073
65.3384471477257
33.1614549970441
58.9808506678279
45.7945641820271
55.5914285149167
58.871721182278
78.1121906509021
66.6534883588506
72.07457654286
73.7636257038076
60.1227158861557
70.76932503739
73.2793524960826
60.8986056609342
70.8205720949939
73.6836116144654
64.6707849584612
58.6745748416153
67.4186047879519
70.7678089290742
76.5054472436424
57.201266233183
54.8657069023198
33.8012492830251
26.5147257641375
60.0939437487157
64.8320048336877
68.9259895871058
63.4234409569774
60.4737506917614
59.952219075216
54.5185300644015
61.906903068624
63.0323059426505
52.5706718787515
78.5215043129626
61.6783901453535
62.527537525847
74.2249143180713
68.9228391804594
67.4200602384871
84.801134355228
84.7788560739796
84.8015005616905
84.8125140459963
59.7257327438737
58.4283535464272
82.5604752592967
84.8211099954006
84.8311793638284
82.5718618371915
50.5449387976516
72.3595383195127
58.7235214412372
53.9250692535392
51.5036432937004
61.8107798145515
51.2731277365511
63.3392236988807
56.9027534115942
54.2935728839044
53.1578432143493
54.5364417883142
57.8448698868953
67.3012328976371
55.2323044099076
55.183264008546
80.3550923276284
58.0150428443341
65.1108636993373
57.704447320021
53.8126728916808
58.5646188300764
63.3122605723099
56.1043562304263
52.3836576925593
58.6417188861507
75.8685270563228
60.6840153231805
76.7058508290265
67.4530011263441
73.2610840749842
58.0467559933765
54.6140035987748
51.4690691780618
63.2811867783581
68.4925051640398
52.4794586902098
67.0434013892152
78.0778353523959
78.0567269096039
70.4517198412874
69.4364548532559
65.3481617450334
69.6608715071177
59.2941077000858
60.0186735904406
45.5547645453995
56.6850373535102
63.0388521525186
55.9048613234858
41.6870610756042
57.2827600087136
72.2277781696765
68.9514154734282
40.5542167078266
55.9050755953674
71.2698088872325
75.5649178600722
67.6190637668925
62.9431228066372
77.4114138862275
67.5884579458151
61.3328637984384
74.6359567605784
51.6181245895572
56.5163441864294
26.03194399534
34.6302765441067
55.1617240960602
52.0130642359998
42.6239735337062
65.6712883204969
27.139458971677
21.7926502920165
32.9398352294095
19.350543544015
38.9706455901287
20.3858057478319
30.062708385859
22.6167266347043
11.6707905162219
50.1900018068382
20.4591447198781
15.5353113905034
22.1320475091697
43.1518255443235
15.0478738702402
24.065400023038
27.0869185776106
55.6812033664987
22.9203574515576
47.1987633111518
59.2766770787666
45.2597102762029
14.1481721538042
36.1521197039522
32.6031060292309
45.0297039955658
61.7370040703089
57.4260293526967
51.9025291130386
0.325550111307205
8.66085462410441
46.2596025066152
7.77824739163673
41.8818192878041
23.5779872016569
21.6107827941562
13.4336226180418
17.432844445491
39.8921447152165
45.6914605533967
44.5840166734933
13.2869830685275
34.8604654325964
47.4168742597287
42.8577018384738
14.8117422260425
31.2696175169451
9.61341189152971
55.9114601984403
44.8921290947134
37.9765980690464
24.1415061466759
32.390442509979
41.4080964218238
29.3468000816178
39.0021095839149
25.2614643592191
34.189995782605
15.3847083728837
58.7314136751839
38.9324180926172
53.51238584113
58.6687441114234
60.5877595201717
60.0097143704503
42.2300678879975
60.5322792345743
65.3920243855753
61.5114189895092
65.2964068552906
59.5145878871175
58.4995753776164
60.1478190770233
60.6798017069769
60.9089916859
61.0557908892987
42.9800486763109
49.7038315736995
58.891691416145
58.8361490007056
39.2630658476365
44.7634046499246
59.8661258044938
42.2889034840196
62.1463953528768
60.1982581709023
67.7080849063938
60.661998472916
59.336327214759
62.0459503282733
62.5069268633578
62.6291916625324
65.1070857192845
76.0230641029897
79.9352800082084
79.7748120914541
41.2779165771357
65.0139942986764
82.1766414854991
72.9194251257723
71.0521969774905
81.3007273795347
50.3999891445625
60.1142934038248
53.2847264523073
32.8350627063856
58.7679518994702
61.5808685252135
41.1652696933748
63.9542216648086
74.7777851507501
76.2161723859144
44.9729399535757
28.2217247036567
73.3978792387226
30.5874230109341
67.7207656385419
73.7568877194534
32.0046904182121
71.6046539468436
61.3071917394821
42.9079886014528
39.7851197512067
51.2076305409204
54.9885221994218
59.3845618662356
59.459503170551
59.6456580448763
59.4123672827227
59.7674229925844
59.487303093608
59.5343290839374
59.8421756452177
59.6838337966612
59.8957934972952
59.6369735249586
59.6091845777161
59.786526061603
59.8616093666028
59.8337463325088
59.8869983785454
42.1798762728406
51.0507795240935
2.11018151120976
2.29769490494846
2.34227239490537
59.758802772194
59.8956845771061
28.8823187440148
24.4872986778181
11.1811046802924
59.8869912396186
55.4890922423446
59.884068073384
51.0565003755238
59.8930419298278
42.1972485657775
15.5847857688866
15.6323428709919
59.8928565178593
51.0522293696067
37.7718946498617
28.915063173066
59.8926584141069
59.9108162447479
59.8959910361684
59.9106115913826
59.8958718030427
59.9154807599086
59.9108738866133
59.7206367915696
59.8701019159837
59.9018630556648
59.6926996388707
59.9016715434845
59.8955958555077
59.7117078018913
59.3097954801004
59.542905979074
59.913316074818
59.8791558923262
59.7953547043596
59.9042761897284
59.9046126139575
59.9013188788009
59.9044367938405
59.9014850481382
59.9048036625885
59.9017271754838
59.9049573289699
59.9098111812716
59.904754457955
59.9015429079184
59.9193956899004
59.9103494741061
59.9331805904502
59.9136424621111
59.7763689728246
59.9102056682978
59.9226538990842
59.9197004703064
59.9227495129459
59.9136285600971
59.9318445990288
59.9288234388
59.9198839028104
59.9202324812728
59.9296833341036
59.9195013554801
59.927335875718
59.9202404228144
59.9197114232584
59.9138130133419
59.9190666775609
59.9225358131309
59.9402879239496
59.9176267585834
51.0851800504008
59.9104171632055
42.2100508062853
15.6643370267549
42.2277501930205
37.8196818435861
56.9787586698824
51.1028797267696
34.8449226326758
59.7099924976822
24.5217449879467
59.6598251660488
37.790186540303
31.7940362370732
37.8049341710727
28.9445573678943
28.9298102429228
30.2685931889066
51.067480404789
55.5050457075114
9.63445289769856
49.377356759463
59.9131451137305
59.9134396595351
59.9045618130862
55.4873459777734
59.9043793981988
55.4818559133831
24.4922515213836
15.6466401103895
11.2091060695373
11.2268013020594
2.06890233092678
2.36976543874327
8.10902853260674
2.35209443480975
27.217707475707
47.8519128775881
25.7180825673263
10.9258556250081
22.7153004315575
54.1974274403666
59.4840404174108
51.7188013356053
53.5082301237198
48.9945359504912
39.5167163498889
48.0531307713481
44.8526606575194
59.5342058967121
43.3530345811398
59.1384177638757
58.8837298590186
59.5677558349589
46.0886140233506
30.0392992198829
51.457126686379
59.6096288904589
44.03739686375
17.2748776395486
36.6176680152836
23.3310099459985
35.2483751407538
25.1662093708917
27.2285252710024
23.7407714219835
33.3662351295992
28.839288365823
29.098162122944
23.895270742185
27.8882935227684
30.6778168339425
37.1691790372042
26.0529468974958
32.4314167414382
22.96045226492
36.2036594291276
34.3508972351447
33.4664230314981
42.8679426078942
36.9178420475297
46.3182049806891
31.5693280070032
46.5083907504069
33.1487808001236
44.4710846546688
45.5412582920865
48.0444744371769
41.1223927057299
53.1561885178092
42.315474085296
53.2198863775578
26.2938409931733
42.8437865455113
33.3899720244155
39.8267376122431
30.5619141541329
52.3212039501549
29.6270958594714
45.235636295879
59.3936362348336
55.2501612087581
53.3749530405823
51.8650458801785
54.0276084514438
48.1454552914705
38.7373193469338
49.8215413288137
35.8612063181517
59.3024536664478
33.5987153917251
25.8752368896363
27.6546893094358
46.944632852009
39.097926526409
29.9183956401803
27.750872553763
40.1401595346152
43.3659998089952
32.960216791236
26.832848776649
31.1241692503879
30.5276205016625
41.613432378736
21.1863255962291
40.2950811747671
35.7646715596171
46.1704545772181
2.08662790081055
12.5254273732987
15.3633930298897
14.0508597495631
10.9935441663002
0.550382448059627
28.6847964784866
3.87764829444063
18.5861318868396
52.0183738235989
12.2927179081067
44.6364289732014
22.5602996746397
18.6175784674947
41.9715010654567
39.1957757157035
38.7321719590252
25.9757543299036
37.5726484176503
50.8637860117188
15.3972237624682
24.2810908232284
43.568445425783
34.7620139088613
27.4038328580153
17.1436433236196
9.80565513576102
36.310266338509
25.2200504812157
31.3502271807035
0.972155610209707
16.6265900495745
9.18574968388848
48.373744500344
25.9357140925432
53.94240664053
31.9500273310542
17.6084647374371
27.5470271314184
42.9668430852438
31.237208520391
56.4418106861706
57.936379523428
63.5567800886117
74.8479591086686
70.2924146535339
65.2862489155916
64.9368590377474
69.9019809327131
54.428928678492
43.1719130736791
49.6032215218809
50.7913215342253
61.7304717167748
60.0813224912219
44.9122888990607
56.2088944865715
56.9910350908018
54.9896009391589
47.1583302349176
53.6952632273731
48.8534275239827
82.508005181459
56.0581238067867
74.8930186785049
59.7302741456927
67.541078505299
59.0907660440059
66.3697770420063
65.332041987772
49.0935909681451
57.2303502908331
64.7645574956078
55.3707175365445
60.041465136184
73.4464524448279
79.4401408988394
54.1378408421426
67.8667946567921
80.6641369906713
69.2284371175967
58.9346125940495
45.9510868760988
42.9350171180626
41.3486338069374
37.7996882721052
40.1649462825194
33.6951403576476
46.060656651371
39.3815497821545
43.727703952614
33.4617135667757
39.1447140416264
60.9934488610194
53.5128206372926
48.6159369468625
51.3152518465053
58.5724218916892
51.9478086615602
54.6729394430284
25.0906158422952
22.3432492804737
24.8431167644744
19.7028580634142
22.192927685
42.1770987205683
27.5816630538423
11.8794737030096
17.0734831418985
13.5358183634059
16.9167732637021
5.13230751197788
14.2995114120165
9.35066578742494
11.7106669413124
6.93475174561678
5.4830544641335
0.202023010968218
8.17479062416673
4.28833518844042
12.6653517122908
23.4411135652992
17.1558599612697
17.758808562993
6.80697476741532
9.97252160290728
2.43042421765772
5.29760657583405
8.77871588441891
19.807709927234
24.7514548298694
7.44522836730707
16.2280620876303
10.5614795075617
25.2019419080848
3.68349533822007
14.4619942605932
20.7183462295416
48.5141975390426
32.8002092018649
36.3035903589051
14.5986638583527
17.8020288947712
15.0509529738952
29.0995945515459
19.5404276172592
28.902556545071
46.6129186670653
28.9064039859678
34.8850242385844
30.4289980621147
26.8161745411103
14.4617974837561
36.0601498695509
26.1318258232112
65.1605646723879
44.5481144604453
29.6173112523786
19.5491126906639
53.3777352428265
39.9853393488841
54.2413513409768
47.9298963171874
42.0272817795935
33.078368514719
71.3479316440199
65.2243500371043
66.3527564723604
66.0354480517115
61.352900022697
82.6386869508499
56.3525517760394
72.6113199623364
50.1494910550077
52.719326050862
45.174027397395
54.0143111555139
65.0920567270377
60.1609221261858
48.0995091906138
40.9847738939685
30.2624262439495
23.1425191336388
32.2440253569046
19.7685262649549
30.346659900291
21.3064967987172
35.7077601969068
25.3990450625694
47.385539268774
26.7551937083384
54.0271512883846
37.5827215123056
39.9019706021744
40.5933537342156
45.2831388663549
29.9209628428214
40.9936075907742
29.9526242916047
44.1515339243603
79.7021505069259
50.6810725836132
39.2117695140145
63.2750218718566
41.2185983637172
59.9655491292822
66.7305977933697
79.0639102972213
63.0003844814307
47.2869943719647
60.0765448157416
62.591699719797
61.8525145629146
45.2103929146836
56.2541745877591
45.2467634083338
61.9282728900748
75.1789314068703
73.228771831281
55.0977765413841
56.1791276784125
65.2049523509239
78.0745904198951
48.8761822261676
56.2166498914124
68.8577712019081
75.9288472332513
73.9472340120633
79.7865537837603
81.3715414313124
81.9057326574439
70.3334925437498
77.8904824527318
71.5239571896906
56.1416079537386
83.901402265967
82.3648768487804
84.656001095394
83.7242519083716
68.6504080308249
71.9269956240615
70.2425701628609
72.8036628575404
75.0334379592955
38.3829000676836
83.5477567253113
83.5822327584902
84.289788735731
83.3605616927624
81.7310693735007
83.9113436105091
82.270355620669
82.0875475285952
81.0161759500364
80.1367629707695
76.5756557230952
79.2671428798764
81.375839814207
61.5999327832994
77.7356932709141
80.4866863115233
80.4062073034931
66.5178459844978
72.0201561545647
63.1750811090523
77.9332503286867
73.795687363785
84.5199214717216
83.1853475973125
82.9990803128897
81.9129286202428
65.9008968528308
35.5417632931574
78.7764698035148
73.4145750088668
44.2881027020191
59.4250116908109
59.3489750107354
62.1292009251812
57.2912300906635
58.7734860866762
56.4670517012954
62.1364527762212
37.0557580966333
47.7839484562283
28.2010092979849
45.8701012507353
44.7718792401471
33.636290843954
54.6551163113423
61.9521597779839
69.2292849685364
64.3220910805975
39.8134451451252
46.5502015775946
68.5064054439522
63.8720249461309
24.2341127207225
50.2740366656623
73.1578801892575
68.2515989394577
40.3097859340517
46.389430378429
17.9247621316564
32.8638314767602
35.2350337554053
23.7858265823318
17.6978426780692
55.3923116890099
32.3593323904843
39.7533392022283
61.1150074689378
60.0441258873277
64.1958181560669
64.0596105811624
60.2262308080988
60.1757675782116
67.4209619379224
67.5660159265177
46.6538011936502
35.2189208703146
52.5572842998016
57.151686323051
51.7554360118998
52.5624277837541
51.4386070420603
46.9623205736045
55.7700728147883
48.5375550217935
45.2936584236848
61.3050141017704
48.1154872817582
64.7538108532664
56.7595912336408
60.6418720989474
54.7850299980855
50.9795084387746
59.5408852549108
55.6443133420542
67.4396678154429
62.7243501022535
74.1437274560263
72.3137104752276
75.6384171123224
71.2812333288189
69.9184262110425
66.3515769425023
76.5466495703459
73.5979882706104
78.8087702198428
80.4447514521022
81.3105324202974
84.764002934952
75.6727803762851
80.477018048789
78.8416007155359
83.0389339388501
83.0701676321236
84.7656724743638
84.3695550139285
80.5092002657995
80.731361291464
81.342421821864
74.512391397192
76.4388522729131
78.2415077763373
78.0404511754422
69.4367616221057
69.2787241276818
81.3098078615406
76.8270642201895
73.4162318488393
71.966699707902
79.2473031319885
75.864552157506
83.2883987861435
82.6291024802187
74.3339408762301
76.6905688567998
78.833611185068
64.0043568772633
78.7954744151384
83.9325674210703
84.828121618464
84.8170737966303
84.8306682029465
73.1141018030105
84.822166563298
78.9098871500057
73.152081687625
61.7392493467175
73.1904262315796
61.7767635384397
78.9483917033556
61.8146381361635
61.8903928153351
56.2917017624863
63.7466420270564
76.6382780234877
66.5333242379391
66.0006516568263
69.4036724286812
74.0425829453753
71.241239733482
68.9648429988228
71.9858947022417
74.6387241495304
79.0254032781654
78.9868970798099
83.7751231433667
73.3054661912969
76.5418852650274
77.7826650292102
77.60106632197
82.7176181645582
71.2941835178793
84.8332161265207
80.7629812907124
68.8188442060722
68.4910009169394
81.1262513519902
67.6932508666738
73.3163168761415
68.6062233656807
73.6123561092103
72.551381038663
79.6107137117255
76.1267048266095
78.0287798280529
70.0057782215338
63.9721468872986
76.6798662506068
84.8319421606111
73.8922513027691
61.6633648541004
79.6370452378989
84.8208927062915
84.8344901006749
77.6389839453128
84.2777042746305
84.8251766362255
84.8196188575344
78.8713834209657
84.8156004520455
84.7850115840763
84.8268462203974
84.7962558752732
84.8000737903967
73.9158508545716
83.9016573458085
84.7945837625569
84.7988001513257
80.6753252626038
84.7544344731402
63.434226595625
79.6633215008826
61.509515801887
68.6471489558533
72.1527172207361
62.8600498668385
71.315735095625
76.7049922523897
77.664984074727
82.7455574302697
83.8027416751314
74.793444117573
64.8705644434185
71.2510041080066
64.8409652697962
61.7815635904077
67.3832947240549
59.9981563325883
59.8920445804456
60.4301448916356
61.7853999310338
60.2272056758961
64.0008360326962
60.6101033085608
68.9263524746075
66.7701984295966
67.4555182045922
59.6287701348257
61.3522968459081
59.2500305333339
64.51665823027
59.7666668732052
60.3035327194519
57.380852626135
59.1320342627601
58.4436747535307
58.9924819865838
58.5872509989517
55.7757478367323
57.8304860472743
56.4607745582758
58.1151383541095
57.172223370655
58.3019284308504
56.4959389129158
58.8909866681663
56.8713793640306
59.0303570884476
54.2651574240954
60.2459557577391
55.4537930521736
59.1304680559059
64.7782120496591
57.8661054973655
62.9959024463252
65.4603467758759
80.5342874270235
74.3115670533397
73.7094442120194
63.6768629088881
57.8056637876488
71.6614421000508
61.6879877407139
69.1351943432583
71.0735051477765
45.6527124157333
48.6879686861449
51.1938523890854
55.0640623349134
38.9383722135038
34.2431756387281
53.4225379794437
51.5764625593962
39.5643047991698
51.9289064915065
43.6562616910998
56.0827231247229
58.836118080106
59.4673351851557
56.9787735487987
64.0932238261233
64.4830348329394
71.9844523021991
61.7723557585805
67.3729619176519
83.8707537942124
69.0555075449341
76.4049270468153
78.0072301717929
79.3599523609891
74.2789223004954
65.8145237564743
69.9911920019644
57.3671946601625
59.336274958155
52.9803127279826
53.4696863862919
64.2304110077421
55.2605486987321
67.6898137310212
63.1305588405688
57.6940059245382
40.8487117501494
46.2651077189573
48.3304027262078
50.5991819219566
36.1148285670789
60.2188320079461
63.2092117939447
43.2719879348743
45.9626523470239
47.1546633719061
50.7641464803153
38.0320617275092
29.7665887223829
40.2535468083147
33.4823952970689
43.8508598490875
37.5019899157682
38.7691089527422
30.7734008811449
33.6437717644597
31.6719013810477
46.7481685140013
41.0370204508225
42.4179923873608
46.1268448778898
33.3550143990406
40.7281953662192
30.4041848709962
37.0730181247478
36.9184286271885
35.2539685522433
47.7868908489113
38.4723356364827
51.5920480017566
40.2796051810809
18.0520352307485
25.3265336688718
24.2443824960817
30.8768019468537
24.5834438121123
23.5778037367664
32.4832850650133
30.4507250871338
23.2871799038422
2.10465208211616
23.4230849284155
2.90521770556434
5.05071972431889
18.915434679248
18.3910955572126
22.6323477019809
4.40639677883562
20.8356833328552
4.87455880072817
18.0754251613669
1.56561886236851
1.9864035120098
7.37746634877845
4.97528399298371
19.0773555203073
0.996933147085162
18.6695806723925
3.25465407444907
15.0327220079797
7.20162334026417
9.54719282964501
7.94605916141169
3.83780371344563
1.43482070103806
3.84946230342164
3.03646084967245
5.64411885757314
5.4018517572543
15.2397989240183
32.6871810050159
3.61659989355935
6.80887358365454
7.97073217376351
4.66659737164879
7.15169276927
9.77916732401711
7.21553602894075
7.07655033814146
2.46783286455838
0.865938992262137
2.67330865899195
3.06907764350697
5.75111147957915
7.01357134849841
14.723095035134
9.99648280553755
6.44468652045335
8.62086833353702
14.6053867360414
3.35774152611068
21.9538464482834
29.0267124387095
28.4856364757781
30.6134258987959
14.7817327338037
12.1818127984835
35.4708745241532
12.193725154953
30.9812856977012
23.7537169571409
38.016298865182
28.5222662300751
44.0052557923271
31.3806237135316
34.7414672945221
3.10359962541814
36.8981392604932
21.4500735363922
3.16223804155832
13.4103535892811
5.86838646085799
16.5576674952117
9.23852369356645
18.7456896354989
5.33526758203233
24.0666857726186
41.4314566212592
23.9055463637657
9.16435758395179
27.1999315132946
46.9845425568672
43.1370662754039
26.144262925408
33.7845962934357
15.3838391201059
31.4751625626799
32.8462692933499
22.8810233074923
26.5646470260723
26.2749529883228
12.7870800234494
26.4748618808645
13.7134906891283
23.1277331243999
17.1643786986207
23.4314012397487
16.2784310150933
16.1519046392081
26.9733837487755
23.2422136892062
33.4386446142158
22.7436922137096
36.6706575775175
26.0578789151725
57.0873145296051
41.9862934053182
42.2478551953159
32.7770221090846
30.7259179234228
39.9351907795649
27.1399624259735
25.7709582091891
24.2393299987199
27.4719417375202
14.0403968118498
33.4926554670571
13.5443072374403
6.57985723445171
13.0464188150785
2.85059592818102
6.2459316555067
2.88164160453544
3.12848905968999
4.13551469416012
38.1456480168603
6.96367637687787
45.565378804968
5.49130300081163
19.4919573224029
19.904310723037
32.5154601292183
6.55940609364249
59.8940173977626
59.9650953803479
56.3232588736199
59.8856889924236
59.9645704676861
59.9511462719186
59.9259213773386
59.9613202112488
59.9108795910837
59.9192046956142
59.8690371850131
59.8438465183181
58.374358881232
59.8103323849028
47.3549219238134
33.9050083969383
59.7601615720954
59.818871415181
56.8395003766779
52.9919827400298
53.9536885087836
59.6681500602324
59.7351866793064
59.6933443125875
59.9308571226922
59.9685803298359
59.9316488850235
59.9444292158151
59.9495273878502
59.9607342749555
59.9332873500471
59.9736918255074
59.793677374723
59.8355198143109
59.9377356190045
59.9596072890469
59.9227869520087
59.954503022368
59.922807650727
59.9202045944197
59.9379524930154
59.9662569905887
59.9377680884546
59.9411497169942
59.9253873419669
59.9280184796812
59.9407901514727
59.935853702847
59.9359074557338
59.9253738307657
59.9306262519181
59.9552934887785
59.938471130721
59.9332821063707
59.9521557790605
59.9344435865455
59.9438864835549
59.9450601212477
59.9367787798781
59.9556645892617
59.941551441121
59.9279715544087
59.9445893728451
59.9357835877238
59.9380736810094
59.936915562902
59.933200210422
59.9305928387151
59.9305625577029
59.9309592648765
59.9384249738539
59.946666069767
59.9403900364006
59.9357645350037
59.9412055444733
59.909238109425
59.9477829223871
59.9011646999259
59.9462634955134
31.4885851764796
59.9423392235591
59.9108594081873
59.9434696886107
59.8999840765004
59.9446346421404
45.4892895368717
59.9344689219351
59.9575450190088
59.9141243569486
59.9393441440732
4.25424487443189
46.7263473408008
15.6493151791863
19.4903492893726
10.5712597553919
10.983608458148
30.1839928408007
59.9359582211147
47.9863929278441
59.9242988174143
31.0762324084544
59.9316379777404
17.0563000655923
17.4494219932967
18.7479296961613
59.9252634030173
12.2014253667131
1.83783507624049
3.01718969320331
11.8083069538569
3.4295408963119
30.5975640762708
6.83200593329767
36.0704403329178
26.756528115072
8.66698942481494
59.9145178302172
58.7995135337438
41.4770017408169
59.9304963338858
12.2385637345479
59.8918181924507
59.9043543015052
59.9079961515825
59.9161523776267
59.931207550779
59.9327688458093
59.937086758927
59.89764546397
59.9194112262932
59.932558844455
59.9241293173456
59.9348226034717
59.9293666405898
59.9336857183426
59.9186739241374
59.9123133050145
59.9112711108513
59.9198096451985
59.9218591394789
59.9111743751122
59.8994482593224
59.8813149931403
59.892965179933
59.92094411828
0.324744782050733
23.0516873895897
16.9999834334384
59.8941374756201
59.9010815402882
59.8859639636157
59.8847935908695
28.4794282364079
59.90050455935
59.8824765267287
59.87313914839
59.8946340010733
59.887173984771
59.8813252785636
9.45487181028774
59.8777967309921
10.7428822765718
13.8468731483413
44.738881927104
59.8638030848604
59.8766328385511
15.4780942431867
59.8719661658995
39.3336146103559
59.8801400876989
19.1658576973025
6.187046564365
48.4105827971928
28.9159321347477
39.7696334714729
12.9682483894941
39.3747231642375
1.24425499277143
30.4653258152616
39.518542430738
27.7518180337791
22.0102387613215
19.7916002317616
42.2453570194988
2.30131570801188
35.0588221074293
0.0779453795397393
15.3475905298555
16.5635327431674
45.8231017442033
39.7290255097315
52.3113039548232
21.9899681457355
51.250843215952
5.72930611787112
57.7390445127287
59.9059855590381
59.889483421543
34.9676189138653
29.561055676368
53.2220943199114
10.4905698193513
2.23095171062041
41.4591164128407
27.4199481112531
27.0268281223655
25.8090060002293
37.8637464196873
28.3961729967078
26.168557117009
15.9112245048482
4.37714895527749
6.4393753387589
2.38142316669646
13.0307690917524
7.33324774595968
13.2061733691065
6.36327860402331
21.7110810777105
19.4834651994523
7.77014884050318
10.596593880672
14.0816790326533
14.2566505622919
15.4213151667355
22.2932865797464
17.711847623453
17.5611913634133
10.1806847766988
15.5268460604911
11.5195111110138
16.1009407302781
9.22898844471254
15.7611328069779
7.14552754111581
14.4938175304972
13.5561160817558
11.7343374359476
19.0446666200429
13.5249275005952
10.3015848975579
12.215976463062
4.98779463741105
9.56880208690651
5.30180323621669
7.34838279376578
14.9698176897698
18.6266307851181
5.95062027676065
7.99089584265089
17.8253415201866
21.0743211367757
0.843177116538406
9.12309728320138
0.0390303921857038
4.61347878062684
1.57526532973875
3.76989261951634
8.03945814447921
3.22477201178696
10.0934960163569
3.52110038499533
8.33884401607447
8.97075786107212
13.6732034056096
15.4630581284529
9.70649867236569
14.2219974414834
3.50195521661032
8.01744192454565
6.56335655811389
19.6488427492159
2.67975185191048
13.6534746232627
0.169002699022226
7.44875100854008
2.7836272793388
4.5269510566677
0.729431752274381
5.28648778623826
3.90873026967596
15.3425319567503
6.5809766181177
0.0507255854966796
4.84805374064817
0.411925754888155
1.0747669473832
4.72545610109983
0.0352321114992608
1.81330497942416
2.85742652975618
1.496123883044
0.445053417795337
2.03585944781647
8.11672695131319
6.01282767031737
10.270141499954
17.9076960670182
15.1595076507857
18.3770862935533
17.0488739758974
18.1991598944253
17.8578947869498
20.3132522195541
1.37220701175976
6.72924073082626
3.81861221381211
4.47721645651937
3.35302568259907
4.00417466335637
1.82771411070882
2.4017567686123
5.60977503828344
6.14937139456417
11.390678695632
12.1434800045156
14.9360472914979
16.2351831906438
15.331541890506
13.4086351864932
15.9351881947995
16.2636390914706
10.3333486156215
6.05488681193344
16.3913615488127
9.89180476865878
20.2045383588845
16.8488098318764
18.1754775013956
11.0420913604712
5.59750637395476
7.3372676909828
7.18175479698128
0.619182919393663
5.96741469637379
5.30393142328072
3.73172148960633
11.2186817728685
6.22737311458651
10.5987226578988
15.1628221817211
13.3607525043407
7.29101758823587
13.5377469377834
6.40437629023528
4.08533796160173
23.4696212952814
36.2591347432856
20.3175576385037
32.3757152123368
31.2554416543441
32.919495158058
37.1006518129052
31.2366653641197
1.02331599641661
41.0249039537104
18.2138123891305
25.9808558685505
31.003325113412
19.5862021833307
27.1199057335519
13.1913441064331
17.9984862012759
17.0749678188636
24.6086711639833
13.1841666588977
14.3303939129058
10.8650968544849
11.819160129471
21.5472593666044
9.07458794787944
7.93553861845992
6.57822327442578
26.0123416912231
19.2895090430713
17.4212291019726
21.6979178950914
26.1725153173352
13.607834493524
41.1533560502486
20.725046761028
25.494067389369
16.5035730691135
59.8696357737204
8.7036019114561
0.9498252692769
22.4877618065139
0.782551477703747
34.2897404507054
1.51038491745345
59.8614765305878
59.8684738002273
32.8216710902205
12.1085449994605
59.8743196144799
55.5507126541609
29.5395463408933
10.0517131723417
3.45542243624268
54.447916897887
42.4293429868546
55.462386097911
25.0012435183762
25.1474642209397
6.13954732936577
11.5280497153834
21.2423619172887
40.7784370633875
33.7937785721462
22.6535982182717
51.0702933581417
37.8910335946862
38.0372528548328
29.2471061194327
41.4735695680336
26.3705658349536
55.3191534955396
24.8520371091991
40.2264299614463
50.9270606027687
42.1398908411279
28.9234988063725
40.3626989108373
0.19104261284129
30.6416007122116
11.240452570939
14.2827114398671
21.5147346084395
21.1071738419434
24.5570206834252
25.6958846315185
33.9812403645736
37.6315249095215
24.9552954145766
24.842011295899
18.4471523139913
22.3307767186094
20.4941413715007
3.28718986783126
30.0978208094349
28.7254306970918
16.6835301199047
3.86467444520148
31.7804648601998
35.9617876721784
25.8107695396628
36.492475080071
16.4182210323738
27.5865861369172
35.35363054511
34.8227573822502
14.8965193933443
27.4509496702224
7.02470597962214
21.2476440482829
5.50401430954489
11.8541122707962
1.54734510582435
3.10191297745903
4.90379637546529
0.385520096162197
8.95430405177107
20.3757049097954
28.0478926181004
23.4179906055341
32.0886880837805
10.0671017808164
0.393561926031939
18.8095593038953
11.5859911923468
0.777631368636817
20.6992888807947
20.8378560596936
2.861699928857
10.0931575261003
55.1759209394477
37.7448143952284
34.0293647532774
55.0326884299968
56.7494649412975
0.522536066033739
39.822848255028
39.9591129466028
39.6024896860086
0.176824916731031
19.1443929125256
19.948410179594
1.98727467938748
8.54373925907944
7.8977474786492
1.7231758734898
5.11721964825061
12.0049910935368
19.4606337789443
19.3697740668447
44.6610465691976
19.9235266124663
19.4065950603389
39.0620773586237
35.8436556335398
51.8845017829884
30.2143099214922
29.9473753366214
39.3268569825995
38.6140632759629
24.0510961382376
12.2585473777286
32.7184344126859
18.1548191087268
26.8234586621211
20.9278310487338
6.75938888602103
7.19664360028853
3.66535283789372
15.5632713198136
0.396886798200514
9.58042408348145
13.1771218955108
21.5449377344053
3.08784979443695
27.5202815509732
19.1576043709588
3.67238362722046
25.1305805522672
1.34806493679493
4.25006465345418
31.1110647311634
33.4944420136034
13.8086589052445
5.40063018365165
11.0281020044959
4.82191647683096
25.2673341625792
5.23770010586523
20.9813445772445
2.63432620550689
11.5888007161164
2.50316918813854
1.93268479284737
6.04390971576267
1.93969568905795
14.3955554665496
20.6948704382288
18.0013238239817
28.9268774564841
20.3736715873937
28.122832269913
19.8504456332818
31.4605821858221
39.5522378608586
7.27614421940074
55.7075312530116
28.605056926635
43.541925530635
2.51719806361313
12.0220237680644
2.52423083981162
23.9794405827891
26.3529720882589
37.0915491718094
30.675258969297
39.4772940755069
45.4577786146381
43.0708499231569
51.4394471007671
32.3310889866869
51.6284439598044
39.7532676275817
38.8632536496155
48.8832729337978
43.6717516422292
38.0723681639164
21.1572087712153
23.6650047226835
38.2360482239691
24.2358768885469
21.7887666997279
22.6889332746162
23.4383634359821
21.0445348625752
22.1381561927092
20.3950000969615
22.1602145781536
19.5619995979803
20.0864882157996
22.5579895021968
25.2552406789635
33.0963477853718
35.3431955055509
28.3308349644083
28.1306667088902
20.7094029756662
18.9780304351717
17.1532285492446
16.0178122858424
15.2105783850953
17.1146070053031
16.7878938243266
16.8861060993974
14.9237158394898
20.2534046982933
16.9158482871171
19.0115488901831
22.0472099384838
20.3262139273744
18.9421230108967
19.758883664647
14.8127879387979
21.4522506885559
16.6108570498863
18.3303187265973
22.2763068009477
14.068125074773
28.0552402988763
24.9502271061338
21.2143966974785
12.1543445980316
15.3746726291352
13.9467625886384
47.08763977511
47.9462873346335
36.4057062096836
32.4682170052752
0.378185868006605
11.6109833993703
0.784555374453388
0.207125552931541
2.11783847458707
10.1030849986849
3.43248870592553
39.8157830123691
9.58822789729436
35.9203047288871
26.6773919851298
26.0437450444483
34.9702587029591
16.889612474048
1.49020299744496
18.3856312118701
0.956330942050514
17.7848875707596
1.41211453804601
2.69532261917722
2.90905252818994
1.53307678787369
0.293001433318307
4.43524724114122
2.73911073350863
2.60933690158034
0.500730504531269
1.94587267778015
3.40261072912245
0.164076064431042
5.41575284723394
2.28328953868955
6.8817636188731
2.94699808601348
11.1124347303333
9.14260140802016
9.17285932449279
4.25798704146252
22.8315060534276
16.3602157138242
15.7356123039872
16.2721688396864
17.2955785264738
15.776765522745
17.4850722669723
16.7734443518092
14.5370194088187
14.7198138079695
16.013928450118
16.1160065351346
19.2083227036458
15.835545629612
30.7512511209594
32.3804396998354
24.8517223872998
27.6179972863691
33.7272791060977
30.6507513858921
30.6984379020846
36.8714710773014
29.1234782403961
24.5934263841746
28.5024227306361
34.3737157662594
33.8534915755868
33.78494222463
33.5759085079359
29.2037599123351
33.971080392479
32.1695376293266
43.539481194507
40.7010204761663
37.6605628205318
29.3364377037196
24.6065094265906
24.7033979823225
26.1901480817828
30.7542002906678
29.1634856446656
24.6284480802371
26.1163139028386
34.0117448122968
30.8910436765624
24.5947755959295
26.0939646273088
26.1484923468778
23.5837751482254
27.7038186900752
22.7045180197581
30.077106144327
23.9156578671863
24.3085264477144
26.373477815821
24.8197272328497
24.8663496731746
13.8470126571827
26.0813210075815
24.6606524167177
26.2413176557954
26.3027447084953
22.2324527195132
27.212662966
26.1730617192169
14.6434411671143
24.7184121369778
27.6169607697844
24.8323693691121
18.252706042547
23.9478706953411
27.6189966222902
23.1674039932545
30.6576628912625
25.8019218468795
25.4905146799414
30.2850122074008
28.761999678878
20.3597917441694
27.8828229290535
28.126022260545
19.3939700714308
25.2924380433261
17.8349905183322
21.2906203026592
16.1308324216648
23.9606638937146
16.0291348540362
12.4488929406349
29.5052079142387
25.1588088375415
37.62874300787
21.2856599445333
20.7725652493664
22.6314204129753
17.7985382124062
22.6283877026476
23.1419339480058
19.4024768490797
23.5156615069784
35.9733605348291
24.1455886040814
52.274914190898
52.274914190898
47.1294446326848
41.923731003266
19.8258686330371
52.274914190898
24.6033183156895
42.0580969384582
28.7461552374394
52.1674414854672
24.6480022261562
49.4735835887462
47.2262113283325
42.0468122331199
56.1350223126175
62.3097799513861
48.4397887396082
66.2033500315412
35.73013408262
59.5585216954379
43.5748182434126
55.2436840863016
36.2188958673811
52.1588000212277
34.7643153870663
39.5421732362115
17.8387331146328
45.0429835436062
26.5471716787412
21.2603935109774
21.9823048826318
23.2294241909003
28.0305123453865
31.3508443600163
31.9447525549883
22.0105058926563
35.2470773047031
36.2120297796673
43.0788270870461
28.2707036296071
44.0875223127984
24.580242093961
49.2149297499609
30.5863414310059
40.5543543883631
43.6802315851529
37.8610858776902
60.911373916279
67.876382507132
70.1051418344648
30.2392080878752
42.1096112609795
40.3359441821357
41.8802988648586
37.302491653309
40.3098246805786
38.1770154096068
39.435860480036
40.565859299828
44.0082552538131
38.1991670930933
46.1597368290561
39.480566685806
38.8674449091239
31.7104122165323
35.0234466312184
36.9381909065597
41.0664180091431
38.6244460048779
33.2164683154761
27.5698839196944
25.1228319572281
23.3913464972106
24.4910144556005
24.3678569469338
33.1515463324681
26.7770883014779
27.6331239268721
26.9246559899057
24.8697067613707
28.5098160168433
30.5461295549124
41.3715536345781
25.9603387971465
30.346945357024
28.8611666167436
31.1651727298613
29.239835289595
24.8253688673693
33.5845225461736
26.689291490132
40.1802509374527
33.1347165120252
43.4339246059455
33.6806931742293
38.9770256041812
34.305758709298
41.9946302859462
32.2701756060667
42.4177275170624
33.2851243751759
41.9492029708956
34.7153754715091
48.0048722618411
42.1559236556842
39.6704179151447
36.1540787499029
39.4999184688391
36.5121906897608
39.3591227433304
40.7502698384076
48.6993963014587
50.0111885537695
40.2298931154176
39.7217761786915
52.5779447596119
45.7895294917502
45.1792565067701
47.4146123368379
51.4870686160603
48.0534143877514
52.1663375060965
49.352276142741
52.7885156877736
50.8136309968801
44.5776269048773
50.1462595817128
54.1701179874473
49.2333700370107
54.2700692649677
53.8537143466236
53.8923715996867
55.3617298985367
56.3055651935407
56.6852813080778
55.0192748829822
51.377332909962
49.4729878209675
52.4997307551014
52.173416612719
48.5780932618547
49.7827224467297
54.4503403002475
58.7670972072736
55.0055756195845
53.5502857771081
52.2505830926856
55.2295189436712
53.5366719523618
54.4947852823094
53.0440482311638
54.1184658827039
52.4051566660086
52.1105221195416
55.7695687324176
57.6478335752671
54.8060257704658
53.5276957147252
55.9644776552447
54.2892800040212
55.8941477873867
33.5656984723285
48.1000493686078
54.5250436089057
45.4102832876278
56.0479544207791
62.4617025605216
58.4844819493429
64.0208279561186
59.1420357800199
63.2260074691832
61.9390148413393
58.5534564485991
62.5211895350427
53.1671478915449
61.0657884212065
56.5142437925673
60.4431257182585
49.9796833784437
39.0893957600519
53.2669883478935
40.637130201793
47.819967623322
33.64488173651
57.2650262123357
39.3449943853953
51.415482830114
57.4784078808883
57.0441468541221
35.9312490212606
40.8098944339161
39.2220004181541
44.638347700335
44.2371129165871
43.3678067831068
36.5977867000124
52.2033118870767
34.1249806940188
38.5298571558896
40.5510900100465
38.4426792671065
37.9453993449276
32.418256666006
35.3350773125737
33.1837301733359
40.300210541133
36.636351163892
29.9719205248555
16.4043226551913
32.7869316126856
22.8287393148365
16.5596594122116
23.0415517105644
16.1561720397188
24.9609202559639
17.5544229979699
16.5039556740547
17.9876238805235
20.9729085626824
17.2539597901622
28.8032415176448
19.7725916228828
30.7257548485376
39.0394496989772
37.2706775514527
33.7161375419326
20.9293628352162
26.5196516361717
36.7473493366167
18.9313489674679
17.0090456241123
19.4380715333571
17.3618700149045
21.0831125705654
19.6451254823919
25.9649835552282
38.506516063775
38.7799559108432
31.1985220547895
31.2890959771175
37.976384986059
39.8842093474614
30.7074987920008
43.046449764731
34.0968518883625
46.7273840252638
33.1731313534289
35.0672423391343
38.5820657169624
44.6637912219312
48.7835255214074
52.0699334775734
53.9727434145347
57.5529524139451
49.2956920719983
49.9669862222189
41.3877173976771
48.2586294126705
52.9692836492188
58.7581673963127
59.6370426250614
35.5804340670686
36.8860665259211
49.1814427763945
44.6083929239667
34.0751343281292
44.1418256983893
39.4423677256936
32.2981409447889
28.8478366720645
27.8387925620202
36.0458076747771
29.3904077529695
24.6528893893769
35.8824249877326
36.1207862573159
30.9756259437265
18.9956968617507
21.5208962628464
24.5934777523853
20.5126676456241
23.9603731802962
20.2279159205906
21.6386914219626
16.5359266947293
22.6852435822657
19.4226939927863
23.5290192264099
21.8161266340074
25.2804145184796
21.2304518368138
23.7243817566845
20.5487774401757
24.7925724031832
21.799679391925
34.0768379093214
26.1837640786328
31.8687541316866
23.1713137834097
20.9261884133731
25.3051101006147
32.3441267945099
30.938756158571
19.9706633422739
22.5996736265233
24.5082028656036
23.5200764863635
26.5403977437393
26.939418844322
28.3604439119101
27.3781567570222
39.2188472291983
31.7816861406439
30.2004661110419
38.6625538990658
30.5794074417403
24.2439894847661
28.7755619819448
25.1164635114665
27.2986093256445
25.4648957923024
33.7149103291541
32.2728222458105
40.3878949070423
54.8703073608837
30.9910250861575
36.2689270426341
40.4554550586047
36.2511001938551
36.7248130377691
42.3999281539369
48.5111963883721
56.4161112904893
54.5327208027478
56.6288494633969
56.1021100238933
57.0023775198142
54.7495162136612
56.4642030160794
55.0118323532033
54.8290810985532
55.9105498433446
54.8931810716082
55.0705093352103
58.9232394775238
53.7330348456742
54.7919976962088
54.7259519783922
55.839820186167
51.8077988340802
50.3473358342427
55.0160543453282
55.9588254374854
50.8836896528884
47.111357254126
53.3481547835667
57.1788502137117
53.3825422980354
53.366787063607
57.2203675946556
53.8636415177584
53.1382070999304
54.9842898275428
54.3714515212823
54.1663816724776
55.8821641120945
54.2372759710198
56.4760164971735
54.4771432582033
56.1605970353298
55.2978436607713
55.0462901716588
54.9406936788609
56.2864411772637
56.9287685304548
52.8193296824847
53.4655171334455
50.104738956333
51.5272349627471
56.1817609729404
58.0449612520319
52.6679785795013
50.3228042133067
53.1469629239348
49.6805616346084
50.6714243547424
55.7758600512255
51.7501833089733
56.8996895782967
54.8839147759628
58.2183378547025
56.3234134892104
57.9051729555583
56.1706700840411
55.8178243353624
56.5923985918169
57.5336934924147
57.452586564217
56.1963036969559
58.375967949058
58.6105629995664
51.2502128722538
56.147469181674
57.0791132229891
65.4568998337928
48.4271196311459
55.5000362030491
53.0692038346002
62.2203781026197
49.8962825121117
62.4672118991428
45.3512417426711
52.6733127507476
49.3619747418341
49.394775208217
49.862655857232
55.9625955690968
55.3585950658212
47.1565141965101
49.1872594947792
47.5805979437995
55.9052688260936
50.7872787547145
49.2002955299824
49.2151621172182
48.4772933229559
46.9012052305687
49.7547730004183
47.747353397175
47.5456919682953
51.4077039310116
58.7058810802074
47.7725539542849
50.2292921122456
45.827609029702
45.9298824298763
49.228261455615
51.5635016446681
55.8847125205141
60.4420680606025
53.628200362318
60.5740926387943
53.6886415653966
61.3574332785987
58.1293931778811
61.7493184271368
60.3993475644235
63.8882065825237
62.8303390139672
58.5801556555196
67.0622902906714
60.7931128282379
64.7941747419968
60.8476479981575
63.9112300180502
60.6832509092936
56.966084789462
65.2864611096492
62.7153725975689
51.8117916001984
56.2831322699802
56.7915766586592
56.7196814523049
47.7288770649984
50.933552689825
48.2987997157893
48.7191781631811
50.6906921702073
54.8285245774428
58.5454796183894
50.1477748968543
58.7139920110628
55.5257933050238
57.3789893050277
54.2362652777393
57.3005977198081
54.4565810971444
60.2432254269904
57.2848201190573
59.5968046621663
56.6389992685556
58.66831817003
56.5313708912557
59.0567098764396
56.7639967590587
59.3273022711457
56.2024701565229
59.9293384833511
55.4505594720207
63.256906906778
58.8776562925676
61.7771186806249
59.4419826866478
59.8711523674356
58.6377475679162
56.4179576350563
59.7162420758266
60.0275366977083
60.3474467687172
60.0283796685219
60.3785248018977
58.9026613151314
60.2958138067031
63.3745831416011
59.7303585418195
59.5572362656174
60.0707372242769
59.3923359403797
60.661503277681
60.4671432097474
60.8924343938411
59.1707750484578
59.7907098868162
60.2802578878337
60.8310003837133
60.6613837330625
61.3050456256611
61.4156984406766
61.1567421915027
69.0335162772936
60.7983827670361
60.3010225764223
58.3927056708765
66.3565932868737
61.0453436743304
64.7858589682046
61.7747519598307
60.4864147800553
59.0714352965892
55.8858876277507
58.7845574297301
61.3565203441392
59.2023473976169
60.2601116969262
57.5605331102779
63.1130011345571
59.3175394077783
61.3059706957346
59.7316399590543
66.7785449561592
70.2783384197588
59.0012609546803
62.4000836138497
65.7435507944326
71.5693455306696
63.1089520043051
63.9066835926118
67.2305438263384
70.3334879425472
75.7837273214389
69.0413805462829
70.7619401042988
67.8687762424281
75.29954306328
70.2706298177092
62.3962354449198
66.7645423027343
67.8619075454787
65.7321244786985
65.1019928621765
60.7736578253974
62.7931176569956
61.0227724840845
61.8787651335509
63.9643478090877
63.1957092854946
62.7218575625396
69.7780632842636
63.7786653391572
68.681968888285
64.518578288819
64.8891389996807
61.771476683456
74.3134359520863
64.3187159155761
70.570445163706
65.7150776791731
71.3863028110026
67.0257233411647
74.4429612807772
72.7267484325948
61.4191791425538
73.4249620521133
51.425173580944
67.9998038337935
62.7055791322648
69.0087406572953
62.6208830259636
55.5943878751273
72.8692824910247
63.5641234831601
70.4437194088377
64.4994681375024
65.0487559759866
71.0826381543836
77.6916438322376
74.9167509232936
77.2876236784301
73.0835786027618
75.8455609571388
74.7435946331941
76.1497141710802
72.2242674310487
74.0718170401415
71.9225423413629
73.3407946265372
69.135081025139
71.6793729677025
71.0858542910632
67.744169480669
63.4888542542426
75.0822160770322
72.8778064885923
58.8202987062953
45.2769280154958
66.2095741979336
66.4804467551074
57.480491632858
47.9040724459958
57.8783940669466
50.1777218547258
61.9494299430734
55.5709168282062
62.2823619829406
56.0368598530047
63.1641494876666
59.4951730716856
63.7311707119694
66.1327074502499
64.7761216185692
65.2706841576438
68.6177094015505
65.6130585973623
67.4311854948586
70.1027159404958
65.7931381606157
65.754617376207
68.8343143363074
69.6848652418411
62.7744062044029
62.9125403507091
64.4905559508828
63.6114284546719
60.9286509985233
58.4592586995378
62.0666174796196
62.537840970259
65.9480722295873
64.9531654919303
57.1116236198612
52.7717245945574
59.0588218195918
54.3669613462015
46.6985179951517
50.8005609741296
60.3122929469075
56.1433061997595
47.3166338552633
49.9645766767189
46.5516890687165
51.9402654367168
50.3702482971905
53.066836194374
51.1134197861369
55.5792151011357
57.1181126005078
55.0121730746571
55.1055608787194
55.1497432151392
55.9267760844383
57.519987522094
57.491294137132
59.4692478421448
60.1477269175891
56.3886278748286
54.2919888350863
54.7487056924561
55.0742149205843
60.4647087849067
53.6384406072811
56.0690489296567
53.541479440354
50.6212839683131
54.2353267763169
49.0933516542181
45.2105302130413
47.6690258096102
44.5337862078442
48.4081329584768
42.0973879912989
42.4024882066556
43.4293717229594
43.4541405399782
49.7606825026338
51.7320142538674
48.2576607499224
47.1849441440519
55.5269695409614
51.2522175016394
55.414420720937
45.9332710898053
55.1553365715016
48.7025368053921
55.0415198226522
50.40091052916
48.3157767017979
29.3773368113034
59.9085159939592
41.763335624721
43.5855308512073
27.2941838148437
29.1712229130788
12.806610128629
49.3417315692089
50.7491652228787
48.2221101423783
50.2104854949666
29.7272728281439
26.7539623917601
40.3514906923486
37.03224236947
35.5535500433827
14.2900367020504
30.9817229962068
32.9698318945566
25.3980738503198
14.8480487012006
11.2670855898375
0.810675906914703
18.1607903820468
8.39001121711766
36.0301309304341
25.1859317000577
13.9156536368204
25.1231262673156
2.70196040457382
19.6910455911418
43.692515267699
40.0757436768321
41.4938292110215
36.4602906366819
44.7930078883804
46.3004762550809
40.3887116924936
24.1970901918606
43.0450367752185
44.7865498810506
45.5720362759523
45.5873509191761
41.7952894965541
42.4803615094377
44.3062377117159
45.5783612522276
33.0391676647897
41.8122087752215
42.4756898313079
40.9561969774218
40.3054948212435
35.3441613811423
21.2675508851049
26.0511909126755
15.6602486155816
29.8319372814882
7.0456162626309
27.865007506811
8.26611332627337
10.0876902536418
43.4509916843625
43.599096654144
36.680945241091
7.51134887358282
31.8836114651468
28.5350017714203
39.0308991007786
18.9089718941637
32.1371992144832
22.7853159907734
24.8973419805463
6.26663108569307
5.47850263923186
11.9244290053706
29.3933751952185
17.6246915835309
22.2371259085699
8.32373974958628
11.4309262400596
4.67575092705812
8.88574860434072
9.7642755411309
13.2015330749665
15.038758600235
16.2715693019686
10.7523230869265
8.889170319489
2.02911480129519
4.55087942606967
2.86382483829338
6.26817996553119
8.28603357141183
11.5866798542175
7.73638129405762
7.37047910498865
11.0190338135668
12.3723739992419
4.6767843543664
4.42171114735658
18.5643815910936
3.568829522106
12.9367115761967
5.5760144063458
7.32562805043524
7.1364939079829
1.99013501889018
10.0920965848975
3.92448317173281
12.0482919004211
3.32750881547412
37.6696582234317
19.9365853899493
47.656721122248
42.1362365405677
51.6216520672061
41.2487679569206
40.775110303904
44.8791446459543
50.5907527083142
53.596237532153
22.4335624505737
28.3318731274393
33.7014219119304
30.3657919667967
5.86147899283858
4.17727577875025
14.5978177196287
12.8996129635309
15.4380118704352
32.8851558439114
57.2843035719719
24.1615779488598
32.0515405977924
36.7493547688176
39.2377373876264
41.6148573893681
48.3172088210496
59.0971115238007
58.3286298240186
54.656340834689
59.4952257020572
59.8984849888089
59.9388076331323
59.9388076331323
58.6969632626567
59.9388076331323
56.6359786970414
58.9215594948771
56.9659602146649
59.0829723023492
56.059036378805
55.7913601938149
53.7010103132327
53.6252580740111
55.5360724337903
54.2792253944119
55.0660549478525
56.4768808014676
54.9780136770224
53.5012504493901
54.8536783098129
55.8961060128511
55.884470997992
54.7253831577142
55.290863376123
55.5520610136399
56.3398556591193
56.2353235712127
56.5980102300275
58.3910038673667
56.9776756050812
55.850317641362
54.2471451843692
58.9364277791708
57.0090734697009
55.0379196471831
47.4580177074576
63.5833562199621
54.3093278353743
57.2687677348009
53.4878487579246
53.6879592621422
54.4913687083307
53.7962372897557
55.9720573553727
44.323340662125
43.5988876327871
49.532388688616
45.7281246354475
25.835123837345
26.5703682817133
28.182442158725
35.3931383180461
29.5620090239998
20.6776406576063
56.1132623215622
38.397930758769
53.2031504665738
47.1278103982667
58.1773354894912
53.021857502119
55.9835716703647
50.2536881573411
61.6556633157921
50.7537082885133
61.6468346092612
61.0580894719631
50.5802892429133
36.1446987382088
46.8731454112538
45.142038989559
55.7917504677524
62.559499929677
52.1730944446669
64.0594982810745
57.6114247682977
65.6634365106133
70.9910582386007
67.3952270861719
63.6347138776804
61.0442874256622
72.9200049025139
67.824509088704
69.4558112280827
62.4130482448546
58.7789863758274
65.6963245663112
67.5569627030728
60.8315304335302
67.6019313256527
58.9467605208616
59.3741513847988
55.7620944410485
66.2523482660958
61.4918701551651
66.5727159775441
67.8319674975561
64.3446652327157
60.4401102490778
59.2924348647135
53.0190020069542
57.5805463382653
45.5369327558164
55.8290967177367
54.3029772573856
37.0107764881013
58.2379469172643
39.9835674660074
39.9730579549281
21.8813401602003
38.6160426434975
49.5443837402081
33.5853809140484
35.6059217940236
36.6918150238989
43.9651208183627
36.3984634898077
50.4045259422895
72.5899164276157
77.2197996794099
74.481023275912
73.1803817642649
72.7468549957436
59.4525863717592
66.9619790069842
69.27860941122
65.3321644801926
36.897023226175
34.2505972282949
36.5298381047509
36.9066244217706
44.0900317634096
49.826086065203
43.0462518604263
40.1370069139372
59.9695071234107
55.6719891489516
60.9599141090767
60.5030717499301
61.6921376066053
63.8201491366626
59.9683023102074
60.3599726204062
62.1907546405883
61.0080519342409
34.2542077963629
36.916321243534
46.5985058420959
42.1084454301349
54.3361902100735
49.0492267075771
29.1002437996999
17.5843055495375
30.6231118001374
23.9259738507516
37.553864533604
25.1909455043264
34.0532174865505
34.0545847714144
53.9363990618242
50.9534250630124
49.1043081478941
48.2337536699621
56.9894128854072
57.7786117691799
58.1963865132691
55.9703155864103
58.9950664590586
51.9520711477587
35.3664678551616
26.9439383648018
27.9248318478838
39.9141291192005
11.2227881323537
7.97442875376385
35.706502031037
3.95628464034091
31.9178464770601
43.9234718708286
7.44781837201159
4.04754782460324
59.5088187634391
58.1728774283843
59.0443188561498
59.4750533529125
55.9137855044253
59.4971130629344
43.9058784980935
51.8947831787804
51.9168813566074
59.9388076331323
39.9288475175754
15.9612016805576
3.96370790514924
19.953778009138
19.9382178679744
8.34796082786947
16.0292965826888
8.0257507659943
20.0065812390728
49.0826647907272
43.9933021418808
57.122124632803
59.9593784231094
59.9582706125462
59.9630514045378
59.9571436739469
59.9605843962001
59.9585944535901
59.9632688784944
59.9566051232576
59.9638393528803
59.957696599036
59.9621562681471
59.9588082451249
42.1223494929432
37.5602905838708
38.5032981288786
41.480572858263
22.7276517352782
22.4342223920783
49.0660229559996
46.6143771166508
57.1246181767
54.3542168775465
59.9650430277723
57.1433057143192
59.9666185049412
59.9605266719684
60.1525448136931
59.9577326727323
60.7984678013046
60.2272938757343
60.2062876738801
61.1736692590356
60.1907648932429
64.0168782526537
62.5887763305638
60.1640068233605
61.9840478349108
60.0140702392426
59.9627305792315
59.9844769729725
62.4398064415813
60.9540447782458
59.9610630865719
59.9631323467652
60.0089965794716
61.0034091313513
59.9555340662996
59.9566643874674
59.9550000074744
59.9987707616128
59.9696071771985
60.4559863339938
59.9544683707149
60.6308840065594
60.1121134775853
64.5399329474651
61.1302403561031
67.2157279222724
67.4638612146649
60.6098430586533
61.9008574671053
62.4245587825116
61.0311917958855
83.7212618587106
70.3929677814236
77.9897921225663
72.8604597067933
79.1874537999418
74.0054721157807
83.9400187707291
74.3514400687263
83.8896162694979
84.0913146654532
60.9345026217097
60.6873280722774
63.7309429556179
79.9344045997081
84.0734790293755
61.5466399687781
64.1338477490962
62.0358542505613
64.742393232685
62.5772994547679
84.0408613121426
77.1231016917843
67.2735699104734
68.3441317533564
82.9249374455621
84.0587765723806
84.2104528089168
81.6889146039342
83.5488309866438
75.2977524694267
76.4167509800662
64.0543331781609
82.2193882772993
84.2069986484561
68.8989435820341
70.0510910625364
81.4506434698971
84.1743197651564
84.0231070591927
84.2427684160123
61.1019291846328
60.039340347945
60.4739102105259
60.1324605178305
65.8011249563048
63.4160627487679
62.1216635529063
61.2055299555301
63.801119721832
63.122963650846
64.9739709839052
60.3492581962261
67.1941893237348
61.8942252721969
66.8889997761746
61.8228387269193
71.8767761193592
65.4395300629327
60.7927274353547
61.6301378381353
74.4739525116595
78.5679068289533
70.9983618095966
67.7206528001445
64.013717050327
64.2043143488582
67.6573379363796
69.5572915636516
62.2298763201627
64.4759775654107
67.9452364461548
66.8279532443179
84.5253261541136
84.6286526013415
80.8039082081101
84.3583051782834
84.5097955593818
84.3078375141345
84.4711080498403
84.3762819600431
70.6483782444568
64.9888876353369
84.509218957349
84.3438915581548
84.2248017734053
83.7848701056896
84.2610272740291
84.1922615829144
84.1839798266928
84.4440193521629
81.0795328317205
84.3246040358503
78.1288480776342
67.9735487904427
79.290356000686
84.4059141097663
68.3971834718546
84.4592775303196
84.5634427584276
84.4773894124679
84.5524599407149
76.4393416233043
71.6864793582672
70.2657581250135
72.1792717855239
65.6535136820682
66.767840819627
62.5149393069367
67.1589352866356
60.581811277153
63.0219238294356
63.2946203576461
61.393229777404
66.9046528610687
69.6184574797182
60.6124847886474
80.5015039301791
64.5731133280202
66.0815960698675
84.7239964429652
75.8882501112641
78.6323679716212
63.8894862153746
70.729810605214
62.6693565141325
66.014729921386
84.6447462898745
84.7469223703007
84.6879883612753
84.6066789232969
84.7260914160504
84.6718746089687
74.8105197924663
82.318645035875
84.7466317690527
84.7521281770112
84.7287119250109
84.7089169042982
84.7510949773674
78.5704144226463
84.7328711184383
81.9596649947999
84.7315397512219
84.7099563545864
73.5160382607049
75.8614639356078
76.5815992455937
73.9823008039534
84.7203942716539
77.0838475273091
84.701380673266
83.8987673499277
65.0519161822195
70.0735028054674
73.8064696157364
83.1111823653203
68.5026299590923
66.8186927021485
65.6963093410365
64.2507309116382
71.1125591407534
79.8558992020009
66.6330954815265
75.8401765759973
67.7886283821459
69.8382856252098
81.9711568934909
83.1854397016234
70.3677842894304
79.2403839377737
69.6412383513923
67.6044124176514
78.7781572844902
75.2877929139365
42.2053288674165
41.2582466825867
71.0129197979477
59.4139411278794
66.4733016657772
58.2261812553155
59.3372795616097
46.3851196368636
38.5178659874782
36.636544779289
58.2496436197403
60.3337872790341
49.0011131335087
61.7855733988547
53.8266707895651
66.873237394011
46.0708680488968
61.2031993904588
40.633266193315
50.4557701922667
39.0574160535895
44.123812273871
37.7044472346443
41.9348703286075
48.6520360240907
63.3228383273119
43.2916394539544
46.5513851442952
58.7189033475669
63.3437956557147
61.6075749107855
65.0153114734134
67.0754369046084
63.345578550473
64.4240037341949
62.8566671517874
52.7197993064133
57.3721583692319
61.7697519358048
84.833416329991
47.6500831795517
53.6163644632877
84.818873530406
84.8155319993204
81.1294961210887
84.8121942291819
66.9521770958561
73.3294643424054
84.8166468076351
81.5837648547721
81.4158732728387
70.684713628748
71.0080775674204
73.3755026339793
84.8222499994638
78.6224127184289
83.1955784002055
81.5937793564787
82.7592963025532
75.3734246738172
84.832305142346
84.8233611749761
78.0549410599503
83.205717113509
84.808387091439
81.6039924095758
76.0862953100623
84.4362448001116
70.4026927387809
62.435396753611
84.8113704424288
84.816607733188
60.168030997677
76.5256851325019
84.8199848099165
84.8154963496823
56.4099131345108
67.7598079641508
69.4862589325331
77.6404884419732
59.7515210974496
61.5158832137014
57.499930205657
64.7639257540133
58.7345411945277
60.8337636004392
61.4185107115283
62.7199702156496
60.0731366891843
60.3752242903186
61.1701230260298
60.1908388358542
64.1150851227758
66.1845171341316
73.3364561610728
68.6081441098484
60.8473075068998
66.9540356580026
61.9649252488269
64.1186318750512
59.9946558494022
56.482820912682
64.2827899732362
59.185940900802
84.8132324849374
84.8154555180446
72.3297777725566
75.4347057895967
84.8199504429106
84.8194002042663
81.1356632350271
83.5718626563491
84.8188354148633
76.1865960240619
64.6814974185288
74.2361535838468
80.3653530714949
84.8255522577466
84.8300400300292
84.8222110137293
84.8267026264104
84.8289287383988
84.8255871709785
84.8343893682933
80.3586454426285
82.566029220264
80.369907046532
84.8356436202492
84.8026674026858
84.7901554311636
72.7669645484061
79.1270950988904
73.7600236872453
77.6516593141033
84.8180129232188
84.7919063776604
79.6568578872235
79.0211788346284
84.7412029468829
84.7692694334346
79.6536180399007
82.1957418138123
84.8000377588149
82.2341557920877
84.7844358093453
84.7760989155414
84.7768127229665
84.7537090355296
79.32883529163
84.7958751056001
84.7541774323298
84.7898627461135
84.7635894636183
84.7693090273807
84.7672168177172
84.7445873946536
79.6520832023003
84.7151186405717
84.7531842861623
81.102106777997
84.7953627927113
83.3279880824057
84.7878174663351
84.7964385927267
79.3215924795273
76.0321969243568
72.6786759335187
66.9058542479025
68.6768080363584
60.8138442015215
72.6772818585068
74.2836594801336
69.6198940004025
68.6754727786269
81.5519007071196
61.3147929281123
61.4319431880804
70.119470163327
61.165027150207
66.0827595395177
60.923654496392
60.7798026757798
70.2137238850002
69.827751175851
61.275425697803
60.898076454654
78.6158329712409
71.6229262739969
69.3864061837308
60.8857343032971
60.9990326270515
78.4185936688625
79.655237954408
60.8868840925904
66.4272714051249
78.6754664326322
70.7334788438596
61.2004351085537
64.6350608358342
81.5813908717553
64.6536121284204
73.189013238579
66.4458000777637
78.6457464730239
61.8655536354554
81.6110846802851
64.6832707062071
70.8716829293857
75.0192299143438
61.9216270825133
69.6859823766061
76.0352168039388
78.4201081330337
61.8459308784788
60.9078240254053
74.7858125640182
71.363030182272
77.6533588759694
81.8626285956536
84.7994597918786
84.7713126286785
78.2053594689829
70.2296848934938
84.8145581445926
71.9692532832356
80.4767292523061
69.0748392833747
81.864169455437
75.0209691486062
83.3313284256161
83.3329482302142
82.1973141303004
82.1989748189961
71.364827017591
73.7617824600391
64.6815292179458
60.9213958826701
80.3529471587033
73.9429659274804
65.3223284284645
68.1094179657287
67.1269585957505
70.2314245661421
79.0326038449323
77.6582655371651
75.022795561243
79.0277310843356
83.2884453983147
81.869245586234
66.4771376369185
66.5235020551533
60.9211867771909
59.9164972940109
59.9654144817943
60.9360984217426
61.8628437759297
59.9390189285509
64.7130975123414
70.793878295857
73.2190615365304
66.4757989041917
81.6403725959005
73.2793644274634
73.2492816574846
81.5336547357557
65.9237300240167
78.4519406668852
78.7051867016628
63.3833161632821
61.6580496108779
70.7094999761424
63.8599323900475
59.8285626169256
59.9417376876316
59.2365109706599
60.4237062287955
65.9704872421037
61.8840401918685
63.3371866740709
60.15926083677
65.3848343044063
70.0640884272145
78.4062715456961
72.6995531171984
81.443216638547
75.3800663504504
60.9589826985583
57.4301567545166
72.6070905763215
70.0176795296369
61.8905902759315
75.1794602755193
78.3606242697806
72.6533216942333
63.7305334030414
57.3906308633258
57.5856309816943
58.2988084905697
81.5898688020371
74.6571800204799
69.8165002885058
60.2589473270595
59.0491653384941
58.6074323540286
65.244289547355
81.7766131146861
77.3706288076127
69.8092113117213
74.7189106181769
64.9006351776584
83.1705266105744
83.0612414337698
73.3629155766888
62.7699014541209
70.9049305042197
64.0850914728137
66.9225059586398
64.2316427679708
71.0860036836487
67.7285779088403
73.4251495345659
70.9677602351304
62.3993041367987
71.3284614294124
69.9129843112198
73.5755004408169
81.6578319390267
78.7102792866918
78.6542115869096
73.2261604468545
78.7858857029299
83.2293743605558
77.6377594416993
81.7171660205922
62.8755409527243
67.125255819653
70.1457807222865
68.1113363226106
74.8870034631964
77.4314879810801
60.9684377116213
68.3789213175928
61.3888237689215
65.3242225010218
70.2589994221159
71.1422822782417
65.963855081153
61.1168228148085
58.8680084616808
52.3517073185867
68.4810440091229
60.0533785150236
65.2544087392556
60.9491427592599
63.0509800003661
60.3015314051383
60.3107779643857
32.8337408857303
64.3977684863522
62.9090675026148
60.0583280064027
61.3141713290429
61.2157443867925
62.2714838602767
59.975631019034
44.8054438232467
59.946245322311
57.7972619638852
61.3458589496761
38.0350280423063
50.0446002805208
56.8543801916084
59.8857068991445
58.8123325056007
55.748246414598
50.9790423716481
52.3263188341124
44.8898125840197
38.6462399382033
48.15098033744
39.131409440505
50.8768866620442
29.396314448706
56.9101246462443
42.7839812466914
48.3336658778852
63.4129618532104
67.3924488179651
43.2039777017426
55.2400083501011
39.7080357986207
50.1442461613163
64.7032102686557
62.3752982016679
63.5453084055238
60.4726996256471
39.7397119754118
58.6990571646647
47.1944065515386
47.7489100818378
49.1031071623994
62.1762761482045
55.0843255623709
60.7815884584786
61.6908980176678
60.130917242959
60.124728300754
59.9508072939901
53.6194373858893
60.4666479214894
76.1868912578677
72.7385838362536
61.0054390772013
63.5243679210091
65.9641130924922
72.3524954129601
61.6770365471563
65.9646112487212
60.1287332389026
64.6761793329004
60.4714153962826
61.6733228862604
59.9482455228301
60.1181221753386
63.7256759657763
66.0014487328586
65.9599877836578
75.0423196011776
69.1398783170195
66.781702959134
67.1635555091844
62.438334007504
64.0182890596763
64.5068959975546
63.0629052739707
64.5088023770215
84.8167012158311
77.4342227935767
77.2989115713633
73.0926542811053
82.5547819715192
70.586245035875
84.8140198728528
76.179011408125
83.1949718921546
81.1041258148861
76.1847036712938
72.3281238875757
84.8096704343694
76.1902708165249
84.7969476647521
84.8197397015044
79.5339778413316
84.2542417075418
74.2304741577957
68.9283275316733
84.8153901886392
84.8068540640999
68.9339160880529
65.9653755166663
72.3676931822434
84.832266258053
70.5973953963301
70.5917666405478
83.5684268817612
84.8221769704946
68.9289498678003
80.3604465197392
72.9649371791428
84.8165670636444
63.5268661827026
68.9328460199027
55.9969594563504
79.9478624843742
82.3419646419359
78.7814940449503
52.7232050046324
63.8024292283269
71.3517435773647
59.7724938275331
69.4903397580045
63.5135908479149
60.1497452508474
57.7417618701105
55.3959280771039
57.7802202980198
58.3759570194727
57.6885545414969
61.3209624988836
59.1008166429998
65.9843861491388
60.1344126374588
61.4694320939962
66.9422334391807
61.6213848615647
61.8954780163985
52.9587764484863
56.2494990741971
62.8455179303272
61.8909924676089
56.4026282861148
57.430601920831
56.1028655277803
55.4289887738098
72.5982953664791
71.870522783248
70.2086719419234
72.2219824435841
70.4964053283476
67.0801475404311
67.5453223638235
63.1426808419085
54.6971381588203
53.7330091219139
61.47489044649
53.9054964212031
58.1123658603555
60.0767035975291
74.3228788422085
66.9536382877865
55.4046789552528
56.4347378847786
75.2238470794776
61.7372295048027
70.9436645081659
57.3490876174719
72.0041214166176
81.3688866299713
52.1497198753056
52.8134364530076
52.1712862789622
54.1574233894727
59.5346061178552
53.2185064364324
51.9460837529221
55.274785101086
51.6503773061866
55.3105004517799
58.5891981987614
55.2552784256161
62.4800082695888
57.5013033879785
60.5612851271295
56.754312662227
57.3710214753951
57.4649825045742
53.2970304155034
54.6111674796904
58.2305890373962
55.3470222346943
53.053862529023
53.5791189406904
52.7301638118754
48.9762548737974
52.722710352974
54.7167622426423
52.7683223683908
74.8089123380083
53.7568469598198
51.5759870465134
51.9842914608066
55.6960992958106
53.4795997493245
50.9131737990341
49.6134582647272
55.2293475658534
52.3954634576517
49.6441071475977
54.5339409684336
51.5266124626493
68.5019499939642
58.5537609418487
47.1193293861116
57.7120238860969
66.107210410888
55.7235792895253
64.8885649817267
58.5933827001977
71.2994414406955
68.7214311363843
76.2494387085553
65.250083872136
80.448767987778
68.9978154140493
53.8969916578452
73.1252477283525
54.3291180528736
67.8273818527599
66.5243066602907
68.0320952712083
70.8133389345017
62.9976332800515
68.1798735000465
61.3609014658225
72.4154851756107
60.4357269295532
64.628647266601
82.6446614468213
61.8417391775806
80.5273022924163
83.8098391221561
80.5288888877584
75.9090906830454
78.8734882505439
61.0222061374444
65.9514862411909
70.1756619321051
57.8127912628345
76.393003696972
53.062861957394
82.2087837248447
58.7535753070675
69.4795147653066
59.1249277651424
64.636499427393
53.136240404787
51.7295851459755
51.2316298322966
81.3158188895462
65.9639057242464
55.3119410988648
55.4738467709617
61.6883291139593
68.2684508817525
70.1654378537391
63.9656274669883
71.9263562563417
74.8228255869151
75.6096251449279
61.0031545555354
82.8000906088042
65.1567649040304
81.6568455575459
68.7170759895318
65.7998082162766
71.061174642881
60.3987870973323
79.6480127479819
61.5303851649274
73.9807371934309
62.1231202894523
64.6728258412843
76.4994873439123
74.5990814652803
66.6321852755341
59.9746027200598
60.9969521012496
61.9086750575178
69.487061010314
60.2999871685722
68.1298503149702
60.0097280956617
69.407184691928
65.1264718213954
60.3056746416101
63.9759815818592
62.0817402052226
61.3518598402539
55.9586131749779
84.7211626206891
60.5185546526655
78.78290637704
63.7072444000582
60.192995371248
59.3882333213225
54.0047055707173
60.3326326039682
65.553427006143
66.4564205303372
62.2120937627154
61.8950544287563
63.3421576711365
47.1925337346174
51.5090786158291
51.2064512279451
64.5790759634191
43.262157207882
47.6708767022888
57.0392341312845
45.6027024414306
65.3794134197413
80.5488064412363
71.5304776354528
76.3435130829506
77.2790044845236
83.087937355887
76.2385212144275
80.5464319834366
62.5725766995852
51.0933012428022
68.2524208906742
81.3304834549168
56.7027844803626
69.7269771360572
49.1706035933539
80.3610338856662
65.7290197104445
79.0486533787402
63.851452527522
45.1422945224603
35.9371633786112
46.1485286464581
72.4394086132138
70.3318298662952
64.1091374205167
60.9760456889529
75.2079515757753
82.0558654405594
68.6994169097542
80.0354201456824
67.6873411534315
73.2036025610498
76.4532843705839
81.0376368041997
78.3926197048972
79.368951970823
76.2735519759773
67.8905400115423
79.0278513267909
63.5360648815934
76.4683515564166
77.1237469208663
71.4589818482864
69.1201311679853
77.4327264459632
77.1022435455707
76.4899755263558
76.1651107986728
75.2458867327477
75.5429798436388
55.2445992769872
52.9446172370207
58.9118554545779
53.0586700236782
58.946219877046
68.0914819043547
55.2106099005416
60.1328219209442
52.8104413083097
51.320624664775
57.4618217669176
61.0519690904506
55.6590302219565
59.8913110907069
56.8187971235208
63.2580845987493
61.0193486699426
59.8647482859235
59.8603600805435
67.994156089021
58.566995528641
68.0735452926784
62.2238881801078
67.1090821815118
58.1899512107834
48.5797977400914
69.5718778103246
38.547987641112
60.1614892461335
71.0037564356286
52.4614473106227
63.1210345655123
53.0620771741005
65.4039944272378
70.4706186431423
60.2202501313846
59.309920636793
44.960656420244
70.1626825470396
46.7324520753053
43.2718702578082
68.4237647783914
60.7281034137134
68.2086535679315
21.8356060142575
44.7469881983852
28.9902440414228
46.2580051121168
65.4184055126126
72.4984665782681
25.908998753038
50.012922637747
19.6130179279297
19.8513029547284
50.4913092585873
31.4055709634979
28.1282946717251
19.8969121955987
18.3734257284064
36.7874392363649
29.9673508134535
22.6548973382465
36.5645886677334
23.9716785380105
21.0092348926257
26.3641921190399
21.649754162371
36.6173477869085
24.429391415561
21.6150559402734
8.99429556433613
16.086506093681
25.7889934731054
23.8263898323335
17.4608461267894
15.6414696046801
30.4623130604921
18.7494493263873
17.6528306500492
11.160123868134
9.07584131380582
4.68654391442216
4.19641219873317
34.2247283492219
7.82856114467672
30.2201295517266
13.255400360234
11.641056612463
48.1723696928705
19.9614702204641
52.7434539315053
38.7977475396334
49.3171940693397
24.4141059195422
16.6480474369451
34.7731009232184
27.1515410665149
17.6397108452194
51.8161624796752
64.7791770869133
54.674879350145
74.1965775800143
33.3214300270465
22.8177824353809
53.6961672674347
66.6986918028916
25.1904556794712
42.3773517134381
30.8764626178631
27.1201165034262
14.4657214722588
28.6798230052262
35.1732439823092
27.7576246800229
40.4274939405098
37.914416987078
34.7477535769929
36.4139292154318
29.4069359391569
42.1813752807989
41.3497924170355
53.1254113268819
30.6877049758372
38.0199544848223
56.846069670666
55.454609781961
55.2957861299588
58.204784675003
62.3580222722821
67.6553570140946
62.8729590664773
64.1454900219506
53.4756036602636
52.3275769271381
60.6847082094078
61.0444131568802
58.365638469777
58.3743594584554
56.0900067326365
50.1517392034154
57.5096249905292
48.6091811314292
55.7115700693904
34.4783109922118
46.6214575680134
51.9734397250619
49.8808528088945
36.50069353782
53.0586235600844
60.1467839267822
44.8625047920612
46.3043523438581
56.4571925910953
47.8408584754059
59.8859561263484
47.8836189421005
50.8684518882265
31.4368765293301
49.5149665644225
27.5034107960797
42.3810414598443
22.0550055591829
39.0330672789116
12.0450013794638
34.6093555177216
38.162175898636
24.966566815354
8.72898994882272
9.35580126228797
35.3018539915391
6.88665956368443
29.6449587119151
27.2946588552059
20.6627803130277
28.1233188547263
14.6998460352274
3.66688603264246
15.7386217607098
4.49326974279084
4.89715196226148
9.22717030255502
6.94841848228237
10.5263569287622
6.73711800498719
18.1163389332502
5.27300001421158
34.3697687987404
24.7807067139195
38.9177743093354
29.030054873741
19.0055610210563
20.9966565024317
14.20091749572
13.8629734467893
55.9695454735
53.7031276138841
37.1902645466477
35.2506234816768
40.0052264303484
51.9499616900967
43.9116632664663
43.9584874336048
28.5084154330447
43.9039656921106
27.9305888507416
43.8259468186869
32.2088997360506
32.0129483551476
40.0238480443237
46.1664293846129
41.7468105389731
31.906562962684
35.9116875256313
26.2971210830172
37.696876738356
36.5787727055856
22.2492052375098
35.8336687050332
21.6463696704008
26.7403546898836
31.5497865720218
35.9078476732271
35.9435472849653
39.97466848846
39.41409528319
29.199302747961
32.0292128803961
26.3811216493565
30.9185719478023
32.3574967867635
22.4193119737755
25.2374230266628
28.1046985341656
11.0180869095017
21.9148304482236
18.0133712443583
25.3010425144867
20.7863574588659
8.84570710923458
15.3476685289487
12.3731378511184
9.50236644342546
14.0986722250722
13.5747786085873
29.7039285665447
35.2770108629396
41.8153732619295
19.5651610358552
30.6587485550704
22.2173765302607
36.2347771567406
25.8132659630975
18.6075634786839
13.3761880681836
9.30743782369182
9.11109869078614
1.028340775673
5.14342775607029
0.796227956530604
4.95415543655999
17.5391471490322
26.8125909248038
21.6365564045501
33.3549256554837
25.097776580528
17.5893753841594
21.7061805576263
27.7786513007847
38.9397472085009
40.8590548034752
43.8141023707599
47.4018797078988
43.567765224314
35.3458921456204
44.5298533874303
36.051176374822
26.8607391170819
35.0890032073431
42.6268570699961
34.1585954421831
36.5960526818306
17.2471285726019
47.4388561959867
52.0384887373555
48.327705071023
35.4294124783589
47.4527000329716
30.2683702291262
40.2208065553037
37.814749675764
43.5960691661521
50.919220446143
49.8779459788943
49.6234581321861
52.9924759264809
46.4468294323165
52.2157430022816
47.4838588111045
46.1876138317505
43.1541549518052
48.5340397085895
55.866589125683
51.8074068250905
45.337702871554
53.4206514887482
57.0715808001524
52.1800355944096
58.5565501848095
58.673053110841
59.0070814889212
58.7225219992016
58.8379127966068
59.337021865755
59.5682521713225
59.8529257251168
59.7374217362945
60.5369292832791
59.3991996553198
59.6752451276672
59.6837569422391
59.7284556399475
59.1762501883054
59.1678516976231
59.0608608404908
59.5060748322916
59.2300302163585
59.3455361597029
58.9994046336594
59.6659424399377
59.3902327597719
59.7204399801335
59.5594029959568
59.8349950347623
59.8976256688851
60.1310113583317
60.139959812175
60.6709013101112
61.0469305097218
62.6555775896005
58.8486693365061
59.5264548281728
59.4993525458428
60.0258421995821
59.8883241389957
60.1512793892175
44.2159245288199
40.5038115103617
58.8942874292555
59.1734602235767
35.6595598971213
31.2983656996876
59.0572066088646
59.2319101572009
34.5666284264304
24.0490989402676
35.7236459515271
48.6099396406662
26.940297281307
31.7841936742964
22.4579874595358
24.8269705416845
32.4517423143444
22.8259179763145
18.9430687434044
51.4888566435824
21.3667092866786
26.0350601337488
48.4684176658802
59.0109834651862
59.0695400826691
57.6792609535421
26.7284014425041
45.9980747147799
34.7173821251154
55.2043377332669
16.8232859679051
27.5864936570096
19.2134386605439
14.6744798018919
25.9798669780401
20.6823258744092
40.5161019941292
26.7338215334979
40.5079158018472
22.5766656453137
45.0240881188257
33.9092240333981
45.481700215801
53.7074459518454
41.7868803225979
23.8366639231646
41.0486149840056
41.4277394722069
32.707989975846
26.3462978363189
30.1644298778807
31.0182869842581
33.0831376940492
35.552423737452
50.2543817589179
43.3870277488239
59.4249134566483
59.7652673375465
59.3653057251234
47.7808536669617
46.5418233987967
52.2085502675212
56.9823431759095
53.2754825297191
60.2483467940785
59.6879951477595
59.5859556799682
59.7053623810381
60.8026159251705
59.7471605189135
67.6497104580236
61.1202826131358
59.908764032171
62.0240299347111
61.0425208701634
64.8348152603228
59.3492257954329
59.8947548346555
59.849703531715
59.9965007058308
59.1872968673248
53.964405812454
59.3944415152664
59.5700727752059
59.4080883763839
59.5113139984586
59.5573626628363
59.6737976993628
59.7322191233449
59.8364356585
67.0686927538684
69.7516677909673
68.5857696813651
72.1800179282669
73.8784962784746
73.4786125016254
30.0703335863186
76.831396123076
66.6259713515337
70.4170473853501
78.926304109878
76.2000077757187
64.0237952370292
66.634196744273
67.6174845737687
69.2432127671664
62.6205118932767
64.0323175162315
69.7460626957497
64.8363754374357
66.7220539908265
65.0654343066882
70.8978300947762
67.6093657836633
74.6128491770317
77.3098541750888
81.5001785817689
78.7255653126153
74.2424756565226
73.3308469401215
77.6504609089987
77.0250383264782
80.6328866144071
78.4799747143391
80.4338158662746
63.1398709809548
77.1523631399177
64.8486883001963
68.7595310674537
63.2707935191121
62.1230993840511
59.764544809919
60.671028581669
69.9712707136319
79.7690569738732
58.0572272614107
58.0218963116656
61.6979892932754
48.9852011752094
66.3290567695502
66.133092020973
52.4069354770691
46.9573949034453
79.5665056739793
79.3635768855021
70.0361896148905
61.4326506282959
39.705842388385
56.3331385822001
77.2986952185952
41.5103095870976
78.1077786352379
66.1427432157796
38.8931216563426
37.9406360101861
32.1083176688904
41.4359246872394
37.7963741148965
53.1012549842159
52.918012699821
61.5057100935657
64.1102535568866
65.7417925773791
38.7600427108118
48.8087369698402
55.3376418452156
60.4440377376587
47.6903437508501
33.4954708127479
31.0552921907095
27.9747461777768
66.2309194910965
52.6862001794849
53.16255903459
38.3592099957927
27.9690543269763
29.9936510576967
72.7272513339677
75.4184117371377
75.2554214189673
68.6543490747444
61.8969640944581
64.7868064713934
66.4733543587491
71.4538386577522
64.2768027080087
66.0733878291667
60.3164673599932
67.6165181468689
61.3753089789703
67.5107061635822
51.6022126993639
57.3517814545921
53.7054263875844
67.3637690683011
65.2024269023569
61.4431692719401
55.5318857271564
44.8639709876311
61.7201839492494
63.4813529548055
67.8276478621043
60.4232247615171
61.6498335840307
60.3697307446278
60.2638303167756
49.4534186065296
38.4102603884033
41.8700089532463
45.9306438229937
51.9235832498645
58.5782587037463
36.7259182979942
49.1122975672369
62.5915653625086
57.4466373767862
50.4523118229364
66.955025297264
55.3178714493166
65.7737755871919
