123.19,25.322,-30
123.15,25.293,-30
123.12,25.264,-30
123.08,25.234,-30
123.04,25.205,-30
123,25.176,-30
122.96,25.146,-30
122.93,25.117,-30
122.89,25.087,-30
122.85,25.058,-30
122.81,25.029,-30
122.77,24.999,-30
122.74,24.97,-30
122.7,24.94,-30
122.66,24.911,-30
122.62,24.881,-30
122.59,24.852,-30
122.55,24.822,-30
122.51,24.793,-30
122.47,24.763,-30
122.43,24.734,-30
122.4,24.704,-30
122.36,24.675,-30
122.32,24.645,-30
122.28,24.616,-30
122.25,24.586,-30
122.21,24.556,-30
122.17,24.526,-30
122.13,24.496,-30
122.1,24.466,-30
122.06,24.436,-30
122.02,24.406,-30
121.99,24.376,-30
121.95,24.346,-30
121.91,24.316,-30
121.87,24.286,-30
121.84,24.253,-30
121.83,24.209,-30
121.82,24.164,-30
121.81,24.12,-30
121.8,24.076,-30
121.79,24.032,-30
121.77,23.988,-30
121.76,23.944,-30
121.75,23.899,-30
121.74,23.855,-30
121.73,23.811,-30
121.71,23.768,-30
121.7,23.724,-30
121.68,23.681,-30
121.67,23.638,-30
121.65,23.595,-30
121.64,23.551,-30
121.62,23.508,-30
121.61,23.465,-30
121.59,23.422,-30
121.58,23.379,-30
121.56,23.335,-30
121.55,23.292,-30
121.53,23.249,-30
121.52,23.206,-30
121.5,23.162,-30
121.49,23.119,-30
121.47,23.076,-30
121.45,23.034,-30
121.44,22.991,-30
121.42,22.949,-30
121.4,22.906,-30
121.39,22.863,-30
121.37,22.821,-30
121.35,22.778,-30
121.34,22.735,-30
121.32,22.693,-30
121.3,22.65,-30
121.29,22.606,-30
121.28,22.561,-30
121.27,22.517,-30
121.27,22.472,-30
121.26,22.427,-30
121.25,22.383,-30
121.24,22.338,-30
121.23,22.293,-30
121.22,22.249,-30
121.21,22.204,-30
121.2,22.16,-30
121.19,22.115,-30
121.18,22.07,-30
121.17,22.026,-30
121.17,21.981,-30
121.16,21.937,-30
121.15,21.892,-30
121.16,21.847,-30
121.17,21.802,-30
121.17,21.757,-30
121.18,21.712,-30
121.19,21.667,-30
121.19,21.622,-30
121.2,21.577,-30
121.21,21.532,-30
121.21,21.487,-30
121.22,21.442,-30
121.23,21.397,-30
121.23,21.352,-30
121.24,21.307,-30
121.26,21.264,-30
121.27,21.221,-30
121.28,21.177,-30
121.3,21.134,-30
121.31,21.09,-30
121.33,21.047,-30
121.34,21.004,-30
121.36,20.96,-30
121.37,20.917,-30
121.38,20.874,-30
121.4,20.83,-30
121.41,20.787,-30
121.43,20.744,-30
121.44,20.7,-30
121.46,20.657,-30
121.47,20.614,-30
121.49,20.57,-30
123.15,25.336,-25.848
123.11,25.306,-26.24
123.07,25.277,-26.305
123.03,25.248,-25.885
122.99,25.218,-26.256
122.96,25.189,-26.307
122.92,25.16,-25.965
122.88,25.13,-26.456
122.84,25.101,-25.966
122.8,25.072,-26.135
122.77,25.042,-26.274
122.73,25.013,-25.871
122.69,24.983,-26.269
122.65,24.954,-26.434
122.61,24.924,-25.927
122.58,24.895,-26.461
122.54,24.865,-26.086
122.5,24.836,-26.096
122.46,24.806,-26.336
122.43,24.777,-25.858
122.39,24.747,-26.314
122.35,24.718,-26.388
122.31,24.688,-25.897
122.27,24.659,-26.347
122.24,24.629,-26.207
122.2,24.599,-25.965
122.16,24.569,-25.879
122.12,24.539,-25.861
122.09,24.509,-25.918
122.05,24.479,-25.938
122.01,24.449,-25.904
121.98,24.419,-25.873
121.94,24.389,-25.851
121.9,24.359,-25.968
121.86,24.329,-25.962
121.83,24.299,-25.904
121.8,24.265,-25.848
121.78,24.221,-25.848
121.77,24.177,-25.848
121.76,24.132,-25.848
121.75,24.088,-25.848
121.74,24.044,-25.848
121.73,24,-25.848
121.72,23.956,-25.848
121.7,23.912,-25.848
121.69,23.868,-25.848
121.68,23.823,-25.845
121.67,23.78,-25.848
121.65,23.737,-25.848
121.64,23.694,-25.848
121.62,23.65,-25.848
121.61,23.607,-25.848
121.59,23.564,-25.848
121.58,23.521,-25.848
121.56,23.477,-25.848
121.55,23.434,-25.848
121.53,23.391,-25.848
121.52,23.348,-25.848
121.5,23.304,-25.848
121.49,23.261,-25.848
121.47,23.218,-25.848
121.46,23.175,-25.848
121.44,23.132,-25.847
121.42,23.089,-25.848
121.41,23.046,-25.848
121.39,23.004,-25.848
121.37,22.961,-25.848
121.36,22.918,-25.848
121.34,22.876,-25.848
121.32,22.833,-25.848
121.31,22.791,-25.848
121.29,22.748,-25.848
121.27,22.705,-25.848
121.26,22.663,-25.851
121.25,22.618,-25.851
121.24,22.574,-25.849
121.23,22.529,-25.852
121.22,22.485,-25.85
121.21,22.44,-25.853
121.2,22.395,-25.851
121.19,22.351,-25.852
121.18,22.306,-25.852
121.17,22.262,-25.851
121.16,22.217,-25.852
121.16,22.172,-25.849
121.15,22.128,-25.851
121.14,22.083,-25.848
121.13,22.039,-25.851
121.12,21.994,-25.849
121.11,21.949,-25.852
121.11,21.904,-25.899
121.11,21.859,-25.864
121.12,21.814,-25.902
121.13,21.769,-25.906
121.13,21.724,-25.861
121.14,21.679,-25.893
121.15,21.634,-25.914
121.15,21.59,-25.858
121.16,21.545,-25.885
121.17,21.5,-25.921
121.17,21.455,-25.854
121.18,21.41,-25.876
121.19,21.365,-25.929
121.19,21.32,-25.855
121.21,21.276,-26.083
121.22,21.233,-25.903
121.24,21.19,-26.03
121.25,21.146,-25.986
121.27,21.103,-26.029
121.28,21.06,-26.072
121.3,21.016,-25.947
121.31,20.973,-26.16
121.32,20.93,-25.945
121.34,20.886,-26.24
121.35,20.843,-25.896
121.37,20.8,-26.122
121.38,20.756,-25.883
121.4,20.713,-26.129
121.41,20.67,-25.868
121.43,20.626,-26.151
121.44,20.583,-25.848
123.1,25.349,-23.679
123.06,25.32,-23.901
123.02,25.291,-23.692
122.98,25.261,-23.97
122.95,25.232,-23.785
122.91,25.203,-23.679
122.87,25.173,-24.261
122.83,25.144,-23.737
122.79,25.114,-23.679
122.76,25.085,-23.984
122.72,25.055,-23.704
122.68,25.026,-23.866
122.64,24.997,-23.816
122.6,24.967,-23.679
122.57,24.938,-24.157
122.53,24.908,-23.749
122.49,24.879,-23.679
122.45,24.849,-24.097
122.42,24.82,-23.716
122.38,24.79,-23.763
122.34,24.761,-23.855
122.3,24.731,-23.682
122.26,24.701,-24.054
122.23,24.672,-23.761
122.19,24.642,-23.679
122.15,24.612,-23.754
122.11,24.582,-23.802
122.08,24.553,-23.719
122.04,24.523,-23.679
122,24.493,-23.712
121.97,24.463,-23.803
121.93,24.433,-23.773
121.89,24.403,-23.69
121.85,24.372,-23.679
121.82,24.342,-23.735
121.78,24.312,-23.826
121.75,24.278,-23.679
121.74,24.234,-23.679
121.73,24.19,-23.679
121.71,24.145,-23.679
121.7,24.101,-23.679
121.69,24.057,-23.679
121.68,24.013,-23.679
121.67,23.969,-23.679
121.66,23.925,-23.679
121.65,23.881,-23.679
121.63,23.836,-23.679
121.62,23.793,-23.679
121.6,23.75,-23.679
121.59,23.706,-23.679
121.57,23.663,-23.679
121.56,23.62,-23.679
121.54,23.577,-23.679
121.53,23.534,-23.679
121.51,23.49,-23.679
121.5,23.447,-23.679
121.48,23.404,-23.679
121.47,23.361,-23.679
121.45,23.317,-23.679
121.44,23.274,-23.679
121.42,23.231,-23.679
121.41,23.188,-23.679
121.4,23.144,-23.679
121.38,23.102,-23.679
121.36,23.059,-23.679
121.34,23.017,-23.679
121.33,22.974,-23.679
121.31,22.931,-23.679
121.29,22.889,-23.679
121.28,22.846,-23.679
121.26,22.804,-23.679
121.24,22.761,-23.679
121.23,22.718,-23.679
121.21,22.676,-23.68
121.2,22.631,-23.679
121.19,22.587,-23.679
121.18,22.542,-23.679
121.17,22.497,-23.679
121.16,22.453,-23.679
121.15,22.408,-23.679
121.15,22.364,-23.679
121.14,22.319,-23.679
121.13,22.274,-23.679
121.12,22.23,-23.679
121.11,22.185,-23.679
121.1,22.141,-23.679
121.09,22.096,-23.679
121.08,22.051,-23.679
121.07,22.007,-23.679
121.06,21.962,-23.679
121.06,21.917,-23.679
121.07,21.872,-23.701
121.07,21.827,-23.753
121.08,21.782,-23.68
121.09,21.737,-23.696
121.09,21.692,-23.749
121.1,21.647,-23.688
121.11,21.602,-23.692
121.11,21.557,-23.745
121.12,21.512,-23.696
121.13,21.468,-23.688
121.14,21.423,-23.74
121.14,21.378,-23.704
121.15,21.333,-23.684
121.16,21.289,-23.777
121.18,21.246,-23.679
121.19,21.203,-23.826
121.21,21.159,-23.679
121.22,21.116,-23.904
121.24,21.073,-23.679
121.25,21.029,-24.047
121.26,20.986,-23.681
121.28,20.943,-23.974
121.29,20.899,-23.7
121.31,20.856,-23.9
121.32,20.813,-23.718
121.34,20.769,-23.827
121.35,20.726,-23.737
121.37,20.683,-23.753
121.38,20.639,-23.756
121.39,20.596,-23.679
123.05,25.363,-23.348
123.01,25.333,-23.348
122.97,25.304,-23.348
122.94,25.275,-23.348
122.9,25.245,-23.348
122.86,25.216,-23.348
122.82,25.186,-23.348
122.78,25.157,-23.348
122.75,25.128,-23.348
122.71,25.098,-23.348
122.67,25.069,-23.348
122.63,25.039,-23.348
122.6,25.01,-23.348
122.56,24.98,-23.348
122.52,24.951,-23.348
122.48,24.921,-23.348
122.44,24.892,-23.348
122.41,24.862,-23.348
122.37,24.833,-23.348
122.33,24.803,-23.348
122.29,24.774,-23.348
122.26,24.744,-23.348
122.22,24.715,-23.348
122.18,24.685,-23.348
122.14,24.655,-23.348
122.11,24.626,-23.348
122.07,24.596,-23.348
122.03,24.566,-23.348
121.99,24.536,-23.348
121.96,24.506,-23.348
121.92,24.476,-23.348
121.88,24.446,-23.348
121.84,24.416,-23.348
121.81,24.386,-23.348
121.77,24.355,-23.348
121.73,24.325,-23.348
121.7,24.291,-23.348
121.69,24.247,-23.348
121.68,24.203,-23.348
121.67,24.158,-23.348
121.66,24.114,-23.348
121.64,24.07,-23.348
121.63,24.026,-23.348
121.62,23.982,-23.348
121.61,23.938,-23.348
121.6,23.893,-23.348
121.59,23.849,-23.348
121.57,23.806,-23.348
121.56,23.763,-23.348
121.54,23.719,-23.348
121.53,23.676,-23.348
121.51,23.633,-23.348
121.5,23.59,-23.348
121.48,23.547,-23.348
121.47,23.503,-23.348
121.45,23.46,-23.348
121.44,23.417,-23.348
121.42,23.374,-23.348
121.41,23.33,-23.348
121.39,23.287,-23.348
121.38,23.244,-23.348
121.36,23.201,-23.348
121.35,23.157,-23.348
121.33,23.115,-23.348
121.31,23.072,-23.348
121.3,23.029,-23.348
121.28,22.987,-23.348
121.26,22.944,-23.348
121.25,22.902,-23.348
121.23,22.859,-23.348
121.21,22.816,-23.348
121.2,22.774,-23.348
121.18,22.731,-23.348
121.16,22.689,-23.348
121.15,22.644,-23.348
121.14,22.6,-23.348
121.14,22.555,-23.348
121.13,22.51,-23.348
121.12,22.466,-23.348
121.11,22.421,-23.348
121.1,22.376,-23.348
121.09,22.332,-23.348
121.08,22.287,-23.348
121.07,22.243,-23.348
121.06,22.198,-23.348
121.05,22.153,-23.348
121.04,22.109,-23.348
121.04,22.064,-23.348
121.03,22.02,-23.348
121.02,21.975,-23.348
121.01,21.93,-23.348
121.02,21.885,-23.348
121.03,21.84,-23.348
121.03,21.795,-23.348
121.04,21.75,-23.348
121.05,21.705,-23.348
121.05,21.66,-23.348
121.06,21.615,-23.348
121.07,21.57,-23.348
121.08,21.525,-23.348
121.08,21.48,-23.348
121.09,21.435,-23.348
121.1,21.39,-23.348
121.1,21.346,-23.348
121.12,21.302,-23.348
121.13,21.259,-23.348
121.15,21.215,-23.348
121.16,21.172,-23.348
121.18,21.129,-23.348
121.19,21.086,-23.348
121.2,21.042,-23.348
121.22,20.999,-23.348
121.23,20.955,-23.348
121.25,20.912,-23.348
121.26,20.869,-23.348
121.28,20.826,-23.348
121.29,20.782,-23.348
121.31,20.739,-23.348
121.32,20.696,-23.348
121.33,20.652,-23.348
121.35,20.609,-23.348
123,25.376,-23.248
122.97,25.347,-23.248
122.93,25.317,-23.248
122.89,25.288,-23.248
122.85,25.259,-23.248
122.81,25.229,-23.248
122.78,25.2,-23.248
122.74,25.17,-23.248
122.7,25.141,-23.248
122.66,25.112,-23.248
122.62,25.082,-23.248
122.59,25.053,-23.248
122.55,25.023,-23.248
122.51,24.994,-23.248
122.47,24.964,-23.248
122.43,24.935,-23.248
122.4,24.905,-23.248
122.36,24.876,-23.248
122.32,24.846,-23.248
122.28,24.816,-23.248
122.25,24.787,-23.248
122.21,24.757,-23.248
122.17,24.728,-23.248
122.13,24.698,-23.248
122.1,24.669,-23.248
122.06,24.639,-23.248
122.02,24.609,-23.248
121.98,24.579,-23.248
121.95,24.549,-23.248
121.91,24.519,-23.248
121.87,24.489,-23.248
121.83,24.459,-23.248
121.8,24.429,-23.248
121.76,24.399,-23.248
121.72,24.368,-23.248
121.69,24.338,-23.248
121.65,24.304,-23.248
121.64,24.26,-23.248
121.63,24.216,-23.248
121.62,24.171,-23.248
121.61,24.127,-23.248
121.6,24.083,-23.248
121.59,24.039,-23.248
121.57,23.995,-23.248
121.56,23.951,-23.248
121.55,23.906,-23.248
121.54,23.862,-23.248
121.53,23.819,-23.248
121.51,23.776,-23.248
121.5,23.732,-23.248
121.48,23.689,-23.248
121.47,23.646,-23.248
121.45,23.603,-23.248
121.44,23.559,-23.248
121.42,23.516,-23.248
121.41,23.473,-23.248
121.39,23.43,-23.248
121.38,23.386,-23.248
121.36,23.343,-23.248
121.35,23.3,-23.248
121.33,23.257,-23.248
121.32,23.213,-23.248
121.3,23.17,-23.248
121.28,23.128,-23.248
121.27,23.085,-23.248
121.25,23.042,-23.248
121.23,23,-23.248
121.22,22.957,-23.248
121.2,22.915,-23.248
121.18,22.872,-23.248
121.17,22.829,-23.248
121.15,22.787,-23.248
121.13,22.744,-23.248
121.12,22.701,-23.248
121.11,22.657,-23.248
121.1,22.612,-23.248
121.09,22.568,-23.248
121.08,22.523,-23.248
121.07,22.478,-23.248
121.06,22.434,-23.248
121.05,22.389,-23.248
121.04,22.345,-23.248
121.03,22.3,-23.248
121.03,22.255,-23.248
121.02,22.211,-23.248
121.01,22.166,-23.248
121,22.122,-23.248
120.99,22.077,-23.248
120.98,22.032,-23.248
120.97,21.988,-23.248
120.97,21.942,-23.248
120.97,21.898,-23.248
120.98,21.853,-23.248
120.99,21.808,-23.248
120.99,21.763,-23.248
121,21.718,-23.248
121.01,21.673,-23.248
121.02,21.628,-23.248
121.02,21.583,-23.248
121.03,21.538,-23.248
121.04,21.493,-23.248
121.04,21.448,-23.248
121.05,21.403,-23.248
121.06,21.358,-23.248
121.07,21.315,-23.248
121.09,21.272,-23.248
121.1,21.228,-23.248
121.11,21.185,-23.248
121.13,21.142,-23.248
121.14,21.098,-23.248
121.16,21.055,-23.248
121.17,21.012,-23.248
121.19,20.968,-23.248
121.2,20.925,-23.248
121.22,20.882,-23.248
121.23,20.838,-23.248
121.24,20.795,-23.248
121.26,20.752,-23.248
121.27,20.708,-23.248
121.29,20.665,-23.248
121.3,20.622,-23.248
122.96,25.39,-23.147
122.92,25.36,-23.147
122.88,25.331,-23.147
122.84,25.301,-23.147
122.8,25.272,-23.147
122.77,25.243,-23.147
122.73,25.213,-23.147
122.69,25.184,-23.147
122.65,25.154,-23.147
122.61,25.125,-23.147
122.58,25.095,-23.147
122.54,25.066,-23.147
122.5,25.036,-23.147
122.46,25.007,-23.147
122.43,24.977,-23.147
122.39,24.948,-23.147
122.35,24.918,-23.147
122.31,24.889,-23.147
122.27,24.859,-23.147
122.24,24.83,-23.147
122.2,24.8,-23.147
122.16,24.77,-23.147
122.12,24.741,-23.147
122.09,24.711,-23.147
122.05,24.682,-23.147
122.01,24.652,-23.147
121.97,24.622,-23.147
121.94,24.592,-23.147
121.9,24.562,-23.147
121.86,24.532,-23.147
121.82,24.502,-23.147
121.79,24.472,-23.147
121.75,24.442,-23.147
121.71,24.412,-23.147
121.68,24.381,-23.147
121.64,24.351,-23.147
121.61,24.317,-23.147
121.6,24.273,-23.147
121.58,24.229,-23.147
121.57,24.184,-23.147
121.56,24.14,-23.147
121.55,24.096,-23.147
121.54,24.052,-23.147
121.53,24.008,-23.147
121.52,23.964,-23.147
121.5,23.919,-23.147
121.49,23.875,-23.147
121.48,23.832,-23.147
121.46,23.789,-23.147
121.45,23.745,-23.147
121.43,23.702,-23.147
121.42,23.659,-23.147
121.4,23.616,-23.147
121.39,23.572,-23.147
121.37,23.529,-23.147
121.36,23.486,-23.147
121.34,23.443,-23.147
121.33,23.399,-23.147
121.31,23.356,-23.147
121.3,23.313,-23.147
121.28,23.27,-23.147
121.27,23.226,-23.147
121.26,23.183,-23.147
121.24,23.14,-23.147
121.22,23.098,-23.147
121.2,23.055,-23.147
121.19,23.013,-23.147
121.17,22.97,-23.147
121.15,22.927,-23.147
121.14,22.885,-23.147
121.12,22.842,-23.147
121.1,22.799,-23.147
121.09,22.757,-23.147
121.07,22.714,-23.148
121.06,22.67,-23.147
121.05,22.625,-23.147
121.04,22.581,-23.147
121.03,22.536,-23.147
121.02,22.491,-23.147
121.02,22.447,-23.147
121.01,22.402,-23.147
121,22.357,-23.147
120.99,22.313,-23.147
120.98,22.268,-23.147
120.97,22.224,-23.147
120.96,22.179,-23.147
120.95,22.134,-23.147
120.94,22.09,-23.147
120.93,22.045,-23.147
120.93,22,-23.147
120.92,21.955,-23.147
120.93,21.91,-23.147
120.93,21.865,-23.147
120.94,21.82,-23.147
120.95,21.776,-23.147
120.96,21.731,-23.147
120.96,21.686,-23.147
120.97,21.641,-23.147
120.98,21.596,-23.147
120.98,21.551,-23.147
120.99,21.506,-23.147
121,21.461,-23.147
121,21.416,-23.147
121.01,21.371,-23.148
121.03,21.328,-23.147
121.04,21.284,-23.147
121.05,21.241,-23.147
121.07,21.198,-23.147
121.08,21.154,-23.147
121.1,21.111,-23.147
121.11,21.068,-23.147
121.13,21.025,-23.147
121.14,20.981,-23.147
121.16,20.938,-23.147
121.17,20.895,-23.147
121.18,20.851,-23.147
121.2,20.808,-23.147
121.21,20.765,-23.147
121.23,20.721,-23.147
121.24,20.678,-23.147
121.26,20.635,-23.147
122.91,25.403,-23.042
122.87,25.374,-23.042
122.83,25.344,-23.042
122.8,25.315,-23.042
122.76,25.285,-23.042
122.72,25.256,-23.042
122.68,25.226,-23.042
122.64,25.197,-23.042
122.61,25.168,-23.042
122.57,25.138,-23.042
122.53,25.109,-23.042
122.49,25.079,-23.042
122.45,25.05,-23.042
122.42,25.02,-23.042
122.38,24.991,-23.042
122.34,24.961,-23.042
122.3,24.932,-23.042
122.27,24.902,-23.042
122.23,24.872,-23.042
122.19,24.843,-23.042
122.15,24.813,-23.042
122.11,24.784,-23.042
122.08,24.754,-23.042
122.04,24.724,-23.042
122,24.695,-23.042
121.96,24.665,-23.042
121.93,24.635,-23.042
121.89,24.605,-23.042
121.85,24.575,-23.042
121.82,24.545,-23.042
121.78,24.515,-23.042
121.74,24.485,-23.042
121.7,24.455,-23.042
121.67,24.425,-23.042
121.63,24.394,-23.042
121.59,24.364,-23.042
121.56,24.33,-23.042
121.55,24.286,-23.042
121.54,24.242,-23.042
121.53,24.197,-23.042
121.51,24.153,-23.042
121.5,24.109,-23.042
121.49,24.065,-23.042
121.48,24.021,-23.042
121.47,23.976,-23.042
121.46,23.932,-23.042
121.45,23.888,-23.042
121.43,23.845,-23.042
121.42,23.801,-23.042
121.4,23.758,-23.042
121.39,23.715,-23.042
121.37,23.672,-23.042
121.36,23.628,-23.042
121.34,23.585,-23.042
121.33,23.542,-23.042
121.31,23.499,-23.042
121.3,23.455,-23.042
121.28,23.412,-23.042
121.27,23.369,-23.042
121.25,23.326,-23.042
121.24,23.282,-23.042
121.22,23.239,-23.042
121.21,23.196,-23.042
121.19,23.153,-23.042
121.17,23.111,-23.042
121.16,23.068,-23.042
121.14,23.025,-23.042
121.12,22.983,-23.042
121.11,22.94,-23.042
121.09,22.898,-23.042
121.07,22.855,-23.042
121.06,22.812,-23.042
121.04,22.77,-23.042
121.02,22.727,-23.042
121.01,22.682,-23.042
121,22.638,-23.042
121,22.593,-23.042
120.99,22.549,-23.042
120.98,22.504,-23.042
120.97,22.459,-23.042
120.96,22.415,-23.042
120.95,22.37,-23.042
120.94,22.326,-23.042
120.93,22.281,-23.042
120.92,22.236,-23.042
120.91,22.192,-23.042
120.91,22.147,-23.042
120.9,22.102,-23.042
120.89,22.058,-23.042
120.88,22.013,-23.042
120.87,21.968,-23.042
120.88,21.923,-23.042
120.89,21.878,-23.042
120.9,21.833,-23.042
120.9,21.788,-23.042
120.91,21.743,-23.042
120.92,21.698,-23.042
120.92,21.654,-23.042
120.93,21.609,-23.042
120.94,21.564,-23.042
120.94,21.519,-23.042
120.95,21.474,-23.042
120.96,21.429,-23.042
120.96,21.384,-23.042
120.98,21.341,-23.042
120.99,21.297,-23.042
121.01,21.254,-23.042
121.02,21.211,-23.042
121.04,21.167,-23.042
121.05,21.124,-23.042
121.07,21.081,-23.042
121.08,21.037,-23.042
121.1,20.994,-23.042
121.11,20.951,-23.042
121.12,20.907,-23.042
121.14,20.864,-23.042
121.15,20.821,-23.042
121.17,20.777,-23.042
121.18,20.734,-23.042
121.2,20.691,-23.042
121.21,20.648,-23.042
122.86,25.416,-22.908
122.82,25.387,-22.908
122.79,25.358,-22.908
122.75,25.328,-22.908
122.71,25.299,-22.908
122.67,25.269,-22.908
122.63,25.24,-22.908
122.6,25.21,-22.908
122.56,25.181,-22.908
122.52,25.151,-22.908
122.48,25.122,-22.908
122.44,25.092,-22.908
122.41,25.063,-22.908
122.37,25.033,-22.908
122.33,25.004,-22.908
122.29,24.974,-22.908
122.26,24.945,-22.908
122.22,24.915,-22.908
122.18,24.886,-22.908
122.14,24.856,-22.908
122.1,24.826,-22.908
122.07,24.797,-22.908
122.03,24.767,-22.908
121.99,24.737,-22.908
121.95,24.708,-22.908
121.92,24.678,-22.908
121.88,24.648,-22.908
121.84,24.618,-22.908
121.81,24.588,-22.908
121.77,24.558,-22.908
121.73,24.528,-22.908
121.69,24.498,-22.908
121.66,24.468,-22.908
121.62,24.438,-22.908
121.58,24.407,-22.908
121.55,24.377,-22.908
121.51,24.343,-22.908
121.5,24.299,-22.908
121.49,24.254,-22.908
121.48,24.21,-22.908
121.47,24.166,-22.908
121.46,24.122,-22.908
121.45,24.078,-22.908
121.43,24.034,-22.908
121.42,23.989,-22.908
121.41,23.945,-22.908
121.4,23.901,-22.908
121.39,23.858,-22.908
121.37,23.814,-22.908
121.36,23.771,-22.908
121.34,23.728,-22.908
121.33,23.685,-22.908
121.31,23.641,-22.908
121.3,23.598,-22.908
121.28,23.555,-22.908
121.27,23.512,-22.908
121.25,23.468,-22.908
121.24,23.425,-22.908
121.22,23.382,-22.908
121.21,23.339,-22.908
121.19,23.295,-22.908
121.18,23.252,-22.908
121.16,23.209,-22.908
121.15,23.166,-22.908
121.13,23.124,-22.908
121.11,23.081,-22.908
121.09,23.038,-22.908
121.08,22.996,-22.908
121.06,22.953,-22.908
121.04,22.91,-22.908
121.03,22.868,-22.908
121.01,22.825,-22.908
120.99,22.782,-22.908
120.98,22.74,-22.909
120.97,22.695,-22.908
120.96,22.651,-22.908
120.95,22.606,-22.908
120.94,22.561,-22.908
120.93,22.517,-22.908
120.92,22.472,-22.908
120.91,22.428,-22.908
120.9,22.383,-22.908
120.9,22.338,-22.908
120.89,22.294,-22.908
120.88,22.249,-22.908
120.87,22.204,-22.908
120.86,22.16,-22.908
120.85,22.115,-22.908
120.84,22.071,-22.908
120.83,22.026,-22.908
120.83,21.981,-22.908
120.84,21.936,-22.908
120.84,21.891,-22.908
120.85,21.846,-22.908
120.86,21.801,-22.908
120.86,21.756,-22.908
120.87,21.711,-22.908
120.88,21.666,-22.908
120.88,21.621,-22.908
120.89,21.576,-22.908
120.9,21.532,-22.908
120.9,21.487,-22.908
120.91,21.442,-22.908
120.92,21.397,-22.909
120.93,21.353,-22.908
120.95,21.31,-22.908
120.96,21.267,-22.908
120.98,21.223,-22.908
120.99,21.18,-22.908
121.01,21.137,-22.908
121.02,21.093,-22.908
121.03,21.05,-22.908
121.05,21.007,-22.908
121.06,20.963,-22.908
121.08,20.92,-22.908
121.09,20.877,-22.908
121.11,20.834,-22.908
121.12,20.79,-22.908
121.14,20.747,-22.908
121.15,20.704,-22.908
121.17,20.66,-22.908
122.81,25.43,-22.775
122.78,25.4,-22.775
122.74,25.371,-22.775
122.7,25.341,-22.775
122.66,25.312,-22.775
122.62,25.283,-22.775
122.59,25.253,-22.775
122.55,25.224,-22.775
122.51,25.194,-22.775
122.47,25.165,-22.775
122.44,25.135,-22.775
122.4,25.106,-22.775
122.36,25.076,-22.775
122.32,25.047,-22.775
122.28,25.017,-22.775
122.25,24.987,-22.775
122.21,24.958,-22.775
122.17,24.928,-22.775
122.13,24.899,-22.775
122.1,24.869,-22.775
122.06,24.839,-22.775
122.02,24.81,-22.775
121.98,24.78,-22.775
121.94,24.751,-22.775
121.91,24.721,-22.775
121.87,24.691,-22.775
121.83,24.661,-22.775
121.8,24.631,-22.775
121.76,24.601,-22.775
121.72,24.571,-22.775
121.68,24.541,-22.775
121.65,24.511,-22.775
121.61,24.481,-22.775
121.57,24.451,-22.775
121.54,24.42,-22.775
121.5,24.39,-22.775
121.47,24.356,-22.775
121.45,24.312,-22.775
121.44,24.267,-22.775
121.43,24.223,-22.775
121.42,24.179,-22.775
121.41,24.135,-22.775
121.4,24.091,-22.775
121.39,24.046,-22.775
121.38,24.002,-22.775
121.36,23.958,-22.775
121.35,23.914,-22.774
121.34,23.87,-22.775
121.32,23.827,-22.775
121.31,23.784,-22.775
121.29,23.741,-22.775
121.28,23.697,-22.775
121.26,23.654,-22.775
121.25,23.611,-22.775
121.23,23.568,-22.775
121.22,23.524,-22.775
121.2,23.481,-22.775
121.19,23.438,-22.775
121.17,23.395,-22.775
121.16,23.351,-22.775
121.14,23.308,-22.775
121.13,23.265,-22.775
121.12,23.222,-22.775
121.1,23.179,-22.775
121.08,23.136,-22.775
121.06,23.094,-22.775
121.05,23.051,-22.775
121.03,23.008,-22.775
121.01,22.966,-22.775
121,22.923,-22.775
120.98,22.881,-22.775
120.96,22.838,-22.775
120.95,22.795,-22.775
120.93,22.753,-22.775
120.92,22.708,-22.775
120.91,22.663,-22.775
120.9,22.619,-22.775
120.89,22.574,-22.775
120.88,22.53,-22.775
120.88,22.485,-22.775
120.87,22.44,-22.775
120.86,22.396,-22.775
120.85,22.351,-22.775
120.84,22.306,-22.775
120.83,22.262,-22.775
120.82,22.217,-22.775
120.81,22.173,-22.775
120.8,22.128,-22.775
120.8,22.083,-22.775
120.79,22.039,-22.775
120.78,21.994,-22.775
120.79,21.949,-22.775
120.8,21.904,-22.775
120.8,21.859,-22.775
120.81,21.814,-22.775
120.82,21.769,-22.775
120.82,21.724,-22.775
120.83,21.679,-22.775
120.84,21.634,-22.775
120.84,21.589,-22.775
120.85,21.544,-22.775
120.86,21.499,-22.775
120.87,21.454,-22.775
120.87,21.409,-22.775
120.89,21.366,-22.775
120.9,21.323,-22.775
120.92,21.279,-22.775
120.93,21.236,-22.775
120.95,21.193,-22.775
120.96,21.15,-22.775
120.97,21.106,-22.775
120.99,21.063,-22.775
121,21.02,-22.775
121.02,20.976,-22.775
121.03,20.933,-22.775
121.05,20.89,-22.775
121.06,20.846,-22.775
121.08,20.803,-22.775
121.09,20.76,-22.775
121.1,20.716,-22.775
121.12,20.673,-22.775
122.77,25.443,-22.551
122.73,25.414,-22.551
122.69,25.384,-22.519
122.65,25.355,-22.551
122.62,25.325,-22.551
122.58,25.296,-22.533
122.54,25.266,-22.551
122.5,25.237,-22.54
122.46,25.207,-22.546
122.43,25.178,-22.551
122.39,25.148,-22.519
122.35,25.119,-22.551
122.31,25.089,-22.551
122.27,25.06,-22.528
122.24,25.03,-22.551
122.2,25.001,-22.547
122.16,24.971,-22.542
122.12,24.941,-22.551
122.09,24.912,-22.526
122.05,24.882,-22.551
122.01,24.853,-22.551
121.97,24.823,-22.523
121.94,24.793,-22.551
121.9,24.764,-22.551
121.86,24.734,-22.537
121.82,24.704,-22.551
121.79,24.674,-22.551
121.75,24.644,-22.551
121.71,24.614,-22.551
121.67,24.584,-22.551
121.64,24.554,-22.551
121.6,24.524,-22.551
121.56,24.494,-22.551
121.53,24.463,-22.551
121.49,24.433,-22.551
121.45,24.403,-22.551
121.42,24.369,-22.551
121.41,24.324,-22.551
121.4,24.28,-22.551
121.39,24.236,-22.551
121.37,24.192,-22.551
121.36,24.148,-22.551
121.35,24.104,-22.551
121.34,24.059,-22.551
121.33,24.015,-22.551
121.32,23.971,-22.551
121.31,23.927,-22.551
121.29,23.883,-22.551
121.28,23.84,-22.551
121.26,23.797,-22.551
121.25,23.754,-22.551
121.23,23.71,-22.551
121.22,23.667,-22.551
121.2,23.624,-22.551
121.19,23.581,-22.551
121.17,23.537,-22.551
121.16,23.494,-22.551
121.14,23.451,-22.551
121.13,23.407,-22.551
121.11,23.364,-22.551
121.1,23.321,-22.551
121.08,23.278,-22.551
121.07,23.234,-22.551
121.05,23.192,-22.551
121.03,23.149,-22.551
121.02,23.106,-22.551
121,23.064,-22.551
120.98,23.021,-22.551
120.97,22.979,-22.551
120.95,22.936,-22.551
120.93,22.893,-22.551
120.92,22.851,-22.551
120.9,22.808,-22.551
120.88,22.765,-22.551
120.87,22.721,-22.551
120.87,22.676,-22.551
120.86,22.632,-22.551
120.85,22.587,-22.551
120.84,22.542,-22.551
120.83,22.498,-22.551
120.82,22.453,-22.551
120.81,22.408,-22.551
120.8,22.364,-22.551
120.79,22.319,-22.551
120.78,22.275,-22.551
120.78,22.23,-22.551
120.77,22.185,-22.551
120.76,22.141,-22.551
120.75,22.096,-22.551
120.74,22.051,-22.551
120.74,22.006,-22.551
120.74,21.961,-22.551
120.75,21.916,-22.551
120.76,21.871,-22.551
120.76,21.827,-22.551
120.77,21.782,-22.551
120.78,21.737,-22.551
120.78,21.692,-22.551
120.79,21.647,-22.551
120.8,21.602,-22.551
120.81,21.557,-22.551
120.81,21.512,-22.551
120.82,21.467,-22.551
120.83,21.422,-22.552
120.84,21.379,-22.551
120.86,21.335,-22.546
120.87,21.292,-22.551
120.88,21.249,-22.539
120.9,21.206,-22.551
120.91,21.162,-22.531
120.93,21.119,-22.551
120.94,21.076,-22.524
120.96,21.032,-22.551
120.97,20.989,-22.516
120.99,20.946,-22.551
121,20.903,-22.528
121.02,20.859,-22.551
121.03,20.816,-22.539
121.04,20.773,-22.551
121.06,20.729,-22.551
121.07,20.686,-22.551
122.72,25.456,-22.182
122.68,25.427,-22.177
122.64,25.397,-22.156
122.61,25.368,-22.171
122.57,25.339,-22.191
122.53,25.309,-22.157
122.49,25.28,-22.159
122.45,25.25,-22.181
122.42,25.221,-22.183
122.38,25.191,-22.172
122.34,25.162,-22.167
122.3,25.132,-22.179
122.27,25.102,-22.186
122.23,25.073,-22.148
122.19,25.043,-22.158
122.15,25.014,-22.186
122.11,24.984,-22.174
122.08,24.955,-22.167
122.04,24.925,-22.172
122,24.895,-22.186
121.96,24.866,-22.181
121.93,24.836,-22.145
121.89,24.806,-22.165
121.85,24.777,-22.19
121.81,24.747,-22.165
121.78,24.717,-22.188
121.74,24.687,-22.192
121.7,24.657,-22.192
121.66,24.627,-22.182
121.63,24.597,-22.17
121.59,24.567,-22.192
121.55,24.537,-22.192
121.52,24.507,-22.192
121.48,24.476,-22.175
121.44,24.446,-22.18
121.4,24.416,-22.192
121.37,24.382,-22.192
121.36,24.337,-22.192
121.35,24.293,-22.192
121.34,24.249,-22.192
121.33,24.205,-22.192
121.32,24.161,-22.192
121.3,24.116,-22.192
121.29,24.072,-22.192
121.28,24.028,-22.192
121.27,23.984,-22.192
121.26,23.94,-22.192
121.25,23.896,-22.192
121.23,23.853,-22.192
121.22,23.81,-22.192
121.2,23.766,-22.192
121.19,23.723,-22.192
121.17,23.68,-22.192
121.16,23.637,-22.192
121.14,23.593,-22.192
121.13,23.55,-22.192
121.11,23.507,-22.192
121.1,23.464,-22.192
121.08,23.42,-22.192
121.07,23.377,-22.192
121.05,23.334,-22.192
121.04,23.29,-22.192
121.02,23.247,-22.192
121.01,23.205,-22.192
120.99,23.162,-22.192
120.97,23.119,-22.192
120.95,23.077,-22.192
120.94,23.034,-22.192
120.92,22.991,-22.192
120.9,22.949,-22.192
120.89,22.906,-22.192
120.87,22.863,-22.192
120.85,22.821,-22.192
120.84,22.778,-22.193
120.83,22.734,-22.192
120.82,22.689,-22.192
120.81,22.644,-22.192
120.8,22.6,-22.192
120.79,22.555,-22.192
120.78,22.51,-22.192
120.77,22.466,-22.192
120.77,22.421,-22.192
120.76,22.377,-22.192
120.75,22.332,-22.192
120.74,22.287,-22.192
120.73,22.243,-22.192
120.72,22.198,-22.192
120.71,22.153,-22.192
120.7,22.109,-22.192
120.69,22.064,-22.192
120.69,22.019,-22.192
120.7,21.974,-22.192
120.7,21.929,-22.192
120.71,21.884,-22.192
120.72,21.839,-22.192
120.72,21.794,-22.192
120.73,21.749,-22.192
120.74,21.704,-22.192
120.75,21.66,-22.192
120.75,21.615,-22.192
120.76,21.57,-22.192
120.77,21.525,-22.192
120.77,21.48,-22.192
120.78,21.435,-22.193
120.79,21.392,-22.192
120.81,21.348,-22.189
120.82,21.305,-22.184
120.84,21.262,-22.183
120.85,21.218,-22.177
120.87,21.175,-22.178
120.88,21.132,-22.169
120.9,21.088,-22.172
120.91,21.045,-22.162
120.93,21.002,-22.166
120.94,20.959,-22.157
120.95,20.915,-22.173
120.97,20.872,-22.169
120.98,20.829,-22.181
121,20.785,-22.181
121.01,20.742,-22.188
121.03,20.699,-22.192
122.67,25.47,-21.618
122.63,25.44,-21.584
122.6,25.411,-21.539
122.56,25.381,-21.581
122.52,25.352,-21.556
122.48,25.322,-21.578
122.45,25.293,-21.548
122.41,25.263,-21.516
122.37,25.234,-21.6
122.33,25.204,-21.574
122.29,25.175,-21.526
122.26,25.145,-21.594
122.22,25.116,-21.566
122.18,25.086,-21.564
122.14,25.057,-21.556
122.1,25.027,-21.535
122.07,24.997,-21.602
122.03,24.968,-21.565
121.99,24.938,-21.512
121.95,24.908,-21.607
121.92,24.879,-21.576
121.88,24.849,-21.55
121.84,24.819,-21.57
121.8,24.79,-21.548
121.77,24.76,-21.589
121.73,24.73,-21.596
121.69,24.7,-21.589
121.65,24.67,-21.608
121.62,24.64,-21.615
121.58,24.61,-21.606
121.54,24.58,-21.59
121.51,24.55,-21.596
121.47,24.519,-21.615
121.43,24.489,-21.616
121.39,24.459,-21.6
121.36,24.429,-21.585
121.33,24.394,-21.618
121.31,24.35,-21.618
121.3,24.306,-21.618
121.29,24.262,-21.618
121.28,24.218,-21.618
121.27,24.173,-21.618
121.26,24.129,-21.618
121.25,24.085,-21.618
121.23,24.041,-21.618
121.22,23.997,-21.618
121.21,23.953,-21.617
121.2,23.909,-21.618
121.18,23.866,-21.618
121.17,23.823,-21.618
121.15,23.779,-21.618
121.14,23.736,-21.618
121.12,23.693,-21.618
121.11,23.649,-21.618
121.09,23.606,-21.618
121.08,23.563,-21.618
121.06,23.52,-21.618
121.05,23.476,-21.618
121.03,23.433,-21.618
121.02,23.39,-21.618
121,23.347,-21.618
120.99,23.303,-21.618
120.98,23.26,-21.618
120.96,23.217,-21.618
120.94,23.175,-21.618
120.92,23.132,-21.618
120.91,23.089,-21.618
120.89,23.047,-21.618
120.87,23.004,-21.618
120.86,22.961,-21.618
120.84,22.919,-21.618
120.82,22.876,-21.618
120.81,22.833,-21.618
120.79,22.791,-21.619
120.78,22.746,-21.618
120.77,22.702,-21.618
120.76,22.657,-21.618
120.75,22.612,-21.618
120.75,22.568,-21.618
120.74,22.523,-21.618
120.73,22.479,-21.618
120.72,22.434,-21.618
120.71,22.389,-21.618
120.7,22.345,-21.618
120.69,22.3,-21.618
120.68,22.255,-21.618
120.67,22.211,-21.618
120.67,22.166,-21.618
120.66,22.121,-21.618
120.65,22.077,-21.618
120.64,22.032,-21.616
120.65,21.987,-21.606
120.66,21.942,-21.59
120.66,21.897,-21.614
120.67,21.852,-21.608
120.68,21.807,-21.588
120.69,21.762,-21.612
120.69,21.717,-21.611
120.7,21.672,-21.586
120.71,21.627,-21.61
120.71,21.582,-21.613
120.72,21.537,-21.584
120.73,21.493,-21.608
120.73,21.448,-21.616
120.75,21.404,-21.553
120.76,21.361,-21.606
120.78,21.318,-21.569
120.79,21.274,-21.61
120.81,21.231,-21.584
120.82,21.188,-21.598
120.84,21.145,-21.59
120.85,21.101,-21.586
120.87,21.058,-21.596
120.88,21.015,-21.574
120.89,20.971,-21.601
120.91,20.928,-21.563
120.92,20.885,-21.607
120.94,20.841,-21.551
120.95,20.798,-21.612
120.97,20.755,-21.543
120.98,20.712,-21.618
122.63,25.483,-20.674
122.59,25.454,-20.539
122.55,25.424,-20.574
122.51,25.395,-20.641
122.47,25.365,-20.572
122.44,25.336,-20.575
122.4,25.306,-20.597
122.36,25.277,-20.501
122.32,25.247,-20.651
122.28,25.217,-20.528
122.25,25.188,-20.551
122.21,25.158,-20.657
122.17,25.129,-20.571
122.13,25.099,-20.573
122.1,25.07,-20.613
122.06,25.04,-20.532
122.02,25.01,-20.624
121.98,24.981,-20.553
121.94,24.951,-20.529
121.91,24.921,-20.669
121.87,24.892,-20.553
121.83,24.862,-20.592
121.79,24.832,-20.628
121.76,24.803,-20.555
121.72,24.773,-20.596
121.68,24.743,-20.657
121.64,24.713,-20.629
121.61,24.683,-20.667
121.57,24.653,-20.664
121.53,24.623,-20.637
121.5,24.593,-20.646
121.46,24.563,-20.642
121.42,24.532,-20.676
121.38,24.502,-20.654
121.35,24.472,-20.647
121.31,24.442,-20.635
121.28,24.407,-20.678
121.27,24.363,-20.678
121.26,24.319,-20.678
121.24,24.275,-20.678
121.23,24.231,-20.678
121.22,24.186,-20.678
121.21,24.142,-20.678
121.2,24.098,-20.678
121.19,24.054,-20.678
121.18,24.01,-20.678
121.17,23.965,-20.677
121.15,23.922,-20.678
121.14,23.879,-20.678
121.12,23.835,-20.678
121.11,23.792,-20.678
121.09,23.749,-20.678
121.08,23.706,-20.678
121.06,23.662,-20.678
121.05,23.619,-20.678
121.03,23.576,-20.678
121.02,23.532,-20.678
121,23.489,-20.678
120.99,23.446,-20.678
120.97,23.403,-20.678
120.96,23.359,-20.678
120.94,23.316,-20.678
120.93,23.273,-20.678
120.91,23.23,-20.678
120.9,23.187,-20.678
120.88,23.145,-20.678
120.86,23.102,-20.678
120.84,23.059,-20.678
120.83,23.017,-20.678
120.81,22.974,-20.678
120.79,22.931,-20.678
120.78,22.889,-20.678
120.76,22.846,-20.678
120.74,22.803,-20.679
120.73,22.759,-20.678
120.73,22.714,-20.678
120.72,22.67,-20.678
120.71,22.625,-20.678
120.7,22.581,-20.678
120.69,22.536,-20.678
120.68,22.491,-20.678
120.67,22.447,-20.678
120.66,22.402,-20.678
120.65,22.357,-20.678
120.65,22.313,-20.678
120.64,22.268,-20.678
120.63,22.223,-20.678
120.62,22.179,-20.678
120.61,22.134,-20.678
120.6,22.089,-20.678
120.6,22.044,-20.653
120.6,21.999,-20.662
120.61,21.954,-20.645
120.62,21.91,-20.65
120.63,21.865,-20.667
120.63,21.82,-20.642
120.64,21.775,-20.647
120.65,21.73,-20.671
120.65,21.685,-20.638
120.66,21.64,-20.643
120.67,21.595,-20.675
120.67,21.55,-20.634
120.68,21.505,-20.64
120.69,21.46,-20.678
120.7,21.417,-20.589
120.72,21.374,-20.663
120.73,21.33,-20.593
120.75,21.287,-20.64
120.76,21.244,-20.614
120.78,21.201,-20.618
120.79,21.157,-20.621
120.8,21.114,-20.598
120.82,21.071,-20.602
120.83,21.027,-20.623
120.85,20.984,-20.612
120.86,20.941,-20.632
120.88,20.898,-20.636
120.89,20.854,-20.615
120.91,20.811,-20.661
120.92,20.768,-20.599
120.94,20.724,-20.678
122.58,25.496,-19.135
122.54,25.467,-18.89
122.5,25.437,-19.074
122.46,25.408,-19.051
122.43,25.378,-18.947
122.39,25.349,-19.117
122.35,25.319,-19.014
122.31,25.29,-18.97
122.27,25.26,-19.142
122.24,25.231,-18.923
122.2,25.201,-19.051
122.16,25.172,-19.085
122.12,25.142,-18.944
122.09,25.112,-19.106
122.05,25.083,-18.987
122.01,25.053,-18.951
121.97,25.024,-19.13
121.93,24.994,-18.957
121.9,24.964,-19.021
121.86,24.934,-19.113
121.82,24.905,-18.913
121.78,24.875,-19.088
121.75,24.845,-19.021
121.71,24.816,-18.942
121.67,24.786,-19.123
121.63,24.756,-19.102
121.6,24.726,-19.087
121.56,24.696,-19.11
121.52,24.666,-19.117
121.49,24.636,-19.074
121.45,24.606,-19.089
121.41,24.575,-19.104
121.37,24.545,-19.128
121.34,24.515,-19.098
121.3,24.485,-19.089
121.26,24.455,-19.075
121.23,24.42,-19.135
121.22,24.376,-19.135
121.21,24.332,-19.135
121.2,24.288,-19.135
121.19,24.243,-19.135
121.17,24.199,-19.135
121.16,24.155,-19.135
121.15,24.111,-19.135
121.14,24.067,-19.135
121.13,24.022,-19.135
121.12,23.978,-19.133
121.1,23.935,-19.135
121.09,23.891,-19.135
121.07,23.848,-19.135
121.06,23.805,-19.135
121.04,23.762,-19.135
121.03,23.718,-19.135
121.02,23.675,-19.135
121,23.632,-19.135
120.99,23.589,-19.135
120.97,23.545,-19.135
120.96,23.502,-19.135
120.94,23.459,-19.135
120.93,23.415,-19.135
120.91,23.372,-19.135
120.9,23.329,-19.135
120.88,23.286,-19.134
120.87,23.243,-19.135
120.85,23.2,-19.135
120.83,23.158,-19.135
120.81,23.115,-19.135
120.8,23.072,-19.135
120.78,23.03,-19.135
120.76,22.987,-19.135
120.75,22.944,-19.135
120.73,22.901,-19.135
120.71,22.859,-19.135
120.7,22.816,-19.136
120.69,22.772,-19.129
120.68,22.727,-19.134
120.67,22.682,-19.127
120.66,22.638,-19.131
120.65,22.593,-19.124
120.64,22.549,-19.131
120.63,22.504,-19.126
120.63,22.459,-19.134
120.62,22.415,-19.129
120.61,22.37,-19.133
120.6,22.325,-19.131
120.59,22.281,-19.131
120.58,22.236,-19.134
120.57,22.191,-19.128
120.56,22.147,-19.133
120.55,22.102,-19.126
120.55,22.057,-19.111
120.56,22.012,-19.104
120.56,21.967,-19.089
120.57,21.922,-19.107
120.58,21.877,-19.11
120.59,21.832,-19.084
120.59,21.787,-19.102
120.6,21.743,-19.116
120.61,21.698,-19.079
120.61,21.653,-19.098
120.62,21.608,-19.122
120.63,21.563,-19.074
120.64,21.518,-19.094
120.64,21.473,-19.13
120.66,21.43,-19.034
120.67,21.386,-19.136
120.69,21.343,-19.014
120.7,21.3,-19.117
120.72,21.257,-18.998
120.73,21.213,-19.1
120.74,21.17,-19.033
120.76,21.127,-19.082
120.77,21.083,-19.026
120.79,21.04,-19.056
120.8,20.997,-19.041
120.82,20.954,-19.027
120.83,20.91,-19.08
120.85,20.867,-19.011
120.86,20.824,-19.108
120.88,20.78,-19.02
120.89,20.737,-19.135
122.53,25.51,-17.069
122.49,25.48,-17.304
122.45,25.451,-17.211
122.42,25.421,-17.152
122.38,25.392,-17.379
122.34,25.362,-17.235
122.3,25.333,-17.239
122.27,25.303,-17.381
122.23,25.273,-17.101
122.19,25.244,-17.321
122.15,25.214,-17.247
122.11,25.185,-17.123
122.08,25.155,-17.338
122.04,25.125,-17.217
122,25.096,-17.2
121.96,25.066,-17.434
121.93,25.037,-17.147
121.89,25.007,-17.31
121.85,24.977,-17.286
121.81,24.948,-17.093
121.77,24.918,-17.298
121.74,24.888,-17.19
121.7,24.858,-17.161
121.66,24.829,-17.411
121.62,24.799,-17.196
121.59,24.769,-17.188
121.55,24.739,-17.126
121.51,24.709,-17.1
121.48,24.679,-17.082
121.44,24.649,-17.13
121.4,24.618,-17.172
121.36,24.588,-17.133
121.33,24.558,-17.078
121.29,24.528,-17.096
121.25,24.498,-17.159
121.22,24.468,-17.147
121.18,24.433,-17.069
121.17,24.389,-17.069
121.16,24.345,-17.069
121.15,24.3,-17.069
121.14,24.256,-17.069
121.13,24.212,-17.069
121.12,24.168,-17.069
121.11,24.124,-17.069
121.09,24.079,-17.069
121.08,24.035,-17.069
121.07,23.991,-17.068
121.06,23.948,-17.069
121.04,23.904,-17.069
121.03,23.861,-17.069
121.01,23.818,-17.069
121,23.774,-17.069
120.98,23.731,-17.069
120.97,23.688,-17.069
120.95,23.645,-17.069
120.94,23.601,-17.069
120.92,23.558,-17.069
120.91,23.515,-17.069
120.89,23.471,-17.069
120.88,23.428,-17.069
120.86,23.385,-17.069
120.85,23.342,-17.069
120.84,23.298,-17.069
120.82,23.256,-17.069
120.8,23.213,-17.069
120.78,23.17,-17.069
120.77,23.128,-17.069
120.75,23.085,-17.069
120.73,23.042,-17.069
120.72,23,-17.069
120.7,22.957,-17.069
120.68,22.914,-17.069
120.67,22.872,-17.069
120.65,22.829,-17.071
120.64,22.784,-17.069
120.63,22.74,-17.069
120.62,22.695,-17.069
120.61,22.65,-17.069
120.61,22.606,-17.069
120.6,22.561,-17.069
120.59,22.517,-17.069
120.58,22.472,-17.069
120.57,22.427,-17.069
120.56,22.383,-17.069
120.55,22.338,-17.069
120.54,22.293,-17.069
120.54,22.249,-17.069
120.53,22.204,-17.069
120.52,22.159,-17.069
120.51,22.115,-17.07
120.5,22.07,-17.098
120.51,22.025,-17.108
120.52,21.98,-17.103
120.53,21.935,-17.104
120.53,21.89,-17.1
120.54,21.845,-17.098
120.55,21.8,-17.11
120.55,21.755,-17.093
120.56,21.71,-17.094
120.57,21.665,-17.117
120.57,21.62,-17.085
120.58,21.576,-17.097
120.59,21.531,-17.123
120.6,21.486,-17.079
120.61,21.442,-17.218
120.63,21.399,-17.082
120.64,21.356,-17.265
120.65,21.313,-17.11
120.67,21.269,-17.272
120.68,21.226,-17.145
120.7,21.183,-17.23
120.71,21.139,-17.181
120.73,21.096,-17.188
120.74,21.053,-17.235
120.76,21.01,-17.155
120.77,20.966,-17.271
120.79,20.923,-17.148
120.8,20.88,-17.235
120.81,20.836,-17.109
120.83,20.793,-17.199
120.84,20.75,-17.069
122.48,25.523,-16.04
122.45,25.493,-16.124
122.41,25.464,-16.191
122.37,25.434,-16.117
122.33,25.405,-16.1
122.29,25.375,-16.111
122.26,25.346,-16.195
122.22,25.316,-16.141
122.18,25.287,-16.051
122.14,25.257,-16.146
122.1,25.227,-16.181
122.07,25.198,-16.09
122.03,25.168,-16.094
121.99,25.139,-16.14
121.95,25.109,-16.167
121.92,25.079,-16.126
121.88,25.05,-16.062
121.84,25.02,-16.177
121.8,24.99,-16.167
121.76,24.961,-16.062
121.73,24.931,-16.11
121.69,24.901,-16.168
121.65,24.871,-16.14
121.61,24.842,-16.111
121.58,24.812,-16.088
121.54,24.782,-16.076
121.5,24.752,-16.075
121.47,24.722,-16.051
121.43,24.692,-16.04
121.39,24.662,-16.054
121.35,24.631,-16.088
121.32,24.601,-16.066
121.28,24.571,-16.043
121.24,24.541,-16.04
121.21,24.511,-16.066
121.17,24.48,-16.081
121.14,24.446,-16.04
121.13,24.402,-16.04
121.11,24.357,-16.04
121.1,24.313,-16.04
121.09,24.269,-16.04
121.08,24.225,-16.04
121.07,24.181,-16.04
121.06,24.136,-16.04
121.05,24.092,-16.04
121.04,24.048,-16.04
121.02,24.004,-16.039
121.01,23.96,-16.04
121,23.917,-16.04
120.98,23.874,-16.04
120.97,23.83,-16.04
120.95,23.787,-16.04
120.94,23.744,-16.04
120.92,23.701,-16.04
120.91,23.657,-16.04
120.89,23.614,-16.04
120.88,23.571,-16.04
120.86,23.527,-16.04
120.85,23.484,-16.04
120.83,23.441,-16.04
120.82,23.398,-16.04
120.8,23.354,-16.04
120.79,23.311,-16.04
120.77,23.268,-16.04
120.75,23.226,-16.04
120.74,23.183,-16.04
120.72,23.14,-16.04
120.7,23.098,-16.04
120.69,23.055,-16.04
120.67,23.012,-16.04
120.65,22.97,-16.04
120.64,22.927,-16.04
120.62,22.884,-16.04
120.6,22.842,-16.041
120.6,22.797,-16.04
120.59,22.752,-16.04
120.58,22.708,-16.04
120.57,22.663,-16.04
120.56,22.618,-16.04
120.55,22.574,-16.04
120.54,22.529,-16.04
120.53,22.485,-16.04
120.52,22.44,-16.04
120.52,22.395,-16.04
120.51,22.351,-16.04
120.5,22.306,-16.04
120.49,22.261,-16.04
120.48,22.217,-16.04
120.47,22.172,-16.04
120.46,22.127,-16.04
120.46,22.082,-16.04
120.46,22.037,-16.054
120.47,21.992,-16.088
120.48,21.948,-16.04
120.49,21.903,-16.051
120.49,21.858,-16.087
120.5,21.813,-16.041
120.51,21.768,-16.049
120.51,21.723,-16.084
120.52,21.678,-16.045
120.53,21.633,-16.046
120.54,21.588,-16.081
120.54,21.543,-16.05
120.55,21.498,-16.044
120.56,21.455,-16.083
120.58,21.412,-16.051
120.59,21.368,-16.099
120.61,21.325,-16.061
120.62,21.282,-16.125
120.64,21.239,-16.052
120.65,21.195,-16.124
120.67,21.152,-16.042
120.68,21.109,-16.107
120.7,21.066,-16.048
120.71,21.022,-16.09
120.73,20.979,-16.057
120.74,20.936,-16.074
120.75,20.892,-16.067
120.77,20.849,-16.057
120.78,20.806,-16.077
120.8,20.763,-16.04
122.44,25.536,-15.586
122.4,25.507,-15.61
122.36,25.477,-15.586
122.32,25.448,-15.627
122.28,25.418,-15.586
122.25,25.388,-15.586
122.21,25.359,-15.668
122.17,25.329,-15.586
122.13,25.3,-15.586
122.1,25.27,-15.621
122.06,25.241,-15.586
122.02,25.211,-15.613
121.98,25.181,-15.59
121.94,25.152,-15.586
121.91,25.122,-15.653
121.87,25.092,-15.586
121.83,25.063,-15.586
121.79,25.033,-15.633
121.76,25.003,-15.586
121.72,24.974,-15.598
121.68,24.944,-15.601
121.64,24.914,-15.586
121.6,24.884,-15.639
121.57,24.855,-15.586
121.53,24.825,-15.586
121.49,24.795,-15.586
121.46,24.765,-15.586
121.42,24.735,-15.586
121.38,24.705,-15.586
121.34,24.674,-15.586
121.31,24.644,-15.586
121.27,24.614,-15.586
121.23,24.584,-15.586
121.2,24.554,-15.586
121.16,24.524,-15.586
121.12,24.493,-15.586
121.09,24.459,-15.586
121.08,24.414,-15.586
121.07,24.37,-15.586
121.06,24.326,-15.586
121.04,24.282,-15.586
121.03,24.238,-15.586
121.02,24.193,-15.586
121.01,24.149,-15.586
121,24.105,-15.586
120.99,24.061,-15.586
120.98,24.017,-15.586
120.96,23.973,-15.586
120.95,23.93,-15.586
120.93,23.887,-15.586
120.92,23.843,-15.586
120.9,23.8,-15.586
120.89,23.757,-15.586
120.87,23.713,-15.586
120.86,23.67,-15.586
120.84,23.627,-15.586
120.83,23.583,-15.586
120.82,23.54,-15.586
120.8,23.497,-15.586
120.79,23.454,-15.586
120.77,23.41,-15.586
120.76,23.367,-15.586
120.74,23.324,-15.586
120.73,23.281,-15.586
120.71,23.238,-15.586
120.69,23.196,-15.586
120.67,23.153,-15.586
120.66,23.11,-15.586
120.64,23.068,-15.586
120.62,23.025,-15.586
120.61,22.982,-15.586
120.59,22.94,-15.586
120.57,22.897,-15.586
120.56,22.854,-15.586
120.55,22.81,-15.586
120.54,22.765,-15.586
120.53,22.72,-15.586
120.52,22.676,-15.586
120.51,22.631,-15.586
120.5,22.587,-15.586
120.5,22.542,-15.586
120.49,22.497,-15.586
120.48,22.453,-15.586
120.47,22.408,-15.586
120.46,22.363,-15.586
120.45,22.319,-15.586
120.44,22.274,-15.586
120.43,22.229,-15.586
120.42,22.185,-15.586
120.42,22.14,-15.586
120.41,22.095,-15.586
120.42,22.05,-15.586
120.43,22.005,-15.586
120.43,21.96,-15.586
120.44,21.915,-15.586
120.45,21.87,-15.586
120.45,21.825,-15.586
120.46,21.78,-15.586
120.47,21.736,-15.586
120.48,21.691,-15.586
120.48,21.646,-15.586
120.49,21.601,-15.586
120.5,21.556,-15.586
120.5,21.511,-15.587
120.52,21.468,-15.586
120.53,21.424,-15.586
120.55,21.381,-15.593
120.56,21.338,-15.586
120.58,21.295,-15.611
120.59,21.251,-15.586
120.61,21.208,-15.628
120.62,21.165,-15.586
120.64,21.122,-15.624
120.65,21.078,-15.586
120.66,21.035,-15.615
120.68,20.992,-15.586
120.69,20.948,-15.605
120.71,20.905,-15.586
120.72,20.862,-15.596
120.74,20.819,-15.586
120.75,20.775,-15.586
122.39,25.549,-15.395
122.35,25.52,-15.395
122.31,25.49,-15.395
122.27,25.461,-15.395
122.24,25.431,-15.395
122.2,25.402,-15.395
122.16,25.372,-15.395
122.12,25.342,-15.395
122.09,25.313,-15.395
122.05,25.283,-15.395
122.01,25.254,-15.395
121.97,25.224,-15.395
121.93,25.194,-15.395
121.9,25.165,-15.395
121.86,25.135,-15.395
121.82,25.105,-15.395
121.78,25.076,-15.395
121.75,25.046,-15.395
121.71,25.016,-15.395
121.67,24.987,-15.395
121.63,24.957,-15.395
121.6,24.927,-15.395
121.56,24.897,-15.395
121.52,24.868,-15.395
121.48,24.838,-15.395
121.45,24.808,-15.395
121.41,24.778,-15.395
121.37,24.748,-15.395
121.33,24.717,-15.395
121.3,24.687,-15.395
121.26,24.657,-15.395
121.22,24.627,-15.395
121.19,24.597,-15.395
121.15,24.567,-15.395
121.11,24.536,-15.395
121.07,24.506,-15.395
121.04,24.471,-15.395
121.03,24.427,-15.395
121.02,24.383,-15.395
121.01,24.339,-15.395
121,24.295,-15.395
120.99,24.25,-15.395
120.98,24.206,-15.395
120.96,24.162,-15.395
120.95,24.118,-15.395
120.94,24.074,-15.395
120.93,24.029,-15.395
120.92,23.986,-15.395
120.9,23.943,-15.395
120.89,23.899,-15.395
120.87,23.856,-15.395
120.86,23.813,-15.395
120.84,23.769,-15.395
120.83,23.726,-15.395
120.81,23.683,-15.395
120.8,23.64,-15.395
120.78,23.596,-15.395
120.77,23.553,-15.395
120.75,23.51,-15.395
120.74,23.466,-15.395
120.72,23.423,-15.395
120.71,23.38,-15.395
120.69,23.336,-15.395
120.68,23.294,-15.395
120.66,23.251,-15.395
120.64,23.208,-15.395
120.63,23.166,-15.395
120.61,23.123,-15.395
120.59,23.08,-15.395
120.58,23.038,-15.395
120.56,22.995,-15.395
120.54,22.952,-15.395
120.53,22.91,-15.395
120.51,22.867,-15.395
120.5,22.822,-15.395
120.49,22.778,-15.395
120.48,22.733,-15.395
120.48,22.688,-15.395
120.47,22.644,-15.395
120.46,22.599,-15.395
120.45,22.554,-15.395
120.44,22.51,-15.395
120.43,22.465,-15.395
120.42,22.421,-15.395
120.41,22.376,-15.395
120.4,22.331,-15.395
120.4,22.287,-15.395
120.39,22.242,-15.395
120.38,22.197,-15.395
120.37,22.153,-15.395
120.37,22.108,-15.395
120.37,22.063,-15.395
120.38,22.018,-15.395
120.39,21.973,-15.395
120.39,21.928,-15.395
120.4,21.883,-15.395
120.41,21.838,-15.395
120.42,21.793,-15.395
120.42,21.748,-15.395
120.43,21.703,-15.395
120.44,21.658,-15.395
120.44,21.614,-15.395
120.45,21.569,-15.393
120.46,21.524,-15.393
120.47,21.48,-15.395
120.49,21.437,-15.395
120.5,21.394,-15.395
120.52,21.351,-15.395
120.53,21.307,-15.395
120.55,21.264,-15.395
120.56,21.221,-15.395
120.57,21.177,-15.395
120.59,21.134,-15.395
120.6,21.091,-15.395
120.62,21.048,-15.395
120.63,21.004,-15.395
120.65,20.961,-15.395
120.66,20.918,-15.395
120.68,20.875,-15.395
120.69,20.831,-15.395
120.71,20.788,-15.395
122.34,25.563,-15.331
122.3,25.533,-15.331
122.27,25.503,-15.331
122.23,25.474,-15.331
122.19,25.444,-15.331
122.15,25.415,-15.331
122.11,25.385,-15.331
122.08,25.356,-15.331
122.04,25.326,-15.331
122,25.296,-15.331
121.96,25.267,-15.331
121.92,25.237,-15.331
121.89,25.207,-15.331
121.85,25.178,-15.331
121.81,25.148,-15.331
121.77,25.118,-15.331
121.74,25.089,-15.331
121.7,25.059,-15.331
121.66,25.029,-15.331
121.62,25,-15.331
121.59,24.97,-15.331
121.55,24.94,-15.331
121.51,24.91,-15.331
121.47,24.881,-15.331
121.44,24.851,-15.331
121.4,24.821,-15.331
121.36,24.791,-15.331
121.32,24.761,-15.331
121.29,24.73,-15.331
121.25,24.7,-15.331
121.21,24.67,-15.331
121.18,24.64,-15.331
121.14,24.61,-15.331
121.1,24.579,-15.331
121.06,24.549,-15.331
121.03,24.519,-15.331
121,24.484,-15.329
120.98,24.44,-15.331
120.97,24.396,-15.331
120.96,24.352,-15.331
120.95,24.307,-15.331
120.94,24.263,-15.331
120.93,24.219,-15.331
120.92,24.175,-15.331
120.91,24.131,-15.331
120.89,24.086,-15.331
120.88,24.042,-15.331
120.87,23.999,-15.331
120.85,23.955,-15.331
120.84,23.912,-15.331
120.83,23.869,-15.331
120.81,23.825,-15.331
120.8,23.782,-15.331
120.78,23.739,-15.331
120.77,23.696,-15.331
120.75,23.652,-15.331
120.74,23.609,-15.331
120.72,23.566,-15.331
120.71,23.522,-15.331
120.69,23.479,-15.331
120.68,23.436,-15.331
120.66,23.392,-15.331
120.65,23.349,-15.331
120.63,23.306,-15.331
120.61,23.264,-15.331
120.6,23.221,-15.331
120.58,23.178,-15.331
120.56,23.136,-15.331
120.55,23.093,-15.331
120.53,23.05,-15.331
120.51,23.008,-15.331
120.5,22.965,-15.331
120.48,22.922,-15.331
120.46,22.88,-15.331
120.46,22.835,-15.331
120.45,22.79,-15.331
120.44,22.746,-15.331
120.43,22.701,-15.331
120.42,22.656,-15.331
120.41,22.612,-15.331
120.4,22.567,-15.331
120.39,22.522,-15.331
120.38,22.478,-15.331
120.38,22.433,-15.331
120.37,22.389,-15.331
120.36,22.344,-15.331
120.35,22.299,-15.331
120.34,22.255,-15.331
120.33,22.21,-15.331
120.32,22.165,-15.331
120.32,22.12,-15.331
120.33,22.075,-15.331
120.33,22.03,-15.331
120.34,21.985,-15.331
120.35,21.94,-15.331
120.35,21.896,-15.331
120.36,21.851,-15.331
120.37,21.806,-15.331
120.38,21.761,-15.331
120.38,21.716,-15.331
120.39,21.671,-15.331
120.4,21.626,-15.331
120.4,21.581,-15.331
120.41,21.536,-15.325
120.43,21.493,-15.331
120.44,21.45,-15.331
120.46,21.406,-15.331
120.47,21.363,-15.331
120.48,21.32,-15.331
120.5,21.277,-15.331
120.51,21.233,-15.331
120.53,21.19,-15.331
120.54,21.147,-15.331
120.56,21.104,-15.331
120.57,21.06,-15.331
120.59,21.017,-15.331
120.6,20.974,-15.331
120.62,20.931,-15.331
120.63,20.887,-15.331
120.65,20.844,-15.331
120.66,20.801,-15.331
122.29,25.576,-15.267
122.26,25.546,-15.267
122.22,25.517,-15.267
122.18,25.487,-15.267
122.14,25.458,-15.267
122.1,25.428,-15.267
122.07,25.398,-15.267
122.03,25.369,-15.267
121.99,25.339,-15.267
121.95,25.309,-15.267
121.92,25.28,-15.267
121.88,25.25,-15.267
121.84,25.22,-15.267
121.8,25.191,-15.267
121.76,25.161,-15.267
121.73,25.131,-15.267
121.69,25.102,-15.267
121.65,25.072,-15.267
121.61,25.042,-15.267
121.58,25.013,-15.267
121.54,24.983,-15.267
121.5,24.953,-15.267
121.46,24.923,-15.267
121.43,24.894,-15.267
121.39,24.864,-15.267
121.35,24.834,-15.267
121.31,24.804,-15.267
121.28,24.773,-15.267
121.24,24.743,-15.267
121.2,24.713,-15.267
121.17,24.683,-15.267
121.13,24.653,-15.267
121.09,24.622,-15.267
121.05,24.592,-15.267
121.02,24.562,-15.267
120.98,24.532,-15.267
120.95,24.497,-15.261
120.94,24.453,-15.267
120.93,24.409,-15.267
120.91,24.364,-15.267
120.9,24.32,-15.267
120.89,24.276,-15.267
120.88,24.232,-15.267
120.87,24.188,-15.267
120.86,24.143,-15.267
120.85,24.099,-15.267
120.84,24.055,-15.267
120.82,24.011,-15.267
120.81,23.968,-15.267
120.79,23.925,-15.267
120.78,23.881,-15.267
120.76,23.838,-15.267
120.75,23.795,-15.267
120.73,23.752,-15.267
120.72,23.708,-15.267
120.7,23.665,-15.267
120.69,23.622,-15.267
120.68,23.578,-15.267
120.66,23.535,-15.267
120.65,23.492,-15.267
120.63,23.448,-15.267
120.62,23.405,-15.267
120.6,23.362,-15.267
120.58,23.319,-15.267
120.57,23.276,-15.267
120.55,23.234,-15.267
120.53,23.191,-15.267
120.52,23.148,-15.267
120.5,23.106,-15.267
120.48,23.063,-15.267
120.47,23.02,-15.267
120.45,22.978,-15.267
120.43,22.935,-15.267
120.42,22.892,-15.267
120.41,22.848,-15.267
120.4,22.803,-15.267
120.39,22.758,-15.267
120.38,22.714,-15.267
120.37,22.669,-15.267
120.36,22.624,-15.267
120.36,22.58,-15.267
120.35,22.535,-15.267
120.34,22.49,-15.267
120.33,22.446,-15.267
120.32,22.401,-15.267
120.31,22.356,-15.267
120.3,22.312,-15.267
120.29,22.267,-15.267
120.29,22.222,-15.267
120.28,22.178,-15.267
120.27,22.133,-15.267
120.28,22.088,-15.267
120.29,22.043,-15.267
120.29,21.998,-15.267
120.3,21.953,-15.267
120.31,21.908,-15.267
120.32,21.863,-15.267
120.32,21.818,-15.267
120.33,21.773,-15.267
120.34,21.729,-15.267
120.34,21.684,-15.267
120.35,21.639,-15.267
120.36,21.594,-15.267
120.37,21.549,-15.258
120.38,21.506,-15.267
120.39,21.462,-15.267
120.41,21.419,-15.267
120.42,21.376,-15.267
120.44,21.333,-15.267
120.45,21.289,-15.267
120.47,21.246,-15.267
120.48,21.203,-15.267
120.5,21.16,-15.267
120.51,21.116,-15.267
120.53,21.073,-15.267
120.54,21.03,-15.267
120.56,20.987,-15.267
120.57,20.943,-15.267
120.59,20.9,-15.267
120.6,20.857,-15.267
120.61,20.813,-15.267
122.25,25.589,-15.075
122.21,25.559,-15.204
122.17,25.53,-15.204
122.13,25.5,-15.204
122.09,25.471,-15.204
122.06,25.441,-15.204
122.02,25.411,-15.204
121.98,25.382,-15.204
121.94,25.352,-15.204
121.91,25.323,-15.204
121.87,25.293,-15.204
121.83,25.263,-15.204
121.79,25.234,-15.204
121.75,25.204,-15.204
121.72,25.174,-15.204
121.68,25.144,-15.204
121.64,25.115,-15.204
121.6,25.085,-15.204
121.57,25.055,-15.204
121.53,25.026,-15.204
121.49,24.996,-15.204
121.45,24.966,-15.204
121.42,24.936,-15.204
121.38,24.906,-15.203
121.34,24.877,-15.203
121.3,24.847,-15.204
121.27,24.816,-15.204
121.23,24.786,-15.204
121.19,24.756,-15.204
121.16,24.726,-15.204
121.12,24.696,-15.204
121.08,24.665,-15.204
121.04,24.635,-15.204
121.01,24.605,-15.204
120.97,24.575,-15.204
120.93,24.544,-15.203
120.9,24.51,-15.192
120.89,24.466,-15.204
120.88,24.421,-15.204
120.87,24.377,-15.204
120.86,24.333,-15.204
120.85,24.289,-15.204
120.83,24.244,-15.204
120.82,24.2,-15.204
120.81,24.156,-15.204
120.8,24.112,-15.204
120.79,24.068,-15.204
120.78,24.024,-15.204
120.76,23.981,-15.204
120.75,23.937,-15.204
120.73,23.894,-15.204
120.72,23.851,-15.204
120.7,23.808,-15.204
120.69,23.764,-15.204
120.67,23.721,-15.204
120.66,23.678,-15.204
120.64,23.634,-15.204
120.63,23.591,-15.204
120.61,23.548,-15.204
120.6,23.504,-15.204
120.58,23.461,-15.204
120.57,23.418,-15.204
120.55,23.374,-15.204
120.54,23.332,-15.204
120.52,23.289,-15.204
120.5,23.246,-15.204
120.49,23.204,-15.204
120.47,23.161,-15.204
120.45,23.118,-15.204
120.44,23.076,-15.204
120.42,23.033,-15.204
120.4,22.99,-15.204
120.39,22.947,-15.204
120.37,22.905,-15.204
120.36,22.86,-15.204
120.35,22.816,-15.204
120.34,22.771,-15.204
120.34,22.726,-15.204
120.33,22.682,-15.204
120.32,22.637,-15.204
120.31,22.592,-15.204
120.3,22.548,-15.204
120.29,22.503,-15.204
120.28,22.458,-15.204
120.27,22.414,-15.204
120.27,22.369,-15.204
120.26,22.324,-15.204
120.25,22.28,-15.204
120.24,22.235,-15.204
120.23,22.19,-15.204
120.23,22.145,-15.204
120.23,22.1,-15.204
120.24,22.055,-15.204
120.25,22.011,-15.204
120.25,21.966,-15.204
120.26,21.921,-15.204
120.27,21.876,-15.204
120.28,21.831,-15.204
120.28,21.786,-15.204
120.29,21.741,-15.204
120.3,21.696,-15.204
120.3,21.651,-15.204
120.31,21.606,-15.204
120.32,21.561,-15.198
120.33,21.518,-15.2
120.35,21.475,-15.204
120.36,21.432,-15.204
120.38,21.388,-15.204
120.39,21.345,-15.204
120.41,21.302,-15.204
120.42,21.259,-15.204
120.44,21.215,-15.204
120.45,21.172,-15.204
120.47,21.129,-15.204
120.48,21.086,-15.204
120.5,21.042,-15.204
120.51,20.999,-15.204
120.52,20.956,-15.204
120.54,20.913,-15.204
120.55,20.869,-15.204
120.57,20.826,-15.204
122.2,25.602,-14.928
122.16,25.573,-15.14
122.12,25.543,-15.14
122.09,25.513,-15.14
122.05,25.484,-15.14
122.01,25.454,-15.14
121.97,25.425,-15.14
121.93,25.395,-15.14
121.9,25.365,-15.14
121.86,25.336,-15.14
121.82,25.306,-15.14
121.78,25.276,-15.14
121.75,25.247,-15.14
121.71,25.217,-15.14
121.67,25.187,-15.14
121.63,25.157,-15.14
121.59,25.128,-15.14
121.56,25.098,-15.14
121.52,25.068,-15.14
121.48,25.038,-15.14
121.44,25.009,-15.14
121.41,24.979,-15.14
121.37,24.949,-15.14
121.33,24.919,-15.14
121.29,24.89,-15.14
121.26,24.859,-15.14
121.22,24.829,-15.14
121.18,24.799,-15.14
121.15,24.769,-15.14
121.11,24.739,-15.14
121.07,24.708,-15.14
121.03,24.678,-15.14
121,24.648,-15.14
120.96,24.618,-15.14
120.92,24.588,-15.14
120.89,24.557,-15.134
120.85,24.522,-15.124
120.84,24.478,-15.14
120.83,24.434,-15.14
120.82,24.39,-15.14
120.81,24.346,-15.14
120.8,24.301,-15.14
120.79,24.257,-15.14
120.78,24.213,-15.14
120.76,24.169,-15.14
120.75,24.125,-15.14
120.74,24.08,-15.14
120.73,24.037,-15.14
120.71,23.993,-15.14
120.7,23.95,-15.14
120.68,23.907,-15.14
120.67,23.864,-15.14
120.65,23.82,-15.14
120.64,23.777,-15.14
120.63,23.734,-15.14
120.61,23.69,-15.14
120.6,23.647,-15.14
120.58,23.604,-15.14
120.57,23.56,-15.14
120.55,23.517,-15.14
120.54,23.474,-15.14
120.52,23.43,-15.14
120.51,23.387,-15.14
120.49,23.344,-15.14
120.47,23.302,-15.14
120.46,23.259,-15.14
120.44,23.216,-15.14
120.42,23.174,-15.14
120.41,23.131,-15.14
120.39,23.088,-15.14
120.37,23.045,-15.14
120.36,23.003,-15.14
120.34,22.96,-15.14
120.33,22.917,-15.14
120.32,22.873,-15.14
120.31,22.828,-15.14
120.3,22.784,-15.14
120.29,22.739,-15.14
120.28,22.694,-15.14
120.27,22.65,-15.14
120.26,22.605,-15.14
120.25,22.56,-15.14
120.25,22.516,-15.14
120.24,22.471,-15.14
120.23,22.426,-15.14
120.22,22.382,-15.14
120.21,22.337,-15.14
120.2,22.292,-15.14
120.19,22.248,-15.14
120.18,22.203,-15.14
120.18,22.158,-15.14
120.19,22.113,-15.14
120.19,22.068,-15.14
120.2,22.023,-15.14
120.21,21.978,-15.14
120.22,21.933,-15.14
120.22,21.888,-15.14
120.23,21.843,-15.14
120.24,21.799,-15.14
120.24,21.754,-15.14
120.25,21.709,-15.14
120.26,21.664,-15.14
120.27,21.619,-15.14
120.27,21.574,-15.137
120.29,21.531,-15.137
120.3,21.488,-15.14
120.32,21.444,-15.14
120.33,21.401,-15.14
120.35,21.358,-15.14
120.36,21.315,-15.14
120.38,21.271,-15.14
120.39,21.228,-15.14
120.41,21.185,-15.14
120.42,21.142,-15.14
120.43,21.098,-15.14
120.45,21.055,-15.14
120.46,21.012,-15.14
120.48,20.969,-15.14
120.49,20.925,-15.14
120.51,20.882,-15.14
120.52,20.839,-15.14
122.15,25.615,-14.767
122.11,25.586,-15.066
122.08,25.556,-15.066
122.04,25.526,-15.066
122,25.497,-15.066
121.96,25.467,-15.066
121.92,25.438,-15.066
121.89,25.408,-15.066
121.85,25.378,-15.062
121.81,25.349,-15.066
121.77,25.319,-15.066
121.74,25.289,-15.066
121.7,25.26,-15.066
121.66,25.23,-15.066
121.62,25.2,-15.066
121.58,25.17,-15.066
121.55,25.141,-15.066
121.51,25.111,-15.066
121.47,25.081,-15.066
121.43,25.051,-15.066
121.4,25.022,-15.066
121.36,24.992,-15.066
121.32,24.962,-15.066
121.28,24.932,-15.066
121.25,24.902,-15.066
121.21,24.872,-15.066
121.17,24.842,-15.066
121.13,24.812,-15.066
121.1,24.782,-15.066
121.06,24.752,-15.066
121.02,24.721,-15.066
120.99,24.691,-15.066
120.95,24.661,-15.066
120.91,24.631,-15.066
120.88,24.6,-15.066
120.84,24.57,-15.066
120.81,24.535,-15.066
120.8,24.491,-15.066
120.78,24.447,-15.066
120.77,24.403,-15.066
120.76,24.358,-15.066
120.75,24.314,-15.066
120.74,24.27,-15.066
120.73,24.226,-15.066
120.72,24.181,-15.066
120.71,24.137,-15.066
120.7,24.093,-15.065
120.68,24.049,-15.066
120.67,24.006,-15.066
120.65,23.963,-15.066
120.64,23.92,-15.066
120.62,23.876,-15.066
120.61,23.833,-15.066
120.59,23.79,-15.066
120.58,23.746,-15.066
120.56,23.703,-15.066
120.55,23.66,-15.066
120.53,23.616,-15.066
120.52,23.573,-15.066
120.51,23.53,-15.066
120.49,23.486,-15.066
120.48,23.443,-15.066
120.46,23.4,-15.065
120.44,23.357,-15.066
120.43,23.314,-15.066
120.41,23.272,-15.066
120.39,23.229,-15.066
120.38,23.186,-15.066
120.36,23.143,-15.066
120.34,23.101,-15.066
120.33,23.058,-15.066
120.31,23.015,-15.066
120.3,22.973,-15.066
120.28,22.93,-15.066
120.27,22.885,-15.066
120.26,22.841,-15.066
120.25,22.796,-15.066
120.24,22.751,-15.066
120.23,22.707,-15.066
120.22,22.662,-15.066
120.22,22.617,-15.066
120.21,22.573,-15.066
120.2,22.528,-15.066
120.19,22.483,-15.066
120.18,22.439,-15.066
120.17,22.394,-15.066
120.16,22.35,-15.066
120.16,22.305,-15.066
120.15,22.26,-15.066
120.14,22.216,-15.066
120.13,22.17,-15.066
120.14,22.125,-15.066
120.15,22.081,-15.066
120.15,22.036,-15.066
120.16,21.991,-15.066
120.17,21.946,-15.066
120.18,21.901,-15.066
120.18,21.856,-15.066
120.19,21.811,-15.066
120.2,21.766,-15.066
120.21,21.721,-15.066
120.21,21.677,-15.066
120.22,21.632,-15.066
120.23,21.587,-15.066
120.24,21.543,-15.066
120.26,21.5,-15.066
120.27,21.457,-15.066
120.29,21.414,-15.066
120.3,21.37,-15.066
120.32,21.327,-15.066
120.33,21.284,-15.066
120.34,21.241,-15.066
120.36,21.197,-15.066
120.37,21.154,-15.066
120.39,21.111,-15.066
120.4,21.068,-15.066
120.42,21.024,-15.066
120.43,20.981,-15.066
120.45,20.938,-15.066
120.46,20.895,-15.066
120.48,20.851,-15.066
122.1,25.628,-14.707
122.07,25.599,-14.879
122.03,25.569,-14.828
121.99,25.54,-14.879
121.95,25.51,-14.85
121.91,25.48,-14.85
121.88,25.451,-14.879
121.84,25.421,-14.8
121.8,25.391,-14.871
121.76,25.362,-14.879
121.73,25.332,-14.82
121.69,25.302,-14.879
121.65,25.273,-14.868
121.61,25.243,-14.842
121.58,25.213,-14.879
121.54,25.183,-14.817
121.5,25.154,-14.863
121.46,25.124,-14.879
121.42,25.094,-14.812
121.39,25.064,-14.879
121.35,25.035,-14.879
121.31,25.005,-14.834
121.27,24.975,-14.879
121.24,24.945,-14.835
121.2,24.915,-14.856
121.16,24.885,-14.879
121.12,24.855,-14.879
121.09,24.825,-14.879
121.05,24.795,-14.879
121.01,24.764,-14.879
120.98,24.734,-14.879
120.94,24.704,-14.879
120.9,24.674,-14.879
120.87,24.643,-14.879
120.83,24.613,-14.879
120.79,24.583,-14.879
120.76,24.548,-14.879
120.75,24.504,-14.879
120.74,24.459,-14.879
120.73,24.415,-14.879
120.72,24.371,-14.879
120.7,24.327,-14.879
120.69,24.283,-14.879
120.68,24.238,-14.879
120.67,24.194,-14.879
120.66,24.15,-14.879
120.65,24.106,-14.879
120.63,24.062,-14.879
120.62,24.019,-14.879
120.61,23.975,-14.879
120.59,23.932,-14.879
120.58,23.889,-14.879
120.56,23.846,-14.879
120.55,23.802,-14.879
120.53,23.759,-14.879
120.52,23.716,-14.879
120.5,23.672,-14.879
120.49,23.629,-14.879
120.47,23.586,-14.879
120.46,23.542,-14.879
120.44,23.499,-14.879
120.43,23.456,-14.879
120.41,23.412,-14.879
120.4,23.37,-14.879
120.38,23.327,-14.879
120.36,23.284,-14.879
120.35,23.241,-14.879
120.33,23.199,-14.879
120.31,23.156,-14.879
120.3,23.113,-14.879
120.28,23.071,-14.879
120.26,23.028,-14.879
120.25,22.985,-14.879
120.23,22.942,-14.879
120.22,22.898,-14.879
120.21,22.853,-14.879
120.2,22.809,-14.879
120.2,22.764,-14.879
120.19,22.719,-14.879
120.18,22.675,-14.879
120.17,22.63,-14.879
120.16,22.585,-14.879
120.15,22.541,-14.879
120.14,22.496,-14.879
120.13,22.451,-14.879
120.13,22.407,-14.879
120.12,22.362,-14.879
120.11,22.317,-14.879
120.1,22.273,-14.879
120.09,22.228,-14.879
120.09,22.183,-14.879
120.09,22.138,-14.879
120.1,22.093,-14.879
120.11,22.048,-14.879
120.12,22.003,-14.879
120.12,21.958,-14.879
120.13,21.914,-14.879
120.14,21.869,-14.879
120.14,21.824,-14.879
120.15,21.779,-14.879
120.16,21.734,-14.879
120.17,21.689,-14.879
120.17,21.644,-14.879
120.18,21.599,-14.879
120.19,21.556,-14.879
120.21,21.513,-14.879
120.22,21.469,-14.879
120.24,21.426,-14.879
120.25,21.383,-14.879
120.27,21.34,-14.879
120.28,21.297,-14.879
120.3,21.253,-14.879
120.31,21.21,-14.879
120.33,21.167,-14.879
120.34,21.124,-14.879
120.36,21.08,-14.879
120.37,21.037,-14.879
120.39,20.994,-14.879
120.4,20.951,-14.879
120.42,20.907,-14.879
120.43,20.864,-14.879
122.06,25.642,-14.637
122.02,25.612,-14.568
121.98,25.582,-14.633
121.94,25.553,-14.587
121.91,25.523,-14.59
121.87,25.493,-14.604
121.83,25.464,-14.539
121.79,25.434,-14.612
121.75,25.404,-14.616
121.72,25.375,-14.561
121.68,25.345,-14.634
121.64,25.315,-14.605
121.6,25.286,-14.582
121.57,25.256,-14.619
121.53,25.226,-14.555
121.49,25.196,-14.604
121.45,25.167,-14.595
121.41,25.137,-14.553
121.38,25.107,-14.626
121.34,25.077,-14.623
121.3,25.047,-14.575
121.26,25.018,-14.627
121.23,24.988,-14.573
121.19,24.958,-14.596
121.15,24.928,-14.581
121.11,24.898,-14.637
121.08,24.868,-14.637
121.04,24.838,-14.637
121,24.807,-14.623
120.97,24.777,-14.637
120.93,24.747,-14.637
120.89,24.717,-14.637
120.86,24.686,-14.637
120.82,24.656,-14.619
120.78,24.626,-14.637
120.74,24.595,-14.637
120.71,24.561,-14.637
120.7,24.516,-14.637
120.69,24.472,-14.637
120.68,24.428,-14.637
120.67,24.384,-14.637
120.66,24.339,-14.637
120.65,24.295,-14.637
120.63,24.251,-14.637
120.62,24.207,-14.637
120.61,24.163,-14.637
120.6,24.118,-14.637
120.59,24.075,-14.637
120.57,24.031,-14.637
120.56,23.988,-14.637
120.54,23.945,-14.637
120.53,23.902,-14.637
120.51,23.858,-14.637
120.5,23.815,-14.637
120.48,23.772,-14.637
120.47,23.728,-14.637
120.46,23.685,-14.637
120.44,23.642,-14.637
120.43,23.598,-14.637
120.41,23.555,-14.637
120.4,23.512,-14.637
120.38,23.468,-14.637
120.37,23.425,-14.637
120.35,23.382,-14.637
120.33,23.339,-14.637
120.32,23.297,-14.637
120.3,23.254,-14.637
120.28,23.211,-14.637
120.27,23.169,-14.637
120.25,23.126,-14.637
120.23,23.083,-14.637
120.22,23.04,-14.637
120.2,22.998,-14.637
120.19,22.955,-14.638
120.18,22.91,-14.637
120.17,22.866,-14.637
120.16,22.821,-14.637
120.15,22.776,-14.637
120.14,22.732,-14.637
120.13,22.687,-14.637
120.12,22.643,-14.637
120.11,22.598,-14.637
120.11,22.553,-14.637
120.1,22.509,-14.637
120.09,22.464,-14.637
120.08,22.419,-14.637
120.07,22.375,-14.637
120.06,22.33,-14.637
120.05,22.285,-14.637
120.04,22.241,-14.637
120.04,22.195,-14.637
120.05,22.15,-14.637
120.05,22.106,-14.637
120.06,22.061,-14.637
120.07,22.016,-14.637
120.08,21.971,-14.637
120.08,21.926,-14.637
120.09,21.881,-14.637
120.1,21.836,-14.637
120.11,21.791,-14.637
120.11,21.746,-14.637
120.12,21.702,-14.637
120.13,21.657,-14.637
120.13,21.612,-14.638
120.15,21.568,-14.637
120.16,21.525,-14.632
120.18,21.482,-14.637
120.19,21.439,-14.624
120.21,21.396,-14.637
120.22,21.352,-14.617
120.24,21.309,-14.637
120.25,21.266,-14.626
120.27,21.223,-14.637
120.28,21.179,-14.637
120.3,21.136,-14.637
120.31,21.093,-14.637
120.33,21.05,-14.637
120.34,21.006,-14.637
120.36,20.963,-14.637
120.37,20.92,-14.637
120.38,20.877,-14.637
122.01,25.655,-14.102
121.97,25.625,-13.889
121.93,25.595,-13.992
121.9,25.566,-14.067
121.86,25.536,-13.93
121.82,25.506,-14.039
121.78,25.477,-14.009
121.74,25.447,-13.988
121.71,25.417,-14.085
121.67,25.388,-13.927
121.63,25.358,-13.978
121.59,25.328,-14.087
121.56,25.299,-13.909
121.52,25.269,-14.022
121.48,25.239,-14.029
121.44,25.209,-13.967
121.41,25.18,-14.069
121.37,25.15,-13.964
121.33,25.12,-14.004
121.29,25.09,-14.096
121.25,25.06,-13.888
121.22,25.03,-14.005
121.18,25.001,-14.05
121.14,24.971,-13.946
121.1,24.941,-14.052
121.07,24.911,-14.059
121.03,24.881,-14.084
120.99,24.85,-14.093
120.96,24.82,-14.092
120.92,24.79,-14.072
120.88,24.76,-14.066
120.85,24.729,-14.094
120.81,24.699,-14.097
120.77,24.669,-14.085
120.73,24.638,-14.065
120.7,24.608,-14.076
120.67,24.573,-14.102
120.65,24.529,-14.102
120.64,24.485,-14.102
120.63,24.441,-14.102
120.62,24.396,-14.102
120.61,24.352,-14.102
120.6,24.308,-14.102
120.59,24.264,-14.102
120.58,24.219,-14.102
120.57,24.175,-14.102
120.55,24.131,-14.101
120.54,24.087,-14.102
120.53,24.044,-14.102
120.51,24.001,-14.102
120.5,23.957,-14.102
120.48,23.914,-14.102
120.47,23.871,-14.102
120.45,23.827,-14.102
120.44,23.784,-14.102
120.42,23.741,-14.102
120.41,23.697,-14.102
120.39,23.654,-14.102
120.38,23.611,-14.102
120.36,23.567,-14.102
120.35,23.524,-14.102
120.34,23.481,-14.102
120.32,23.437,-14.102
120.3,23.395,-14.102
120.29,23.352,-14.102
120.27,23.309,-14.102
120.25,23.267,-14.102
120.24,23.224,-14.102
120.22,23.181,-14.102
120.2,23.138,-14.102
120.19,23.096,-14.102
120.17,23.053,-14.102
120.16,23.01,-14.102
120.14,22.968,-14.103
120.13,22.923,-14.102
120.12,22.878,-14.102
120.11,22.834,-14.102
120.1,22.789,-14.102
120.09,22.744,-14.102
120.09,22.7,-14.102
120.08,22.655,-14.102
120.07,22.61,-14.102
120.06,22.566,-14.102
120.05,22.521,-14.102
120.04,22.476,-14.102
120.03,22.432,-14.102
120.02,22.387,-14.102
120.02,22.342,-14.102
120.01,22.298,-14.102
120,22.253,-14.102
119.99,22.208,-14.084
120,22.163,-14.102
120.01,22.118,-14.067
120.02,22.073,-14.082
120.02,22.028,-14.102
120.03,21.983,-14.07
120.04,21.939,-14.079
120.04,21.894,-14.102
120.05,21.849,-14.073
120.06,21.804,-14.077
120.07,21.759,-14.102
120.07,21.714,-14.077
120.08,21.669,-14.074
120.09,21.624,-14.103
120.1,21.581,-14.062
120.12,21.538,-14.085
120.13,21.495,-14.07
120.15,21.451,-14.059
120.16,21.408,-14.078
120.18,21.365,-14.033
120.19,21.322,-14.086
120.21,21.278,-14.007
120.22,21.235,-14.093
120.24,21.192,-13.981
120.25,21.149,-14.101
120.27,21.106,-14.009
120.28,21.062,-14.095
120.29,21.019,-14.034
120.31,20.976,-14.09
120.32,20.933,-14.056
120.34,20.889,-14.102
121.96,25.668,-13
121.92,25.638,-13
121.89,25.608,-13
121.85,25.579,-13
121.81,25.549,-13
121.77,25.519,-13
121.73,25.49,-13
121.7,25.46,-13
121.66,25.43,-13
121.62,25.401,-13
121.58,25.371,-13
121.55,25.341,-13
121.51,25.311,-13
121.47,25.282,-13
121.43,25.252,-13
121.4,25.222,-13
121.36,25.192,-13
121.32,25.162,-13
121.28,25.133,-13
121.24,25.103,-13
121.21,25.073,-13
121.17,25.043,-13
121.13,25.013,-13
121.09,24.983,-13
121.06,24.953,-13
121.02,24.923,-13
120.98,24.893,-13
120.95,24.863,-13
120.91,24.833,-13
120.87,24.802,-13
120.83,24.772,-13
120.8,24.742,-13
120.76,24.711,-13
120.72,24.681,-13
120.69,24.651,-13
120.65,24.62,-13
120.62,24.587,-13
120.61,24.543,-13
120.6,24.498,-13
120.59,24.454,-13
120.57,24.41,-13
120.56,24.366,-13
120.55,24.321,-13
120.54,24.277,-13
120.53,24.233,-13
120.52,24.189,-13
120.51,24.144,-13
120.49,24.101,-13
120.48,24.057,-13
120.46,24.014,-13
120.45,23.971,-13
120.44,23.927,-13
120.42,23.884,-13
120.41,23.841,-13
120.39,23.797,-13
120.38,23.754,-13
120.36,23.711,-13
120.35,23.667,-13
120.33,23.624,-13
120.32,23.581,-13
120.3,23.537,-13
120.29,23.494,-13
120.27,23.45,-13
120.26,23.408,-13
120.24,23.365,-13
120.22,23.322,-13
120.21,23.28,-13
120.19,23.237,-13
120.17,23.194,-13
120.16,23.151,-13
120.14,23.109,-13
120.12,23.066,-13
120.11,23.023,-13
120.09,22.98,-13
120.08,22.936,-13
120.07,22.891,-13
120.06,22.847,-13
120.06,22.802,-13
120.05,22.757,-13
120.04,22.712,-13
120.03,22.668,-13
120.02,22.623,-13
120.01,22.578,-13
120,22.534,-13
120,22.489,-13
119.99,22.444,-13
119.98,22.4,-13
119.97,22.355,-13
119.96,22.31,-13
119.95,22.266,-13
119.95,22.221,-13
119.95,22.176,-13
119.96,22.131,-13
119.97,22.086,-13
119.98,22.041,-13
119.98,21.996,-13
119.99,21.951,-13
120,21.907,-13
120.01,21.862,-13
120.01,21.817,-13
120.02,21.772,-13
120.03,21.727,-13
120.03,21.682,-13
120.04,21.637,-13
120.06,21.594,-13
120.07,21.551,-13
120.09,21.507,-13
120.1,21.464,-13
120.12,21.421,-13
120.13,21.378,-13
120.15,21.334,-13
120.16,21.291,-13
120.17,21.248,-13
120.19,21.205,-13
120.2,21.161,-13
120.22,21.118,-13
120.23,21.075,-13
120.25,21.032,-13
120.26,20.988,-13
120.28,20.945,-13
120.29,20.902,-13
