0.063591
30.221
41.406
0.028287
0.14231
0.028574
25.418
40.936
39.148
59.982
53.956
0.10139
57.91
55.364
59.991
53.699
0.039369
16.053
23.582
0.11733
58.726
0.050666
47.818
0.047858
50.121
0.02967
14.157
57.516
0.081285
0.071894
0.062019
57.521
0.060365
0.13695
0.0027422
27.14
33.096
26.552
31.917
0.0095051
47.067
0.088306
23.491
0.0055705
53.084
0.010167
10.435
46.191
48.207
0.030205
27.974
39.023
45.541
0.071333
59.975
59.992
59.32
0.011635
26.026
59.973
0.055011
50.484
46.383
59.894
48.994
59.972
57.845
59.951
1.025
59.9
59.497
59.649
59.918
59.99
57.24
40.279
59.941
9.6377
56.167
0.012541
15.156
3.8959
10.507
42.726
0.010842
0.24962
34.681
0.027752
0.18048
0.044741
0.006314
4.3203
0.01613
2.1704
0.054455
0.062635
15.192
47.827
11.163
59.359
47.094
41.493
0.01594
43.887
0.014791
0.011774
28.18
4.3228
55.598
45.507
0.0056344
32.539
8.6488
59.99
49.178
27.648
54.207
49.777
40.744
59.986
2.1656
47.655
0.0034814
19.486
57.397
0.014575
0.013198
57.794
1.9298
0.053156
0.067754
14.827
0.06329
0.059718
0.005447
0.0028853
0.061907
0.064521
0.14666
0.044988
0.015301
0.087568
0.064991
0.06018
0.062062
0.023918
0.018634
0.10647
0.025618
0.012568
0.021633
0.012281
0.01176
3.8625
0.017565
59.992
0.015227
46.882
0.080077
0.088882
2.1016
0.01311
0.017184
0.021274
0.083406
0.083995
0.056744
0.045777
0.071216
0.60488
0.059439
0.018707
24.595
0.068528
0.026509
0.021904
9.0007
0.023739
29.431
28.147
38.968
15.596
19.626
0.040375
0.02155
20.314
18.218
31.73
19.97
44.893
41.915
0.030497
0.012317
29.631
30.436
0.02972
0.01325
24.165
21.524
0.026531
0.011423
0.017131
2.8285
10.906
24.561
55.166
23.857
16.029
42.967
59.976
58.643
52.12
59.994
50.384
53.266
53.665
59.918
57.931
0.018094
52.642
40.595
46.987
44.297
51.012
52.046
20.656
31.944
50.677
42.192
40.51
33.665
7.7141
48.329
43.4
45.459
43.415
50.341
41.287
36.162
14.233
55.991
37.936
14.023
25.288
0.043113
0.047672
20.502
38.504
5.0512
1.9043
29.457
0.070585
48.691
59.807
11.827
57.651
59.95
44.425
59.994
59.987
59.972
59.916
59.95
59.934
59.957
59.972
59.86
59.95
59.969
59.92
51.196
58.438
48.697
59.897
59.713
53.685
59.945
59.934
49.614
59.957
59.99
48.869
59.925
59.955
59.953
43.094
59.991
59.962
56.902
16.758
57.883
55.029
57.346
54.228
58.496
59.985
59.987
59.997
59.991
48.883
59.915
48.677
59.781
24.234
57.682
56.526
5.618
57.622
40.437
48.109
25.7
0.012811
29.432
0.97392
1.7192
0.0016402
18.944
2.9652
0.0055053
0.0283
0.88338
0.014027
11.576
0.021362
2.4443
51.091
0.011803
8.933
35.922
23.284
2.4447
0.068022
0.059846
0.29335
0.043028
0.058637
0.043408
0.047019
0.041551
0.029679
0.30915
0.06384
0.055195
0.22116
0.017925
0.23473
0.14726
0.21866
0.17108
0.063604
0.18549
0.064836
0.044806
0.063077
0.064525
0.2051
0.047747
0.051562
0.03457
0.056213
0.028928
0.021783
0.01781
0.020276
0.066067
0.056446
0.038337
0.039082
0.0051944
10.811
0.0058609
33.421
0.011522
19.912
0.02145
4.34
51.395
0.0078768
0.035321
0.039356
23.845
0.025848
0.042765
0.039213
0.041115
0.046232
0.017732
0.011108
0.014125
8.6805
41.24
50.121
43.331
36.847
30.345
21.673
53.113
57.473
51.227
35.19
56.76
40.692
0.018722
0.0034299
0.0037741
0.0084349
56.851
1.5819
0.24297
28.64
28.748
24.758
26.118
23.487
13.97
35.128
59.358
9.2369
23.157
50.301
19.977
18.939
18.682
4.5167
25.172
18.888
33.68
42.096
34.927
24.443
4.979
24.652
49.091
0.0047415
36.939
39.292
47.633
47.488
58.896
45.771
48.425
23.842
43.282
59.677
57.468
52.268
15.175
34.596
30.27
43.926
48.56
10.833
24.197
25.89
27.827
42.689
17.299
42.944
18.232
59.99
16.492
55.669
51.342
54.124
52.886
55.34
50.771
49.715
58.965
59.987
49.923
38.816
47.33
59.987
53.813
59.974
59.983
59.977
59.982
59.986
59.99
59.987
49.938
59.97
59.991
59.415
11.667
59.983
59.524
59.994
49.546
59.47
59.981
59.46
59.99
59.959
44.452
59.49
59.988
59.442
57.802
58.952
59.969
57.519
13.44
14.094
47.407
41.477
9.4262
34.814
36.282
10.566
10.064
12.484
2.6943
6.729
3.6947
8.0164
3.803
7.4955
7.3792
0.0096839
8.7404
0.026718
4.8107
0.013609
0.0086851
0.0071527
0.0062685
0.0056205
0.013208
0.0082622
0.0059453
0.0047032
0.0050202
0.0062332
0.0052753
0.0044171
0.97412
0.0043649
8.65
0.0043175
0.0031953
0.0045497
0.04552
0.0016392
0.0036351
0.014249
0.032225
0.019178
0.029914
0.005897
0.0074224
0.017095
0.029489
0.0038877
0.0056823
0.016448
0.01478
0.0058469
0.01814
0.026678
0.031804
0.024964
0.032012
0.23724
0.056971
0.22618
0.21261
0.052811
0.021928
0.025574
0.054432
0.025553
0.02519
0.062013
0.061218
0.0070065
0.073512
0.01994
0.018819
0.0086362
0.017299
0.010006
0.0089116
0.0079823
0.0089619
0.089424
0.01441
0.068789
0.010774
0.0064499
0.007706
0.14483
0.10091
0.02529
0.01397
0.12929
0.014721
0.023923
0.020397
0.011061
0.011994
0.010494
0.027594
0.011025
0.012604
0.01705
0.009518
0.009297
0.019293
0.015031
0.024368
1.9368
0.24911
3.8551
8.0225
2.4181
5.6241
0.027145
17.693
0.020127
0.022378
0.015838
0.020339
0.031606
0.023259
0.03098
0.023397
0.033537
0.024506
0.033557
0.028537
0.9887
16.732
32.67
0.073104
52.245
53.296
0.032808
0.017874
0.04953
33.74
0.27811
11.245
0.072467
0.014043
0.10479
0.049658
0.050747
0.013198
0.028706
0.021337
0.092031
0.017484
0.11794
0.02181
0.10759
0.071919
0.052034
5.9603
0.032336
0.028107
0.058909
0.10542
0.080149
0.095923
0.084515
0.018102
0.03157
0.019742
0.025595
0.027402
0.016578
0.11049
0.11303
0.087226
0.044131
0.082609
0.057155
0.1034
0.081622
0.059851
0.095596
0.048636
0.10343
0.067701
0.037658
0.020362
0.026691
0.035445
0.017506
0.029397
0.017672
4.4222
0.017584
7.2059
0.018938
0.027857
0.023803
17.54
5.316
8.2117
14.684
23.16
19.774
15.599
13.279
18.614
20.141
8.4707
9.3378
11.022
10.803
14.112
0.025502
0.0079408
7.1283
10.772
0.016675
0.029045
0.0327
0.024869
0.028468
0.016519
2.9817
0.025549
15.591
15.381
30.715
15.702
29.286
16.816
47.281
40.742
36.614
41.328
34.889
30.101
16.857
28.731
15.774
27.959
26.866
25.345
22.177
21.337
15.574
12.832
23.507
22.784
24.869
24.347
8.765
21.474
22.886
16.089
26.633
25.984
23.933
23.348
31.446
23.908
25.334
19.929
5.3671
7.0793
31.633
42.204
35.345
7.167
13.314
25.177
22.531
39.449
23.693
41.643
25.648
24.939
25.933
21.686
24.382
31.153
40.347
43.509
49.23
43.356
50.403
45.9
40.914
42.46
52.786
38.002
53.816
50.748
52.396
50.11
51.938
51.619
52.286
51.304
28.233
52.476
32.83
6.4745
48.247
38.973
45.763
51.393
21.332
16.126
35.528
34.555
16.3
16.112
26.341
29.992
17.172
24.925
17.163
30.116
27.097
34.515
28.942
33.806
49.794
40.695
19.352
11.385
55.805
43.063
15.715
3.0447
17.346
8.3118
3.4781
6.7364
5.9736
19.943
22.083
40.281
33.482
55.839
57.915
56.358
57.404
52.042
57.879
56.161
53.317
53.399
52.807
48.387
51.536
46.567
48.544
49.037
49.86
54.006
50.339
51.887
53.185
59.013
48.822
50.78
57.359
48.933
45.743
51.817
59.974
51.926
52.402
59.981
59.985
55.804
58.828
54.475
59.319
59.989
59.318
46.511
59.321
59.992
57.739
56.622
59.174
59.994
59.974
45.498
59.924
58.967
55.464
59.991
59.989
56.021
59.968
59.99
59.992
52.046
52.767
47.824
55.99
57.268
54.55
43.993
32.81
37.843
33.37
13.251
37.122
45.46
40.935
32.174
57.272
49.103
29.172
22.917
57.018
35.605
57.253
41.648
50.53
41.096
57.604
57.083
54.788
59.967
54.549
48.332
43.182
41.181
43.64
41.404
34.48
34.255
43.634
36.708
18.042
34.477
17.249
41.169
13.284
32.591
14.256
23.237
23.122
28.128
36.714
20.72
21.855
29.483
4.0365
26.002
28.324
29.138
9.0555
11.514
8.7466
10.833
4.6604
24.009
0.52393
12.067
1.9255
0.17716
5.753
0.046581
0.23471
2.067
0.14647
0.08505
4.1997
11.254
1.2613
11.619
14.922
4.2676
0.065892
2.5256
11.168
5.014
16.995
20.68
10.798
19.29
0.16556
1.148
2.2379
7.9904
0.23085
0.71733
25.198
7.2694
20.334
38.214
16.993
31.827
14.728
12.863
33.625
30.954
37.059
37.48
28.01
3.533
59.696
19.432
17.521
26.193
0.047979
30.046
31.957
22.969
10.011
21.967
24.982
5.5207
6.5266
0.036706
1.9147
4.735
0.026639
3.7907
0.041306
0.044465
25.987
14.512
0.045413
0.033047
24.659
15.98
4.5828
0.096713
2.6778
0.092485
4.0124
3.2352
22.165
35.155
28.663
49.694
41.906
58.739
40.792
28.556
58.938
59.35
58.872
9.6043
5.215
18.532
45.261
29.118
3.4721
25.221
59.827
17.463
44.439
59.469
28.827
59.631
33.926
55.312
59.632
59.73
59.781
59.706
59.659
59.687
59.763
59.742
59.809
59.74
18.853
31.64
32.502
42.295
51.963
40.817
31.962
43.912
20.024
59.897
27.37
18.405
49.129
33.966
49.987
43.69
50.502
40.548
44.417
39.496
35.896
50.828
51.554
41.353
59.484
59.971
59.967
57.817
45.98
59.95
38.011
49.984
51.984
59.956
59.979
59.986
59.975
59.956
59.927
59.974
59.971
59.975
59.959
59.897
59.88
59.951
59.902
59.968
59.861
59.878
48.699
59.908
59.892
59.939
55.71
55.08
59.906
59.939
59.935
59.975
59.954
59.962
59.932
59.94
59.923
59.977
59.976
51.446
59.873
59.947
59.891
59.921
59.908
59.901
59.884
59.896
58.842
59.905
1.2461
58.605
32.573
57.907
43.058
49.928
56.84
59.237
29.223
58.561
42.929
59.931
59.907
59.93
59.886
59.929
57.462
59.944
56.199
59.901
49.503
55.698
20.882
5.4252
27.973
26.23
3.8001
38.611
59.965
56.706
59.938
59.933
49.144
50.115
48.2
51.872
59.523
59.942
59.945
59.96
59.95
30.787
59.942
59.911
59.945
59.962
58.762
57.525
59.974
59.964
59.975
59.983
49.551
59.971
57.549
52.057
49.416
45.622
50.851
46.63
54.582
53.636
53.07
53.338
57.296
59.578
48.712
54.783
59.984
57.523
55.857
56.621
51.883
55.361
57.373
53.673
52.276
54.495
59.533
59.964
57.714
54.408
57.388
52.47
54.599
50.531
55.451
59.992
52.075
59.987
50.05
50.053
53.608
59.995
59.97
59.97
39.828
59.992
35.612
55.694
23.614
40.701
35.872
56.226
46.541
53.851
35.693
50.63
45.049
46.073
47.892
47.112
49.059
45.752
48.737
44.584
51.575
49.008
15.526
33.445
53.661
51.041
38.249
54.947
27.135
9.4804
0.017004
17.6
0.017217
14.918
0.12674
22.599
7.7738
34.506
19.415
15.535
19.413
31.053
7.7753
23.675
26.758
37.517
21.93
30.023
19.178
25.439
6.6758
24.01
0.0025036
10.442
18.703
8.8597
0.0012696
0.31986
7.7685
28.533
7.7704
27.169
1.9411
0.37826
1.8237
0.37701
0.0044381
0.12665
0.60871
0.73782
0.4906
0.24632
0.48904
1.68
0.0078666
2.9086
0.0099939
0.0085185
0.49749
1.943
0.85971
0.013391
0.012964
0.012328
1.288
0.010201
7.6277
0.3939
0.0081286
0.0089363
0.011643
9.271
2.4168
19.431
9.0999
26.515
14.567
26.346
0.008563
0.012259
4.8308
9.4502
11.006
11.656
0.12755
0.42343
0.015498
0.16444
0.30456
0.65977
1.1435
0.77782
16.34
5.3818
56.394
9.4493
0.2191
16.062
17.861
18.244
26.011
47.148
57.745
52.923
38.36
25.846
56.418
41.697
57.342
55.198
50.346
58.051
44.86
32.754
48.847
14.737
39.623
22.416
55.273
47.308
44.523
23.491
57.291
29.8
31.983
43.427
31.947
54.722
14.065
42.363
12.9
50.807
29.591
0.36868
0.32703
0.31707
0.3766
0.22598
0.33496
0.28543
0.18442
0.20227
0.13729
0.25174
0.24382
0.16858
0.12693
0.11902
0.07536
0.064027
0.06663
0.050647
0.052036
0.051856
0.16062
0.075169
0.060029
0.05845
0.054643
0.096603
0.067835
0.083013
0.066438
0.099411
0.063645
0.056031
0.055852
0.12374
0.066243
0.062444
0.059537
0.14836
0.13525
0.11268
0.11712
0.093299
0.067454
0.15585
0.27542
0.1923
0.1398
0.26755
0.16442
0.16192
0.21018
0.41029
0.3508
0.24328
0.2575
0.23386
0.22721
0.17798
0.21366
0.2026
0.18905
0.15335
0.099202
0.12934
0.078551
0.11122
0.081068
0.2458
0.22971
0.066222
0.12913
0.29123
0.25434
0.21011
0.19655
0.16518
0.19405
0.20155
0.18922
0.17192
0.11753
0.061597
0.13504
0.058513
0.061442
0.15316
0.16942
0.0599
0.14705
0.063294
0.10782
0.063895
0.098989
0.062645
0.05273
0.061413
0.058322
0.06224
0.062664
0.057154
0.03518
0.055213
0.045351
0.060788
0.05547
0.059555
0.057071
0.058304
0.054628
0.065127
0.065752
0.05038
0.058033
0.06437
0.11101
0.093087
0.066984
0.074952
0.067639
0.057679
0.053962
0.053336
0.052105
0.048997
0.049623
0.049537
0.050854
0.052943
0.057191
0.052106
0.046515
0.05043
0.051885
0.056029
0.046727
0.044203
0.047372
0.040223
0.045486
0.055516
0.045858
0.054679
0.046514
0.036638
0.055678
0.044417
0.033073
0.036846
0.05551
0.037058
0.019085
0.037271
0.026569
0.037591
0.025334
0.027425
0.017187
0.033819
0.022865
0.031187
0.026674
0.020954
0.021629
0.018229
0.022188
0.031938
0.024794
0.00857
0.01916
0.0043015
0.0069804
0.0040751
0.0067538
0.018482
0.010606
0.005421
0.014898
2.172
0.01244
4.3384
0.0087863
8.6728
0.0063009
0.025545
0.040968
0.017249
0.015459
0.028177
0.048118
0.026296
0.039834
4.3408
2.1735
0.0087566
8.6744
2.164
21.676
0.013564
0.011212
0.012898
8.6739
0.023806
0.017143
0.015915
0.010546
0.03344
0.041129
0.022529
0.033503
0.036072
0.027047
0.020658
0.023306
0.016582
0.01423
0.049587
0.052993
0.032689
0.041714
0.050229
0.045289
0.04589
0.044447
0.04804
0.045338
0.042657
0.043022
0.041927
0.052579
0.044934
0.04876
0.037314
0.035379
0.038432
0.037682
0.039227
0.031555
0.040049
0.035938
0.046652
0.044045
0.035367
0.033462
0.037286
0.029655
0.033477
0.027808
0.025812
0.035409
0.031577
0.027768
0.02392
8.6535
0.019904
10.83
2.1688
0.021924
0.015862
2.143
0.013449
23.855
28.216
30.366
54.946
43.378
34.728
41.181
36.877
15.163
10.834
17.345
21.704
30.346
17.34
41.145
28.178
21.678
17.343
28.175
23.844
47.771
56.901
54.994
58.737
59.347
57.516
58.726
57.483
52.743
47.904
56.851
55.608
54.976
49.984
56.862
52.176
53.723
49.363
54.051
51.238
37.904
39.871
41.48
39.061
37.463
35.047
32.658
35.859
36.675
43.078
33.446
31.463
53.529
53.102
45.496
51.11
48.725
44.709
49.512
25.048
22.333
23.59
19.702
20.959
30.019
26.263
11.808
17.071
7.9652
15.697
3.202
13.066
9.1763
10.435
6.5453
0.012898
0.017275
0.015746
0.015787
0.014258
0.0069473
0.01277
0.011324
6.3803
0.01141
1.5893
0.02021
0.014299
12.756
6.3844
3.1747
0.0055973
0.0099683
0.002632
0.017234
0.0099226
0.0041091
3.6857
0.0017687
0.0024394
6.3723
3.1867
0.0084806
0.0018328
0.0069929
0.0025678
23.533
12.768
17.558
9.3761
15.954
14.439
15.965
17.547
39.132
32.691
20.857
18.328
31.93
27.388
30.337
23.721
20.756
20.745
42.686
45.613
38.065
42.305
37.314
57.021
32.721
42.902
27.939
28.315
24.89
28.502
37.877
33.284
25.547
22.349
11.175
7.9772
9.8624
1.594
4.7251
0.0026677
9.6542
0.001897
19.513
4.9323
19.096
4.3078
19.945
18.751
24.988
9.9567
19.93
9.9893
19.721
54.645
19.304
9.4454
23.818
4.0997
24.026
33.886
54.981
34.51
24.86
34.719
37.502
39.919
24.923
34.942
24.955
39.984
47.12
49.906
32.533
34.877
41.72
49.988
27.751
34.91
42.283
46.553
46.904
52.643
54.989
55.976
46.314
51.338
46.501
34.844
58.758
56.595
59.831
58.425
35.99
40.218
37.128
41.763
45.471
10.839
58.269
58.445
59.364
57.956
55.613
58.737
56.394
56.081
54.518
53.27
47.644
51.862
55.146
51.859
49.52
53.738
53.813
47.731
54.987
53.734
50.104
48.899
59.684
57.802
57.488
55.926
40.242
34.635
52.674
44.332
36.821
43.244
50.073
54.946
10.842
15.177
34.679
41.082
17.34
10.841
28.126
17.342
34.595
30.312
36.758
34.894
43.074
34.732
36.773
41.096
40.557
32.215
23.803
30.272
45.357
37.015
15.174
23.786
15.136
8.6713
21.666
21.622
17.297
27.19
23.785
28.109
31.9
23.873
25.157
28.673
20.42
26.39
31.566
31.876
17.13
21.623
19.195
23.558
18.848
24.834
16.314
15.358
21.185
3.2654
16.321
20.757
18.239
28.152
11.558
17.027
20.991
12.128
23.08
14.218
31.819
22.956
43.924
40.836
46.396
38.981
36.51
30.352
48.14
43.001
51.34
53.811
55.047
59.99
46.395
53.811
51.339
57.518
57.517
59.991
59.377
53.81
55.556
55.046
44.545
47.631
50.416
50.103
35.584
35.274
55.051
48.253
42.688
40.217
51.961
46.708
57.833
56.862
50.719
51.123
54.787
41.532
54.754
58.753
59.99
59.99
59.99
49.809
59.991
54.851
49.841
39.821
49.873
39.854
54.884
39.886
39.951
34.975
39.856
49.506
39.648
34.302
39.439
54.021
39.231
34.093
59.983
49.298
54.949
54.916
59.99
49.971
59.987
54.436
59.983
59.989
59.972
59.991
54.853
59.974
59.97
59.987
59.974
59.983
59.995
59.996
59.974
59.984
59.983
59.987
59.974
59.961
59.98
59.991
59.976
59.434
59.984
59.991
59.991
59.981
59.207
59.989
59.99
54.818
59.989
59.99
59.989
59.99
59.991
59.976
58.754
59.99
59.991
59.985
59.991
57.92
59.984
58.929
59.467
59.973
59.445
59.971
59.98
59.981
59.988
59.99
59.977
59.959
59.974
59.962
59.966
59.97
59.968
58.959
59.97
58.986
59.973
59.551
58.916
59.967
59.963
59.964
57.233
58.873
57.836
59.452
57.775
58.877
57.291
58.905
57.856
58.932
57.237
55.623
57.829
55.485
57.382
55.635
57.318
54.513
57.275
55.596
57.389
54.206
57.905
53.994
57.897
58.944
57.36
58.937
57.928
54.07
58.964
59.482
57.402
56.365
58.967
57.913
58.959
59.475
35.181
45.243
41.843
51.905
15.325
30.616
40.143
23.419
20.157
2.8775
26.82
21.72
46.805
36.744
48.505
43.406
53.467
48.368
21.49
41.706
58.755
50.068
47.632
50.104
59.477
56.729
29.619
37.015
7.4302
28.382
5.3545
15.058
27.418
30.082
34.081
35.044
8.1637
15.365
10.096
3.3757
2.0995
7.6847
16.293
23.689
10.559
12.477
16.012
16.242
13.447
7.6919
11.842
7.6727
7.1486
2.9791
9.6031
10.573
12.192
0.79067
3.3984
2.8048
1.1152
0.97293
12.114
6.7174
18.873
14.255
7.4978
0.89896
5.7215
10.34
8.3956
11.41
0.017964
0.0086174
0.01267
0.0053909
0.010727
0.0058982
9.6102
3.3289
0.0077555
0.0065499
0.0071403
0.0068764
0.0077826
0.013993
0.016022
0.011845
0.0083588
0.0095082
0.0083937
0.012779
0.010738
0.01065
0.0086353
0.0096146
0.019892
0.0094823
0.014755
0.0098052
0.0099429
0.0091951
0.0092381
0.0098911
0.007103
0.008082
0.0068588
0.0074292
0.0050177
0.0065605
0.018744
0.015536
0.010268
0.0073795
0.021586
0.024341
0.011316
0.0076558
0.007094
0.017094
0.0061735
0.0068262
0.0052942
0.0052556
0.0040803
0.0040884
0.0043663
0.0038037
0.0053443
0.0047373
0.0056122
0.0050382
0.01573
0.0064664
0.0084925
0.96712
0.0037433
0.0031905
4.8037
0.0035081
3.8479
0.0040293
6.722
8.6515
11.782
15.137
2.3602
0.0025484
4.7155
4.3271
0.0031713
0.0034232
0.0028343
0.0019604
2.1641
0.0013453
4.3255
0.0016228
12.419
10.813
2.1629
0.0025157
20.124
17.3
2.1689
0.0031822
4.3248
4.3369
0.0065419
0.0061091
0.0047546
0.0058768
0.0068149
0.011402
0.0023023
0.0049825
0.0020758
0.0038617
0.0094122
0.0065797
0.016239
0.012351
0.014342
0.0075148
0.013393
0.0070064
0.039157
0.029702
0.039581
0.032437
0.02508
0.022345
0.030122
0.030441
0.022024
0.021075
0.020033
0.017783
0.015198
0.012259
0.010361
0.0083712
0.0061529
0.0063882
0.023274
0.020436
0.024868
0.022124
0.024656
0.026584
0.022184
0.023305
0.022557
0.027264
0.014473
0.059134
0.0095295
0.024463
0.059559
0.05522
0.035409
0.081806
0.04426
0.034271
0.044442
0.024645
0.016886
0.014837
0.022133
0.018905
0.025008
0.054614
0.029285
0.024447
0.06056
0.035362
0.054977
0.055159
0.063138
0.06376
0.1831
0.054081
0.066352
0.071592
0.16612
0.065834
0.034816
0.034634
0.20715
0.059519
0.074903
0.057436
0.10107
0.091359
0.06021
0.060676
0.22869
0.19533
0.084613
0.12049
0.21918
0.14966
0.17587
0.058446
0.1302
0.061419
0.15941
0.054043
0.054353
0.055585
0.05574
0.057281
0.058668
0.058978
0.052656
0.068157
0.091343
0.097319
0.048026
0.046482
0.11374
0.10403
0.051696
0.050959
0.13324
0.065219
0.051114
0.071152
0.055085
0.053318
0.077331
0.015823
0.088583
0.012163
0.067148
0.042185
0.079231
0.027162
0.099698
0.0077623
0.073128
0.085585
0.019938
0.039748
0.023219
0.011127
0.023879
0.025023
0.025376
0.024255
0.018197
0.095163
0.011093
0.046541
0.011041
0.097073
0.015446
0.016571
0.016529
0.1251
0.020886
0.016477
0.019854
0.022011
0.020976
0.023328
0.023138
0.017702
0.022184
0.01457
0.11326
0.026657
0.025484
0.085
0.03092
0.037289
0.08668
0.13274
0.10213
0.095359
0.10917
0.10726
0.049866
0.079904
0.058933
0.11299
0.08307
0.072926
0.071007
0.10283
0.13082
0.13552
0.1149
0.088838
0.11874
0.12005
0.070108
0.095244
0.12701
0.037529
0.046484
0.036356
0.083896
0.10893
0.094029
0.10538
0.054265
0.14865
0.12807
0.080242
0.15345
0.152
0.13942
0.065493
0.10415
0.019904
0.061059
0.077629
0.1017
0.11549
0.083077
0.09159
0.069837
0.081457
0.037875
0.05192
0.033194
0.042965
0.04016
0.018597
0.02851
0.01386
0.016691
0.024317
0.015941
0.02241
0.021103
0.024074
0.019197
0.021703
0.017891
0.018491
0.060874
0.055437
0.027401
0.041047
0.068665
0.063218
0.045311
0.048828
0.075565
0.059994
0.039875
0.032093
0.025073
0.021965
0.017603
0.026326
0.021917
0.023043
0.026412
0.020489
0.017784
0.016477
0.014111
0.015277
0.013263
0.011348
0.011741
0.018894
0.01113
0.021145
0.013863
0.012556
0.010451
0.01203
0.0080746
0.0074636
0.022968
0.013787
0.019908
0.98127
0.14119
1.9441
0.025202
0.019082
0.028262
0.021025
0.010218
0.014818
0.0099082
0.018088
0.010528
0.017069
0.022381
0.021299
0.03244
0.026319
0.03134
4.0896
5.7324
16.291
0.032302
4.803
8.5282
13.838
0.027687
0.017875
0.031745
0.02557
0.031905
0.029618
0.015546
0.018739
0.015623
0.030822
0.011707
0.012731
0.013586
0.012567
0.013824
0.013178
0.013537
0.012891
0.014246
0.014677
0.013868
0.014434
0.013266
0.014147
0.023183
0.030743
0.023106
0.032908
0.020758
0.015367
0.030665
0.023895
0.029012
0.029169
0.028263
0.4767
0.026454
0.025435
0.031726
0.030783
0.033768
0.026612
5.7611
0.99145
7.9011
16.651
11.108
16.825
16.304
16.387
11.216
13.934
0.025706
4.3246
0.023149
0.024073
0.028461
0.029414
0.020432
0.026454
1.9446
2.663
9.5727
10.286
13.384
13.795
15.172
11.958
15.587
16.121
9.0741
3.5906
12.076
8.1464
13.642
14.279
0.024796
0.022777
0.027835
0.031434
0.03397
0.02299
0.03338
0.034285
0.015217
0.028317
0.019583
0.033684
0.02964
0.021602
0.031742
0.027144
0.025125
0.026298
0.015539
0.0175
0.018081
0.017121
0.037656
0.025731
0.022217
0.016296
0.047243
0.033223
0.015383
0.016141
0.017345
0.01516
0.016966
0.014179
0.019255
0.014558
0.016364
0.016062
0.015004
0.017236
0.014402
0.015654
0.014848
0.014023
0.025999
0.019304
0.015977
0.015984
0.030793
0.023496
0.035368
0.025964
0.015985
0.016264
0.086421
0.11427
0.06849
0.070564
0.054093
0.059702
0.042669
0.040161
0.12438
0.12561
0.084249
0.081983
0.13818
0.093204
0.097826
0.075285
0.075006
0.11538
0.10732
0.11872
0.091485
0.093391
0.061405
0.059111
0.056615
0.047743
0.044736
0.037921
0.11429
0.10098
0.10289
0.094013
0.065994
0.070784
0.11682
0.089575
0.076807
0.11239
0.10352
0.077862
0.069547
0.060676
0.02408
0.049295
0.044956
0.037096
0.045299
0.032757
0.033582
0.01585
0.017277
0.015733
0.015315
0.014334
0.014713
0.023621
0.030368
0.015471
0.015694
0.028291
0.029735
0.024905
0.021392
0.020202
0.016452
0.023652
0.014869
0.015627
0.020567
0.025001
0.0201
0.027103
0.024247
0.028451
0.027697
0.026769
0.0098401
0.0078327
0.022537
0.047652
0.03627
0.023666
0.031932
0.017752
0.024406
0.10096
0.079893
0.072041
0.079179
0.067104
0.059836
0.056338
0.048478
0.11492
0.099077
0.092017
0.11302
0.10847
0.093698
0.098584
0.091325
0.1131
0.11548
0.091254
0.079068
0.048472
0.067703
0.037504
0.055513
0.034809
0.043305
0.020956
0.031928
0.10696
0.11066
0.10577
0.10333
0.095173
0.11481
0.091258
0.084215
0.11785
0.092467
0.073258
0.051342
0.081509
0.0623
0.070552
0.059594
0.022464
0.021345
0.021471
0.031113
0.023222
0.025482
0.026974
0.036743
0.020837
0.042364
0.032602
0.015972
0.03822
0.024436
0.016605
0.043849
0.047983
0.026537
0.023356
0.023842
0.02273
0.02097
0.023812
0.019608
0.025914
0.023058
0.025703
0.019571
0.014582
0.014072
0.024334
1.1184
0.025835
2.7703
0.02996
3.8648
2.2129
6.431
5.1662
0.011957
1.0919
12.35
4.1464
0.014706
0.020208
0.0092072
0.031461
0.035587
0.049477
0.58124
0.053615
0.059244
0.055105
0.064874
0.041213
2.1092
1.1386
2.2331
2.9714
3.523
7.6606
15.22
7.6958
5.8674
12.895
21.647
22.682
9.3201
19.326
17.006
19.895
21.944
11.653
19.86
17.094
25.153
10.005
5.4112
10.556
6.976
9.4943
9.8722
9.743
12.197
14.516
13.975
16.295
16.836
13.821
19.658
14.714
16.648
20.498
18.935
12.082
15.925
14.642
17.488
8.7805
11.302
11.832
13.862
8.2258
10.024
10.273
12.052
11.552
12.582
3.885
2.7905
5.5167
8.7558
0.017038
0.56104
0.012806
0.012173
0.020637
2.7501
1.4927
5.9412
3.8446
6.961
6.054
7.1485
7.7059
7.6857
0.015908
4.402
0.01335
5.4966
0.0080763
0.020004
0.7482
0.015772
0.012445
0.023603
0.0098863
0.020275
0.018623
0.02118
0.010791
0.017718
3.7261
0.01516
5.2155
0.016064
9.808
7.4281
6.0338
1.3571
12.612
10.975
15.244
14.922
15.61
15.77
13.892
13.112
14.392
13.362
15.239
15.066
17.223
15.765
28.244
29.875
20.614
26.841
30.216
24.144
24.488
31.475
22.659
17.861
22.382
30.143
27.802
27.457
32.16
27.707
33.885
31.826
39.053
36.992
36.905
24.038
18.551
19.584
20.724
24.833
23.004
18.895
20.035
28.491
25.522
18.206
19.69
20.38
23.565
27.372
22.033
29.961
21.19
24.251
21.758
20.274
23.252
13.002
19.346
19.24
21.069
21.414
21.343
25.187
23.161
14.084
20.547
23.016
19.135
16.021
17.583
24.463
21.189
28.313
23.446
23.624
28.813
27.473
18.62
26.272
25.987
19.135
24.015
13.043
18.363
15.554
20.62
16.009
12.398
10.756
24.3
5.4127
10.234
16.849
22.328
16.347
22.043
16.032
19.393
23.434
7.71
13.803
0.068546
0.068546
1.7561
4.9009
13.301
0.068546
10.255
3.4438
7.6828
21.127
10.722
15.874
10.62
15.918
36.928
36.887
26.423
42.14
30.756
40.857
34.351
26.38
26.478
31.675
30.069
10.665
10.734
21.171
21.237
21.26
15.985
23.223
15.974
26.489
21.226
21
30.413
31.099
34.008
26.847
34.701
24.359
36.259
27.821
32.796
33.771
31.944
41.352
44.107
44.748
6.421
14.483
27.164
17.944
32.999
17.363
33.62
23.703
34.717
25.442
31.494
45.168
32.042
26.583
31.305
35.023
30.945
38.717
36.009
28.796
26.736
24.545
23.385
22.972
23.913
32.841
25.75
27.632
26.691
24.854
26.309
29.514
37.861
25.795
30.305
28.573
30.599
29.091
22.06
32.445
24.94
38.206
33.134
41.035
33.427
38.792
34.082
41.622
32.246
42.415
33.187
41.519
34.128
47.97
40.182
39.637
35.964
37.846
35.069
34.168
38.276
48.097
49.561
37.543
36.811
52.352
44.726
43.994
46.633
51.178
47.365
51.91
48.83
52.726
50.445
43.262
49.713
53.289
48.911
53.097
53.407
53.866
55.281
56.306
56.646
53.244
51.356
49.464
52.497
51.259
48.498
49.757
54.436
52.312
53.099
52.179
51.932
53.052
53.189
53.362
52.897
53.144
52.269
49.817
52.668
52.431
52.978
53.289
52.933
52.941
52.859
29.955
47.853
50.764
35.832
52.055
49.761
51.979
51.051
51.854
51.233
51.365
48.643
51.425
46.107
51.544
48.936
51.736
46.694
39.086
49.523
40.578
47.574
33.549
44.876
38.499
46.4
52.165
52.357
35.609
39.726
37.332
41.45
41.404
41.785
35.273
45.233
32.083
32.255
39.682
38.338
31.978
27.814
28.942
27.18
40.061
36.278
25.303
16.29
29.152
21.698
16.295
20.45
16.117
22.064
16.647
16.491
16.82
20.084
16.642
25.291
19.718
26.904
33.529
32.612
29.738
20.769
26.511
36.238
17.168
16.637
17.341
16.811
8.6366
16.099
23.369
36.107
31.678
25.092
30.665
37.96
34.109
27.306
34.134
28.277
41.964
31.222
32.387
37.25
38.049
43.127
46.85
44.849
46.954
43.174
42.935
40.022
39.019
42.417
48.791
46.572
35.234
36.304
45.879
43.938
27.772
44.133
39.052
26.702
23.391
8.8533
32.193
27.405
20.938
6.3822
35.137
28.475
17.337
15.811
24.543
17.688
11.432
16.003
17.867
4.0285
13.646
3.153
13.55
5.9491
13.359
17.893
15.524
18.592
15.21
18.97
8.6445
13.263
11.336
17.253
0.46568
6.0575
6.2739
8.932
3.8536
4.818
0.57397
7.6993
3.3697
3.5038
11.097
11.193
6.2876
10.591
12.612
7.9936
14.958
17.23
12.635
15.954
20.647
19.576
32.39
31.32
40.219
54.767
22.787
18.169
28.52
31.919
34.53
38.581
46.943
56.323
54.249
56.281
55.842
56.238
54.683
56.35
52.9
54.277
55.762
54.521
53.604
56.353
52.982
54.79
54.725
55.834
51.767
50.342
54.803
52.327
50.797
46.978
53.023
52.02
53.371
53.33
52.623
53.248
53.058
52.368
53.207
54.164
53.125
54.122
53.007
54.079
53.199
54.598
53.166
54.64
52.741
52.818
52.224
52.852
50.092
50.967
53.952
56.134
52.401
50.047
53.141
49.419
50.671
55.651
51.411
56.216
54.037
56.153
54.493
55.592
55.72
54.555
55.677
56.196
57.264
56.188
57.318
56.225
50.546
54.621
50.459
53.764
46.51
50.862
49.49
52.769
48.521
53.439
44.87
48.82
48.302
47.85
49.806
53.756
49.815
45.866
48.94
47.578
52.89
49.621
49.186
49.127
47.958
46.616
47.531
47.43
47.031
50.262
53.571
46.913
48.578
45.408
45.541
48.415
50.093
53.957
59.207
52.109
59.725
52.627
59.973
56.323
59.975
58.17
59.988
59.497
55.984
59.991
57.254
59.992
58.644
59.992
57.665
56.622
59.992
59.318
50.612
54.193
55.642
55.231
47.552
49.861
48.07
48.589
50.379
53.961
56.806
50.148
57.295
55.273
57.297
54.234
57.297
54.274
58.644
56.621
59.32
56.622
58.647
56.531
57.95
56.571
53.476
54.354
59.575
52.097
49.002
52.673
51.029
55.904
50.901
54.7
52.931
56.305
54.68
59.405
56.406
58.979
55.101
59.976
49.404
58.752
53.878
59.154
58.351
59.971
59.993
59.967
55.502
54.279
54.953
59.989
59.99
59.953
59.962
59.964
59.992
59.995
59.978
57.147
59.971
59.973
59.992
59.994
59.991
58.867
55.442
58.646
59.986
58.772
59.319
57.296
59.993
58.645
59.318
58.644
59.991
59.991
58.645
59.993
59.992
59.991
59.993
59.993
59.994
59.991
59.99
59.991
59.993
59.992
53.195
59.991
59.994
59.992
59.992
59.993
59.945
59.96
59.937
59.956
59.949
59.919
59.927
59.922
59.935
59.963
57.299
59.932
59.989
59.994
59.956
59.976
59.948
59.958
59.961
59.983
51.991
51.84
48.333
59.943
49.904
59.909
46.922
59.922
42.335
37.303
48.16
28.725
46.4
34.165
47.774
58.653
59.99
54.545
59.99
59.986
59.991
57.269
59.981
59.973
59.991
59.99
59.991
54.549
59.992
57.271
57.271
49.105
59.99
57.27
56.902
44.085
57.271
59.995
57.369
47.862
57.136
50.092
59.977
54.67
59.979
54.555
59.984
56.789
59.987
59.993
57.272
59.994
59.993
59.993
59.993
59.993
59.992
59.991
59.992
59.991
59.982
59.983
59.99
59.986
59.969
57.878
59.978
59.98
59.995
59.992
57.068
52.681
58.915
54.183
46.659
50.659
59.962
55.512
47.287
49.845
46.369
51.866
50.328
53.067
51.055
55.578
57.117
55.007
55.095
55.033
55.909
57.492
57.486
59.433
59.959
56.031
54.287
54.642
54.906
59.964
53.638
56.012
53.375
50.108
54.105
47.878
42.74
46.923
40.613
47.539
33.14
39.517
33.687
40.066
48.108
50.566
43.751
36.825
55.259
50.56
55.256
43.517
55.139
48.096
55.022
50.327
47.892
29.16
49.105
31.21
41.065
26.14
26.171
11.244
48.212
50.443
47.979
50.21
25.67
26.722
38.162
36.781
34.348
11.796
30.534
32.968
22.196
10.272
11.214
0.26155
14.247
1.2651
27.051
17.017
9.6102
19.424
2.2041
15.609
26.03
15.813
30.866
24.424
34.026
28.923
33.298
16.601
35.814
28.763
40.953
36.489
35.266
24.865
36.256
25.745
17.042
27.745
19.189
24.284
26.372
20.155
15.356
17.732
11.652
20.305
4.4751
19.475
3.7713
7.9489
18.524
15.067
16.557
6.7249
20.498
10.546
19.803
8.3994
9.8016
7.9122
11.162
5.1788
4.7402
9.0889
17.389
11.856
15.771
7.129
2.364
4.2454
2.6293
3.0675
1.6597
0.95608
0.2641
0.038846
1.0506
0.042702
0.13485
0.073421
1.3174
5.906
0.069564
0.61995
3.3328
8.3638
1.2215
2.0214
3.1615
12.898
2.7251
9.1945
2.4582
5.4912
1.7541
1.8515
0.35871
0.45611
0.17329
0.16943
16.287
7.2733
8.1658
5.1638
20.261
26.266
0.09277
10.196
13.198
4.0989
5.246
1.1885
4.191
0.15034
0.077284
0.13872
0.081178
0.14258
0.050468
0.058182
5.8271
0.054325
0.088913
2.1613
7.1936
0.062047
1.0987
1.7113
3.3892
14.111
0.89499
0.091049
0.047257
0.047257
2.5853
0.047257
7.5627
2.1249
6.6966
1.7683
9.1856
9.9947
19.906
20.717
10.808
15.962
12.486
27.66
12.863
23.191
13.3
9.7651
9.7647
13.896
11.679
10.797
8.3771
12.336
7.7145
6.5921
6.6969
16.167
19.829
16.503
8.7941
27.491
34.215
39.658
15.999
31.491
24.02
20.093
23.66
19.06
23.829
25.295
19.289
22.291
17.259
10.281
16.284
8.2511
23.265
20.255
13.274
40.938
22.292
37.217
29.268
40.937
32.271
32.769
28.297
49.106
38.19
46.382
38.213
44.098
28.2
40.123
35.18
47.099
54.55
43.125
54.548
46.135
54.55
54.547
49.102
46.381
35.658
54.546
46.379
49.101
35.826
38.213
46.38
43.825
28.164
40.161
24.165
27.996
19.998
39.993
31.995
36.33
45.044
32.331
24.333
44.657
41.423
52.898
42.428
29.693
22.339
27.463
7.374
39.93
39.919
21.491
15.99
45.919
31.961
33.943
36.455
43.935
25.989
35.006
40.894
48.649
44.174
41.944
41.176
22.011
43.986
34.686
25.913
19.984
25.96
21.984
19.973
14.015
24.514
16.02
15.991
0.042962
7.0292
10.931
18.515
14.475
21.825
0.052818
6.8446
16.481
11.212
25.949
19.961
9.9995
13.992
4.0236
8.0166
20.484
10.017
29.476
19.01
35.449
16.996
27.959
27.947
18.661
11.494
26.459
8.005
6.6972
4.7351
3.7911
0.022983
3.6964
0.026189
12.5
2.032
0.036255
0.035802
11.024
0.03395
21.955
0.037155
0.042212
0.0326
4.0442
0.043562
0.96186
3.7904
1.9038
0.98198
0.032144
0.96141
0.041762
0.035352
0.044514
0.047257
0.044963
0.045861
0.046315
0.033503
0.04266
0.5555
0.044017
0.046767
0.047218
7.9937
0.048125
2.0299
0.062076
0.079423
0.052618
0.075187
0.05221
0.057209
0.066161
0.083836
0.057456
0.066518
0.061916
0.070782
13.981
13.036
9.5473
2.5518
15.52
8.5414
8.0051
9.9881
2.025
4.0121
0.047601
2.0134
0.057278
0.087876
4.7236
0.088072
10.031
5.6626
5.7065
12.112
5.7633
22.718
17.966
5.1404
15.732
2.9061
0.074803
1.4988
17.419
10.969
0.079235
0.35512
2.4378
11.268
0.10113
0.10535
0.10977
2.3571
1.2871
7.7446
0.11841
9.0383
4.6533
24.145
12.261
30.638
31.195
9.1752
15.668
17.643
11.713
58.673
37.135
50.125
41.653
51.933
43.632
59.045
44.14
58.978
59.243
11.151
9.7279
21.853
53.053
59.137
14.061
22.972
16.225
24.703
18.205
59.177
48.609
30.765
33
59.569
59.283
59.482
59.616
59.546
59.636
47.494
22.563
56.401
59.23
34.114
36.348
55.286
59.27
59.071
59.442
11.834
3.7835
8.0687
4.9363
27.094
20.643
16.298
12.4
21.787
19.705
25.012
6.8067
30.319
15.338
29.675
15.18
39.702
26.322
10.171
14.332
44.17
50.844
38.023
31.461
22.43
22.991
31.348
35.246
16.723
23.726
31.959
29.51
59.741
59.764
54.198
59.429
59.628
59.362
59.697
59.535
37.468
25.208
59.698
59.575
59.336
58.637
59.549
59.376
59.762
59.676
59.64
59.61
59.758
59.749
59.711
59.675
59.725
59.561
59.741
59.668
59.762
59.828
59.801
59.871
59.777
59.89
59.82
59.886
59.796
59.884
59.839
59.815
59.871
59.921
59.932
59.887
59.904
59.911
59.918
59.831
59.852
50.843
59.907
59.848
59.9
59.867
59.806
59.859
59.87
59.805
59.871
59.828
59.899
59.833
59.864
59.873
59.836
59.809
59.865
50.749
59.842
55.848
59.842
59.829
42.518
46.453
47.616
43.322
59.823
48.423
59.798
58.666
25.246
36.253
43.051
57.546
33.122
29.503
26.858
23.112
38.222
52.716
33.496
51.974
31.632
35.812
55.876
57.638
36.807
51.788
54.479
47.483
59.969
48.478
30.516
23.522
57.975
42.993
36.992
29.005
48.59
45.91
34.006
27.993
27.019
41.984
37.935
52.267
51.904
56.948
45.939
57.913
39.971
49.944
37.97
43.975
32.002
40.011
44.5
53.485
34.012
41.004
55.908
59.916
56.387
59.887
59.622
59.909
59.896
59.926
51.944
55.949
59.967
59.982
47.005
51.496
59.975
59.97
59.97
59.965
59.978
59.974
59.972
55.305
55.045
37.417
38.031
42.287
59.973
50.836
57.646
55.313
57.012
45.649
59.98
59.974
49.945
57.654
59.944
55.321
46.813
59.414
59.981
59.991
59.973
59.979
55.986
59.976
59.977
59.978
54.993
59.979
59.98
59.977
57.953
59.966
57.496
59.985
57.993
59.996
59.977
59.937
59.994
59.38
59.989
59.995
59.984
59.986
59.983
59.989
59.988
59.987
59.99
59.993
59.993
55.989
59.376
58.76
59.982
59.985
59.983
59.985
59.984
59.989
59.979
59.981
59.983
59.976
59.952
59.969
59.982
59.985
59.984
59.98
59.979
59.983
59.978
59.987
59.971
59.978
59.979
59.985
59.94
59.921
41.199
51.609
42.928
49.316
59.97
59.931
59.966
51.446
59.855
59.898
59.965
59.972
59.932
56.245
59.917
59.904
59.909
59.874
51.912
59.925
59.875
59.928
59.885
59.889
59.895
59.862
59.964
59.892
59.893
59.88
59.937
57.844
59.926
59.957
59.951
59.954
59.943
59.922
59.929
59.902
59.943
59.923
59.932
59.929
59.839
59.876
59.868
59.855
59.886
59.918
59.909
59.899
59.853
59.863
59.878
59.893
59.844
59.94
59.937
59.907
59.914
59.961
59.965
59.871
59.866
59.896
59.858
59.883
59.867
59.865
59.873
59.854
59.868
59.87
59.883
59.891
59.899
59.952
45.057
59.923
59.945
59.955
59.961
59.869
59.887
44.669
38.664
49.317
55.71
59.942
59.9
50.183
36.53
59.964
39.773
53.654
34.259
55.71
45.058
57.845
57.845
59.973
59.973
38.664
42.928
59.903
59.899
59.966
43.242
25.872
32.266
30.136
36.53
51.457
49.322
45.058
51.452
57.785
55.716
59.904
59.927
59.912
59.876
59.923
59.913
59.891
59.897
59.925
59.91
59.879
59.894
59.917
59.931
59.905
59.753
59.254
59.569
59.921
58.461
59.658
59.798
58.982
59.789
59.902
58.166
59.386
59.377
59.916
58.421
58.092
58.645
59.015
59.528
59.2
59.672
55.547
58.973
57.394
59.119
58.974
49.134
55.456
59.488
59.159
56.938
57.353
57.538
57.217
59.912
44.579
58.833
59.245
58.026
58.57
25.677
55.591
48.974
35.812
44.602
24.851
57.741
57.638
42.384
18.563
37.99
22.651
29.694
23.014
38.162
31.483
42.407
38.012
17.209
38.597
35.934
42.614
55.546
59.933
59.911
59.908
51.174
57.763
49.289
55.568
18.859
30.129
36.369
32.266
44.837
48.996
10.926
32.833
13.07
25.872
44.219
38.255
32.7
17.242
55.941
40.969
50.47
32.4
25.698
10.823
19.433
6.2515
6.3033
32.458
23.449
18.998
3.3652
12.747
12.312
16.774
24.823
30.481
1.681
36.042
39.982
36.94
9.0675
28.463
1.5783
13.305
1.3697
28.165
48.949
43.932
19.99
16.645
12.411
20.586
28.961
51.913
38.461
47.429
58.905
56.642
42.946
54.422
34.966
49.937
59.907
59.491
59.907
59.939
39.45
57.917
33.977
24.228
45.453
59.437
44.464
51.456
59.914
59.926
59.921
59.931
53.432
59.93
59.977
59.055
59.919
59.952
59.957
59.971
59.944
59.958
59.925
59.948
59.935
59.937
59.924
59.927
54.953
46.974
59.947
45.095
36.637
29.362
30.219
17.344
22.376
23.738
19.474
23.738
59.967
52.096
48.758
41.771
59.97
59.953
59.962
59.959
57.651
56.033
59.964
59.992
59.955
59.968
59.936
59.967
52.229
59.169
59.965
59.954
59.96
59.946
59.958
59.951
59.968
59.988
59.962
59.958
59.99
59.988
59.963
59.982
59.375
59.987
59.95
59.963
54.95
59.988
59.989
59.987
50.9
58.758
59.991
59.378
59.99
59.993
46.839
53.609
54.952
56.905
54.298
54.394
49.825
53.075
45.446
49.92
50.226
44.808
50.627
47.516
52.93
55.619
57.521
55.616
55.617
56.904
54.692
53.606
58.757
57.52
43.726
46.803
43.726
43.861
45.351
48.601
53.209
53.607
51.578
51.577
47.623
50.07
44.088
44.318
47.583
48.808
45.58
46.535
57.692
51.159
53.858
55.025
51.979
50.986
50.889
49.897
47.719
49.8
51.941
55.273
49.76
55.274
46.495
50.968
45.406
49.88
48.792
55.482
51.009
53.265
53.25
54.599
57.296
55.273
48.672
53.146
52.17
48.892
52.576
54.598
52.761
58.371
53.62
51.574
51.938
53.511
53.209
50.903
49.562
52.841
51.65
49.628
53.442
51.419
57.52
51.481
46.881
51.8
57.937
51.907
56.839
52.528
59.58
56.477
58.761
54.812
59.379
55.43
50.831
56.718
51.501
55.749
59.986
56.419
59.99
54.78
59.04
59.977
59.018
59.979
59.976
59.997
59.992
59.997
59.997
59.318
59.995
58.358
59.993
56.744
59.995
54.851
58.639
52.974
59.586
53.811
57.424
54.481
56.476
52.542
51.597
51.186
59.443
56.746
54.047
52.249
54.774
54.947
57.549
56.335
51.506
58.372
59.996
55.673
59.997
56.036
59.997
57.28
59.995
59.996
55.529
59.175
55.797
58.228
59.981
59.988
59.996
59.996
59.974
59.975
59.979
59.983
59.982
59.988
59.982
59.99
59.986
59.985
59.991
59.994
59.993
59.993
55.958
59.979
56.493
59.033
55.167
59.992
55.434
50.61
34.175
49.172
54.826
59.989
50.079
59.99
40.697
50.87
51.137
59.994
40.961
36.4
51.668
41.755
56.753
58.735
57.009
57.472
54.005
57.512
52.513
56.384
51.925
42.012
51.397
59.445
39.008
48.012
33.014
53.532
42.038
51.542
39.056
27.167
27.173
31.05
46.704
43.559
48.599
38.81
51.017
56.019
46.517
53.034
45.021
48.032
50.417
54.526
50.548
52.04
52.769
52.595
51.545
48.981
47.567
48.558
45.215
46.84
49.057
48.561
47.565
47.069
45.577
46.076
52.146
50.905
53.145
52.937
45.758
45.351
47.519
47.247
52.802
51.312
54.834
55.146
55.176
57.65
56.674
58.119
59.459
59.023
57.618
55.144
58.086
54.599
44.775
52.441
54.66
40.424
46.95
33.136
51.63
49.506
45.535
58.991
47.295
56.218
58.054
52.543
39.663
35.312
53.628
37.868
32.757
42.689
42.219
44.394
21.5
40.804
28.787
42.945
49.886
52.062
25.794
45.194
16.26
3.5019
42.979
31.232
0.014877
10.822
12.163
0.42261
0.38078
12.038
0.016154
8.1399
9.4829
6.7993
21.119
30.581
24.055
13.578
7.7723
15.533
0.37952
3.8976
0.73907
3.8944
0.62096
7.7777
0.60988
7.7682
0.37436
3.8888
3.8901
21.021
3.8906
19.408
0.37576
3.8926
31.52
15.53
33.034
27.17
31.048
19.411
16.389
28.026
19.41
15.532
31.543
40.547
36.019
49.524
19.528
15.528
34.526
43.53
21.409
36.927
27.014
21.402
7.7695
18.017
22.519
16.522
20.615
36.14
25.963
36.407
21.142
41.495
41.228
51.405
26.23
36.671
19.668
40.17
35.082
50.346
33.701
54.335
38.855
49.663
8.6171
3.7059
23.858
39.337
24.34
34.665
24.831
35.349
9.8338
5.3546
5.0876
5.878
20.351
10.175
8.8206
0.0017045
20.084
9.3424
3.8915
9.0287
4.1792
0.001441
4.671
0.0021048
0.48568
10.966
0.33223
6.1451
0.31434
21.673
0.66495
12.016
20.875
10.702
11.233
6.9322
4.5104
25.703
6.4042
19.508
26.498
6.4121
0.27771
10.705
0.63148
9.0126
1.4076
0.37281
1.4602
3.8898
0.59223
0.22378
1.3292
1.821
1.5769
0.62802
1.3342
1.7158
11.5
0.25932
11.76
0.2414
0.0010967
0.12329
1.2145
0.29619
0.0023748
0.0019321
0.0036027
0.0042653
0.0040377
0.0015753
0.0054596
0.0022749
0.0039735
0.0047081
0.85166
0.68284
0.97156
0.64647
0.0039086
0.0096842
0.12797
0.61129
0.0098356
0.0046082
0.011282
0.0083469
0.0066403
0.0059367
0.0065997
0.0057637
0.24866
1.2161
0.85323
1.5787
1.3368
1.3655
2.4169
1.3471
1.6992
1.3115
1.6977
2.6666
2.0616
2.3037
2.4951
2.3989
2.8063
2.5465
2.7878
2.5478
1.5806
1.2183
0.97597
2.4256
1.7007
1.7035
1.3382
0.74157
2.3055
1.4618
1.8223
0.73627
0.73361
1.459
0.37156
0.73487
1.4632
1.2219
0.74032
0.97909
2.0631
1.8252
1.4644
1.3413
0.61687
0.85611
0.014454
0.61374
0.13526
0.018067
0.25464
0.25873
4.7515
0.13936
0.011478
0.015091
0.011264
13.001
0.013604
0.13165
0.0085213
0.0083055
0.0084253
0.0081106
0.010414
0.0093511
0.0084148
0.0087289
0.0097788
0.0086251
0.25151
0.49388
0.0088326
0.008726
0.0086223
0.0083264
0.0083647
0.12777
0.0083445
0.008286
0.24641
0.068085
0.30538
0.08617
0.29122
0.010411
0.016114
0.011027
0.023211
0.013034
0.0073311
0.012418
8.7019
0.013651
0.021979
0.0079471
0.026451
0.009795
0.023826
0.014882
0.022594
0.014267
0.00918
0.037698
0.036013
0.027683
0.068392
0.027068
0.035397
0.025836
4.8438
4.8442
9.4497
11.656
18.256
0.59928
0.9621
0.092406
2.9304
0.03987
4.947
0.068464
0.2456
0.26712
0.34584
0.0081488
0.067653
0.14043
0.44853
0.0082094
0.0090451
0.00805
0.0082658
0.011901
0.0091375
2.6286
0.010723
0.0080702
0.0078342
17.938
0.95565
0.27811
0.0079128
0.48251
0.47254
0.57527
0.66059
26.275
0.60069
4.5309
0.77863
15.25
0.24479
18.474
11.303
17.486
6.9972
37.572
26.547
23.489
21.969
41.519
32.91
41.247
48.417
16.351
13.989
0.83679
4.8314
12.116
0.30375
8.1795
24.478
0.59987
0.4817
1.0147
8.7683
1.1915
1.3729
1.0888
1.1328
1.1917
13.004
1.3106
1.4877
5.8166
0.83534
1.0648
1.2702
10.072
0.93806
31.418
11.877
0.81132
16.052
11.657
24.826
0.65396
0.37648
0.70864
2.4957
0.78068
0.8376
0.32183
0.62994
0.75668
0.52724
0.19509
0.40051
0.50323
0.2738
30.307
35.79
33.642
40.477
43.593
42.752
29.995
48.368
29.212
37.142
51.703
56.798
22.63
29.213
31.403
34.862
18.243
22.63
35.79
24.828
29.259
25.243
37.985
31.403
44.563
48.951
55.362
51.151
43.972
42.372
49.587
48.527
54.143
50.807
53.978
56.286
58.017
58.158
57.614
58.43
57.21
57.754
53.364
58.934
57.591
57.024
56.984
49.043
42.634
51.274
51.182
43.895
46.911
57.499
57.407
56.122
56.47
36.607
54.199
49.231
40.041
55.306
51.182
26.301
36.312
32.038
38.452
36.221
44.769
44.677
48.951
55.131
50.999
38.244
42.543
54.926
50.602
10.744
17.174
19.308
25.722
54.617
37.024
47.33
29.738
25.63
29.904
41.533
46.088
55.578
40.876
15.586
24.696
29.087
39.257
23.476
28.031
8.4276
31.818
14.235
31.648
9.1333
26.718
33.589
44.312
26.18
14.401
5.7077
15.995
15.074
21.196
32.153
8.7617
14.903
8.5954
8.2613
17.023
19.187
25.471
31.755
23.302
35.87
36.079
48.643
42.154
57.086
38.034
48.438
44.318
56.882
