59.9709433180985
59.9689575065965
29.8645163263298
33.5602331089711
59.9697425903527
59.9714125712777
59.9751480525477
59.982198510037
33.6872959869685
59.9697426862006
56.8404874705021
46.1932466807806
37.504098910837
59.972350486849
59.968117944082
9.29262595460702
59.968117944082
16.1483752921006
59.9826584343416
26.0660112240466
9.28949729874934
43.5265685848366
59.9689576113267
46.9822047156068
46.9831170393139
56.7223008936394
59.9685480317518
59.9697428755924
59.9701085180082
59.971412768757
39.5896329597729
59.9701079508165
59.9798406912928
13.4865682589992
53.5534601878297
43.6203178596398
43.5475470391149
59.9701084134549
33.5637585190624
59.9798387691279
26.8688434652159
13.485675107595
33.5608560672262
26.8693071179481
13.48618645212
6.79411400551216
46.9767443366683
13.528038078023
23.5223886755124
56.7587791782151
33.5601341559136
59.9685377701641
36.9064200185542
53.5498945768748
59.9746916750435
56.759320468758
53.5512463160881
59.9723504613093
59.9685377948758
59.974223504288
59.9685378425668
59.9737552101517
56.7102448961985
59.9765294808967
52.8626739351238
59.9807898574443
24.4921826059353
59.9779401261894
59.972818702725
59.980789177018
52.8788322426377
9.36261057189255
28.7420289021239
9.29412263390284
11.0185931162517
21.3181107761435
56.7287446080442
32.413077338287
29.8667527991343
21.2112104458602
19.5996970831531
37.4419204131544
59.9793638886366
59.9723503546924
19.6029513576571
32.4149228830819
4.10549277076429
4.10821155814196
59.9784143684768
59.9751482174712
59.9812649701043
59.975148154927
37.4513314090761
59.9826576938145
59.9728126259058
59.9737493930184
59.9737550577506
59.9756047005851
59.9826581456642
59.9793650895025
58.3141858919702
19.3962060179038
10.9965728425027
33.840102940714
5.83596644435767
23.2936102500862
13.4683702051964
6.76625924212486
3.45470484001234
16.7398179482994
26.8717161747741
23.4814299907941
33.4185951201885
26.7133766544739
33.4959444974296
36.9104612934833
56.6760890927117
53.5540575831275
36.6883900816861
53.4045766412743
46.6976855757836
59.9697624121781
59.968976892925
59.9723331105539
59.9714008324087
59.974223426338
59.9709319185113
59.9742233078968
59.9769986914108
59.9769954131275
59.9751441499807
59.9784176161597
59.9807921020573
59.9826555864217
59.979374200969
59.9756010420859
59.9751482716578
59.9765252743891
59.9779412830324
59.9779406442407
59.9784153616653
59.9709426811022
59.9701083312208
59.9714121805815
59.9723500375637
59.9742234007189
59.9728184692678
56.7611658308746
59.9685376826963
59.9701081113482
59.9709429385758
59.9765298268215
59.9737551263944
59.9756048148698
59.9765302238477
59.9769989362986
59.9779416663094
59.98265794506
59.9784148762025
59.9685378006257
56.759921645506
59.9737551826491
59.9728186308377
59.9765300213071
59.9779409348176
56.7602553599569
59.9685377425147
43.6166293902135
53.5518924574159
59.9697430507374
59.9689576571694
16.8316404572402
23.5237271592325
46.979153543574
33.5621105079396
53.5514196588682
46.9800792192838
6.79508402726422
13.3486558077541
36.9079275849293
23.5245864579649
43.6179174658204
36.9096525035792
3.41520376058909
13.4865186960519
6.72615258311535
26.8720620570473
16.7597681585145
3.4494897571598
3.44924727077571
6.79467965915028
26.8700294263265
16.8330294603097
23.5231059531566
16.8323280399254
3.44947048921428
13.4854369636199
6.79423310912095
36.9052661579152
23.5221726509583
46.9790442918324
36.90647451863
56.7598477619553
59.9714127690066
59.9689577410517
59.9709433738891
43.6163454217628
43.6148925749684
59.9697144711837
59.9689576818164
59.9709434419446
59.9697430161284
3.44888168199436
6.83715736884255
6.79504097499904
16.8318809263791
16.8315855841805
3.44922209703706
3.44951899430342
23.60675139374
26.86876222685
16.9586284715695
27.067920236045
37.1041134483384
43.7846571607995
59.9685178709482
59.9689276004239
59.968117944082
53.7165575636939
47.1998065782516
59.9689478514874
59.9746916750435
59.970042789649
59.9746916750435
59.970889822456
59.9755983399039
59.9727910403257
59.9765215313332
59.9737418736328
59.9779382569054
59.9737340729997
59.974209888393
59.9751471386469
59.9742167917421
59.9746916750435
59.9751480463213
59.979370096549
59.9746916750435
59.9769979077509
59.9756044744211
59.9798381862747
59.9769967959175
59.9784117177027
59.9831165059858
59.9765293878148
59.97794058964
59.9793628248856
59.9793633510874
59.981264178312
59.979363540552
59.972350667474
59.9701084853485
59.9723172757468
59.9713635634201
59.9756044111623
59.97652933611
59.9728187127056
59.9713799177879
59.9742234716377
59.9742234597658
59.9737552822685
59.9728046243456
59.9756045853766
59.9751480725037
59.9769984133558
59.9756044263546
59.9779404343544
59.9769980895035
59.9784136120851
59.9784139784842
59.9798392814901
50.7051792067762
58.3464355714652
59.9821991047116
52.9033955349463
44.0297725140444
46.2697509233782
46.2656191588187
39.6225434521575
33.8548439613999
39.6267809353507
37.455435244021
50.6506628659915
39.5026870233039
43.9925695793147
26.0619456033449
37.4500125311231
16.2015033360627
59.9798366894406
59.9822193918017
59.9826573363653
59.9807898923423
58.3500859134783
59.9821991565518
59.9812636436319
58.35447190997
59.9826580806676
56.7139491658294
39.5178428569654
59.9831165059858
59.9808037813745
59.9826776520902
56.7141507322563
52.8648835365944
50.7017287909138
46.2421292478502
16.2775931328719
44.0004492012834
50.6547618914633
38.791314103996
43.9439702417861
33.7624203131154
37.3138344938905
33.8173915344925
33.8464568127399
29.9079095161525
32.400497040012
26.1087882912415
29.8642650890371
32.3822856707638
28.8340322134139
24.5925196944275
28.7446550833963
14.5921867532334
11.0693277731487
4.12990573469412
19.7181543929596
19.6003002871301
14.4769088024851
5.86103589988014
14.476630482592
5.83580694766939
11.0206274639353
9.29588022911098
14.475384902188
24.5008861044168
28.7465046745481
21.2655026260519
26.0573007512092
16.2078862664244
24.4985655362969
32.4212412688031
29.8613876704721
21.2666350464112
26.0638093002171
16.2112661595746
21.2761466326305
14.4831390316
16.2142640454027
5.83349428009263
11.0238817384393
4.10549277076429
4.10549277076428
11.0271360129433
14.4832646502463
5.83662293595029
5.83349428009266
5.81790779038384
19.5247687265009
9.2944416272794
16.1258062746563
2.71211153631259
14.4282920706459
9.26143863862916
32.409743079654
37.426342634405
28.738699306551
19.5827037038667
24.5016625601438
19.6092086693724
29.8677706008337
28.7452831766279
26.0640605375097
28.7485374511319
21.2697637022688
24.5019454294472
59.9807905572597
56.7284002374873
44.0246448638849
39.6178738071584
33.8358989615866
33.8460962901322
52.9022063728251
59.9822000597639
58.3557583717365
58.355768131203
50.6999088127388
50.7043167120261
59.9807912113221
59.9793644606636
59.9812656703572
59.979839930631
59.9821996242429
59.9812663170458
58.3523927605466
58.3561985440138
52.897731814924
56.7283878393734
46.2500877137343
46.264838788119
39.5859396112332
51.758389598093
44.0204753819924
43.9731059849159
32.4099053579641
50.6991785461232
59.9798480028493
59.9812672671106
59.9808135142914
59.982200671591
46.2039056910374
50.638727290684
59.982213693126
59.9812803915675
46.2899075072518
56.6614617492554
52.8295471188111
44.0130666720296
39.7004262655119
33.9754364173248
29.411135925127
12.3971115730306
2.97798692882674
29.8612941449317
32.4723738395622
25.953156597599
28.0033919967554
24.3949602674475
14.2079321821936
10.9847612224005
6.15990710005018
9.24271482783426
4.10822813065468
5.8074189447498
2.37749126143593
6.25299057967254
4.09769952590989
4.0976995259099
