4.69097947660319
4.69097947660319
4.69097947660319
4.69097947660319
4.69097947660319
4.69097947660319
4.69097947660319
4.69097947660319
4.69097947660319
4.69097947660319
4.69097947660319
4.69097947660319
4.69097947660319
4.69097947660319
4.69097947660319
4.69097947660319
4.69097947660319
4.69097947660319
4.69097947660319
4.69097947660319
4.69097947660319
4.69097947660319
4.69097947660319
4.69097947660319
4.69097947660319
4.69097947660319
4.69097947660319
4.69097947660319
4.69097947660319
4.69097947660319
4.69097947660319
4.69097947660319
4.69097947660319
4.69097947660319
4.69097947660319
4.69097947660319
4.69097947660319
4.69097947660319
4.69097947660319
4.69097947660319
4.69097947660319
4.69097947660319
4.69097947660319
4.69097947660319
4.69097947660319
4.69097947660319
4.69097947660319
4.69097947660319
4.69097947660319
4.69097947660319
4.69097947660319
4.69097947660319
4.69097947660319
4.69097947660319
4.69097947660319
4.69097947660319
4.69097947660319
4.69097947660319
4.69097947660319
4.69097947660319
