-3.6506
-3.6506
-30.825
-3.1359
-3.1731
-30.663
-34.944
-70.604
-13.783
-4.3396
-2.7977
-2.8516
-3.7078
-4.3396
-3.479
-5.38
-2.7437
-10.382
-30.898
-3.1359
-22.667
-30.692
-30.747
-30.663
-22.782
-30.982
-30.825
-30.92
-5.9023
-31.856
-2.7977
-53.663
-3.3646
-63.07
-8.9179
-4.3395
-9.9062
-10.386
-8.9177
-2.7977
-3.021
-3.6506
-4.6468
-2.8516
-2.9632
-3.479
-3.6506
-5.429
-34.942
-3.6506
-3.7078
-3.479
-3.3075
-3.6506
-3.5362
-3.3647
-3.173
-2.7967
-3.1931
-3.021
-3.0186
-2.9633
-9.8977
-3.6023
-2.7977
-6.8494
-13.782
-10.866
-22.663
-8.41
-22.664
-9.9066
-3.1359
-67.572
-67.574
-4.3397
-41.153
-25.714
-34.943
-3.1359
-9.9065
-30.692
-70.993
-3.3647
-41.155
-22.665
-42.932
-70.604
-60.434
-68.305
-53.658
-61.957
-70.994
-30.747
-60.429
-73.635
-25.797
-68.222
-62.835
-53.257
-31.878
-62.975
-68.354
-40.527
-68.308
-42.756
-40.535
-30.825
-55.49
-30.919
-47.285
-30.961
-30.604
-30.851
-30.825
-30.604
-49.275
-30.898
-33.096
-30.851
-30.982
-30.982
-30.919
-30.961
-30.982
-55.622
-30.773
-35.655
-30.919
-30.851
-30.747
-47.285
-68.351
-44.28
-30.692
-70.993
-25.717
-30.898
-49.275
-30.825
-63.072
-30.692
-30.663
-3.1732
-34.948
-50.536
-30.692
-4.3395
-4.6471
-6.8838
-10.386
-8.4091
-5.428
-41.161
-13.784
-22.667
-8.9176
-70.993
-13.783
-10.386
-34.948
-22.667
-16.7
-31.857
-25.717
-31.858
-9.9061
-5.4277
-6.8836
-9.9062
-5.9018
-5.9015
-8.9176
-7.3922
-3.021
-6.8841
-7.3928
-5.4282
-9.9063
-5.9021
-7.3923
-7.3926
-8.4091
-8.4093
-31.857
-16.7
-59.38
-25.717
-67.576
-34.948
-34.947
-22.667
-16.7
-10.386
-22.667
-16.7
-10.386
-6.8844
-13.783
-13.783
-25.717
-31.858
-8.9182
-13.783
-25.717
-16.7
-5.4286
-13.783
-7.3931
-5.4285
-8.4095
-8.4097
-5.9026
-4.6472
-4.6472
-2.8516
-6.8846
-6.8849
-3.1931
-2.8516
-3.021
-2.9633
-3.479
-3.021
-2.9632
-3.6026
-3.1732
-4.647
-2.8516
-3.1733
-3.1359
-3.6027
-4.3396
-3.6027
-3.1931
-2.7977
-3.479
-3.021
-2.9632
-2.8516
-3.5362
-3.3075
-3.3646
-3.1931
-3.3075
-3.6506
-3.479
-3.7078
-3.7078
-3.5362
-3.1931
-3.7078
-3.5362
-3.3646
-3.1359
-3.3075
-3.1359
-3.3075
-3.6506
-3.5362
-3.479
-3.3646
-3.7078
-3.479
-3.7078
-3.3075
-2.9633
-3.5362
-3.5362
-3.6506
-3.1931
-7.3932
-3.1732
-3.6025
-4.3396
-3.6026
-3.1731
-8.4099
-4.6475
-9.9064
-2.9633
-3.6025
-2.7977
-3.1732
-2.7977
-3.021
-3.1731
-2.7977
-10.386
-4.6474
-2.7977
-10.387
-3.6024
-22.665
-3.021
-2.8516
-3.1931
-3.3647
-2.9633
-3.1359
-3.3075
-3.1931
-3.7078
-3.3647
-3.3647
-3.7078
-3.5362
-3.5362
-3.5362
-3.3075
-3.6506
-3.3075
-3.4791
-3.3647
-3.7078
-3.3049
-3.7078
-3.65
-3.1913
-3.5356
-3.479
-3.4772
-3.3635
-2.8516
-2.7977
-3.1359
-3.1592
-3.1334
-2.8516
-3.5839
-2.8497
-2.9606
-3.5985
-4.3037
-3.1731
-2.8516
-3.1931
-3.3075
-2.9633
-2.9633
-3.1931
-3.021
-3.021
-3.1359
-4.3397
-3.6025
-5.4297
-4.3397
-6.8743
-4.6476
-8.9006
-8.4054
-4.3241
-4.6478
-8.3878
-7.3622
-4.5909
-10.866
-2.7437
-9.9067
-2.7437
-5.8584
-10.866
-7.3623
-8.3954
-10.382
-16.76
-8.9174
-10.866
-10.393
-13.816
-10.866
-10.866
-16.699
-35.087
-16.698
-41.231
-22.664
-25.711
-25.714
-31.849
-31.854
-70.604
-34.939
-31.854
-41.155
-16.698
-5.9032
-9.9065
-7.3934
-13.782
-5.4293
-13.782
-8.9185
-9.8981
-8.9007
-7.3936
-6.8855
-5.8749
-5.9035
-5.4295
-4.6477
-6.8849
-8.9183
-8.4101
-7.3938
-13.783
-8.4097
-5.429
-6.8853
-8.9181
-8.9182
-5.9029
-5.9028
-10.386
-9.9064
-16.699
-10.386
-34.945
-31.855
-25.715
-22.665
-16.699
-16.699
-34.944
-44.275
-31.855
-25.715
-41.157
-41.155
-44.277
-53.66
-44.276
-50.528
-68.35
-70.992
-50.529
-67.573
-63.072
-63.067
-53.437
-60.428
-49.275
-55.614
-42.935
-47.282
-49.27
-49.273
-63.072
-68.352
-53.443
-53.439
-55.621
-42.928
-47.28
-35.651
-40.565
-55.617
-63.075
-53.445
-53.436
-49.273
-63.072
-68.353
-59.373
-70.603
-60.435
-55.615
-44.276
-50.526
-53.658
-59.371
-70.996
-50.527
-41.149
-44.274
-50.52
-53.653
-62.982
-59.364
-44.27
-50.635
-53.651
-59.413
-44.465
-73.635
-73.635
-53.884
-73.635
-73.635
-62.032
-70.797
-73.635
-67.804
-60.269
-70.967
-67.568
-70.943
-55.455
-60.318
-73.635
-49.05
-53.27
-49.099
-73.635
-47.042
-49.277
-67.566
-70.605
-70.597
-70.971
-61.946
-59.374
-61.958
-61.956
-47.283
-47.282
-42.932
-42.927
-30.575
-30.575
-31.002
-35.658
-30.575
-35.655
-30.663
-30.604
-33.102
-35.616
-47.154
-30.604
-33.097
-30.664
-30.545
-30.575
-30.605
-30.749
-30.747
-30.898
-30.92
-30.851
-30.982
-30.962
-30.961
-31.002
-30.692
-30.692
-30.826
-30.545
-30.773
-30.851
-30.773
-30.773
-30.851
-30.898
-30.982
-30.898
-30.982
-30.773
-30.825
-30.747
-30.773
-30.962
-30.919
-30.692
-30.663
-40.569
-42.931
-33.1
-33.102
-35.654
-40.57
-30.663
-30.663
-30.747
-30.692
-30.575
-40.569
-35.654
-35.658
-33.1
-30.575
-40.571
-40.574
-30.575
-33.102
-30.604
-30.604
-30.825
-30.773
-30.851
-30.92
-30.898
-30.962
-30.898
-30.961
-30.962
-30.919
-30.982
-30.961
-30.825
-30.773
-30.604
-30.747
-30.575
-30.747
-30.773
-30.982
-30.747
-30.898
-30.851
-30.604
-42.925
-30.575
-53.444
-35.651
-33.096
-49.271
-47.283
-40.571
-40.566
-30.663
-30.604
-35.654
-30.663
-42.932
-33.1
-33.102
-30.575
-47.28
-42.928
-53.444
-53.442
-60.435
-67.576
-70.993
-70.604
-55.615
-60.432
-67.573
-61.958
-61.962
-59.376
-53.66
-59.375
-41.159
-50.53
-53.665
-70.605
-67.574
-61.959
-50.534
-59.379
-41.16
-50.533
-50.535
-61.963
-44.282
-41.16
-53.666
-59.381
-70.605
-68.351
-53.667
-70.606
-70.992
-68.351
-68.35
-55.618
-63.072
-55.62
-60.432
-60.434
-49.271
-44.282
-44.283
-67.577
-61.964
-47.277
