121.722  23.886 -30.000
121.711  23.840 -30.000
121.699  23.794 -30.000
121.688  23.748 -30.000
121.677  23.702 -30.000
121.664  23.657 -30.000
121.662  23.610 -30.000
121.667  23.565 -30.000
121.682  23.523 -30.000
121.670  23.479 -30.000
121.644  23.439 -30.000
121.617  23.398 -30.000
121.613  23.353 -30.000
121.602  23.307 -30.000
121.587  23.262 -30.000
121.568  23.219 -30.000
121.547  23.176 -30.000
121.518  23.140 -30.000
121.472  23.121 -30.000
121.444  23.083 -30.000
121.422  23.041 -30.000
121.395  23.004 -30.000
121.346  22.990 -30.000
121.298  22.976 -30.000
121.261  22.944 -30.000
121.229  22.909 -30.000
121.214  22.864 -30.000
121.199  22.819 -30.000
121.183  22.774 -30.000
121.750  23.875 -27.551
121.739  23.830 -27.437
121.728  23.785 -27.437
121.717  23.739 -27.437
121.706  23.694 -27.437
121.694  23.649 -27.445
121.691  23.603 -27.423
121.696  23.556 -27.211
121.711  23.512 -27.440
121.698  23.467 -27.437
121.672  23.427 -27.437
121.646  23.388 -27.437
121.641  23.341 -27.447
121.630  23.296 -27.437
121.616  23.252 -27.437
121.597  23.209 -27.440
121.576  23.166 -27.437
121.546  23.129 -27.438
121.500  23.110 -27.420
121.472  23.071 -27.437
121.450  23.030 -27.448
121.421  22.993 -27.436
121.373  22.979 -27.435
121.325  22.964 -27.354
121.288  22.933 -27.423
121.257  22.896 -27.437
121.242  22.852 -27.437
121.227  22.808 -27.437
121.212  22.764 -27.437
121.779  23.864 -24.490
121.768  23.819 -24.749
121.757  23.774 -24.749
121.746  23.728 -24.749
121.735  23.683 -24.749
121.722  23.638 -24.758
121.719  23.592 -24.733
121.724  23.546 -24.509
121.739  23.501 -24.752
121.727  23.456 -24.749
121.701  23.417 -24.749
121.674  23.377 -24.749
121.669  23.331 -24.759
121.659  23.285 -24.749
121.644  23.241 -24.749
121.625  23.198 -24.752
121.604  23.156 -24.749
121.574  23.119 -24.749
121.528  23.100 -24.734
121.501  23.061 -24.749
121.478  23.019 -24.759
121.449  22.982 -24.748
121.401  22.968 -24.747
121.353  22.954 -24.663
121.316  22.922 -24.733
121.286  22.886 -24.749
121.270  22.841 -24.749
121.255  22.797 -24.749
121.240  22.753 -24.749
121.807  23.854 -22.041
121.796  23.808 -21.924
121.785  23.763 -21.924
121.774  23.718 -21.924
121.763  23.672 -21.924
121.751  23.627 -21.933
121.748  23.581 -21.907
121.753  23.535 -21.668
121.768  23.491 -21.929
121.755  23.446 -21.924
121.729  23.406 -21.924
121.703  23.366 -21.924
121.698  23.320 -21.933
121.687  23.275 -21.924
121.672  23.230 -21.924
121.654  23.187 -21.927
121.633  23.145 -21.924
121.603  23.108 -21.924
121.557  23.089 -21.912
121.529  23.050 -21.924
121.506  23.009 -21.934
121.477  22.971 -21.923
121.429  22.957 -21.922
121.382  22.943 -21.831
121.345  22.912 -21.908
121.314  22.875 -21.924
121.299  22.831 -21.924
121.284  22.787 -21.924
121.268  22.742 -21.924
121.836  23.843 -18.980
121.825  23.798 -18.915
121.814  23.752 -18.915
121.803  23.707 -18.915
121.792  23.662 -18.915
121.779  23.617 -18.926
121.776  23.570 -18.896
121.781  23.524 -18.625
121.796  23.480 -18.921
121.784  23.435 -18.915
121.758  23.395 -18.915
121.731  23.356 -18.915
121.726  23.309 -18.925
121.716  23.264 -18.915
121.701  23.220 -18.915
121.682  23.177 -18.919
121.661  23.134 -18.915
121.631  23.097 -18.915
121.585  23.078 -18.902
121.557  23.040 -18.915
121.535  22.998 -18.926
121.506  22.961 -18.913
121.458  22.947 -18.910
121.410  22.932 -18.808
121.373  22.901 -18.897
121.342  22.864 -18.915
121.327  22.820 -18.915
121.312  22.776 -18.915
121.297  22.732 -18.915
121.864  23.832 -15.388
121.853  23.787 -15.400
121.842  23.742 -15.400
121.831  23.696 -15.400
121.820  23.651 -15.400
121.808  23.606 -15.413
121.805  23.560 -15.378
121.810  23.514 -15.048
121.825  23.469 -15.408
121.812  23.424 -15.400
121.786  23.385 -15.400
121.760  23.345 -15.400
121.755  23.299 -15.410
121.744  23.253 -15.401
121.729  23.209 -15.400
121.710  23.166 -15.405
121.690  23.124 -15.400
121.659  23.087 -15.400
121.614  23.068 -15.382
121.586  23.029 -15.400
121.563  22.987 -15.411
121.534  22.950 -15.396
121.486  22.936 -15.390
121.439  22.922 -15.264
121.402  22.890 -15.378
121.371  22.854 -15.400
121.355  22.809 -15.400
121.340  22.765 -15.400
121.325  22.721 -15.400
121.893  23.822 -11.082
121.882  23.776 -11.081
121.871  23.731 -11.081
121.860  23.686 -11.081
121.849  23.640 -11.081
121.836  23.595 -11.098
121.833  23.549 -11.054
121.838  23.503 -10.632
121.853  23.459 -11.094
121.841  23.414 -11.082
121.814  23.374 -11.082
121.788  23.334 -11.082
121.783  23.288 -11.095
121.772  23.243 -11.084
121.758  23.198 -11.082
121.739  23.155 -11.088
121.718  23.113 -11.082
121.688  23.076 -11.087
121.642  23.057 -11.054
121.614  23.018 -11.082
121.592  22.977 -11.096
121.562  22.939 -11.077
121.515  22.925 -11.070
121.467  22.911 -10.910
121.430  22.880 -11.055
121.399  22.843 -11.082
121.384  22.799 -11.082
121.369  22.755 -11.082
121.353  22.710 -11.082
121.921  23.811  -5.841
121.910  23.765  -5.841
121.899  23.720  -5.841
121.888  23.675  -5.841
121.877  23.630  -5.841
121.865  23.585  -5.859
121.862  23.538  -5.809
121.866  23.492  -5.331
121.881  23.448  -5.856
121.869  23.403  -5.842
121.843  23.363  -5.841
121.817  23.324  -5.841
121.812  23.277  -5.857
121.801  23.232  -5.845
121.786  23.188  -5.841
121.767  23.145  -5.849
121.747  23.102  -5.841
121.716  23.065  -5.867
121.671  23.046  -5.804
121.643  23.008  -5.837
121.620  22.966  -5.861
121.591  22.929  -5.839
121.543  22.915  -5.837
121.495  22.900  -5.660
121.458  22.869  -5.810
121.427  22.832  -5.841
121.412  22.788  -5.841
121.397  22.744  -5.841
121.382  22.700  -5.841
121.950  23.800   0.000
121.939  23.754   0.000
121.928  23.708   0.000
121.916  23.662   0.000
121.905  23.617   0.000
121.892  23.571   0.000
121.890  23.524   0.000
121.895  23.479   0.000
121.910  23.437   0.000
121.898  23.393   0.000
121.872  23.353   0.000
121.845  23.313   0.000
121.840  23.267   0.000
121.829  23.221   0.000
121.814  23.176   0.000
121.795  23.133   0.000
121.774  23.090   0.000
121.745  23.055   0.000
121.699  23.036   0.000
121.672  22.998   0.000
121.649  22.956   0.000
121.622  22.919   0.000
121.573  22.904   0.000
121.525  22.890   0.000
121.488  22.859   0.000
121.456  22.823   0.000
121.441  22.779   0.000
121.425  22.734   0.000
121.410  22.689   0.000
