6.35117243334022
6.35117243334022
6.35117243334022
6.35117243334022
6.35117243334022
6.35117243334022
6.35117243334022
6.35117243334022
6.35117243334022
6.35117243334022
6.35117243334022
6.35117243334022
6.35117243334022
6.35117243334022
6.35117243334022
6.35117243334022
6.35117243334022
6.35117243334022
6.35117243334022
6.35117243334022
6.35117243334022
6.35117243334022
6.35117243334022
6.35117243334022
6.35117243334022
6.35117243334022
6.35117243334022
6.35117243334022
6.35117243334022
6.35117243334022
6.35117243334022
6.35117243334022
6.35117243334022
6.35117243334022
6.35117243334022
6.35117243334022
6.35117243334022
6.35117243334022
6.35117243334022
6.35117243334022
6.35117243334022
6.35117243334022
6.35117243334022
6.35117243334022
6.35117243334022
6.35117243334022
6.35117243334022
6.35117243334022
6.35117243334022
6.35117243334022
6.35117243334022
6.35117243334022
6.35117243334022
6.35117243334022
