1.81449021861034
1.81449021861034
1.81449021861034
1.81449021861034
1.81449021861034
1.81449021861034
1.81449021861034
1.81449021861034
1.81449021861034
1.81449021861034
1.81449021861034
1.81449021861034
1.81449021861034
1.81449021861034
1.81449021861034
1.81449021861034
1.81449021861034
1.81449021861034
1.81449021861034
1.81449021861034
1.81449021861034
1.81449021861034
1.81449021861034
1.81449021861034
1.81449021861034
1.81449021861034
1.81449021861034
1.81449021861034
1.81449021861034
1.81449021861034
1.81449021861034
1.81449021861034
1.81449021861034
1.81449021861034
1.81449021861034
1.81449021861034
1.81449021861034
1.81449021861034
1.81449021861034
1.81449021861034
1.81449021861034
1.81449021861034
1.81449021861034
1.81449021861034
1.81449021861034
1.81449021861034
1.81449021861034
1.81449021861034
1.81449021861034
1.81449021861034
1.81449021861034
1.81449021861034
1.81449021861034
1.81449021861034
1.81449021861034
1.81449021861034
1.81449021861034
1.81449021861034
1.81449021861034
1.81449021861034
1.81449021861034
1.81449021861034
1.81449021861034
1.81449021861034
1.81449021861034
1.81449021861034
1.81449021861034
1.81449021861034
1.81449021861034
1.81449021861034
1.81449021861034
1.81449021861034
1.81449021861034
1.81449021861034
1.81449021861034
1.81449021861034
1.81449021861034
1.81449021861034
1.81449021861034
1.81449021861034
1.81449021861034
1.81449021861034
1.81449021861034
1.81449021861034
1.81449021861034
1.81449021861034
1.81449021861034
1.81449021861034
1.81449021861034
1.81449021861034
