120.416  22.695 -40.000
120.449  22.648 -40.000
120.464  22.592 -40.000
120.449  22.538 -40.000
120.405  22.692 -35.000
120.438  22.644 -35.003
120.452  22.590 -35.004
120.438  22.535 -35.102
120.394  22.688 -30.000
120.427  22.641 -30.003
120.441  22.586 -30.004
120.427  22.531 -30.000
120.382  22.685 -25.000
120.416  22.637 -25.003
120.430  22.583 -25.004
120.416  22.528 -25.000
120.371  22.681 -20.000
120.404  22.634 -20.003
120.419  22.579 -20.004
120.405  22.525 -20.000
120.360  22.678 -15.000
120.393  22.630 -15.003
120.408  22.576 -15.004
120.393  22.521 -15.000
120.349  22.674 -10.000
120.382  22.627 -10.003
120.397  22.572 -10.004
120.382  22.518 -10.000
120.338  22.671  -5.000
120.371  22.624  -5.003
120.385  22.569  -5.004
120.371  22.514  -5.000
120.326  22.667   0.000
120.360  22.620   0.000
120.374  22.565   0.000
120.360  22.511   0.000
