-19.994509401925
-19.994509401925
-19.994509401925
-19.994509401925
-19.994509401925
-19.994509401925
-19.994509401925
-19.994509401925
-19.994509401925
-19.994509401925
-19.994509401925
-19.994509401925
-19.994509401925
-19.994509401925
-19.994509401925
-19.994509401925
-19.994509401925
-19.994509401925
-19.994509401925
-19.994509401925
-19.994509401925
-19.994509401925
-19.994509401925
-19.994509401925
-19.994509401925
-19.994509401925
-19.994509401925
-19.994509401925
-19.994509401925
-19.994509401925
-19.994509401925
-19.994509401925
-19.994509401925
-19.994509401925
-19.994509401925
-19.994509401925
-19.994509401925
-19.994509401925
-19.994509401925
-19.994509401925
-19.994509401925
-19.994509401925
-19.994509401925
-19.994509401925
-19.994509401925
-19.994509401925
-19.994509401925
-19.994509401925
-19.994509401925
-19.994509401925
-19.994509401925
