1.3689836921719
1.3689836921719
1.3689836921719
1.3689836921719
1.3689836921719
1.3689836921719
1.3689836921719
1.3689836921719
1.3689836921719
1.3689836921719
1.3689836921719
1.3689836921719
1.3689836921719
1.3689836921719
1.3689836921719
1.3689836921719
1.3689836921719
1.3689836921719
1.3689836921719
1.3689836921719
1.3689836921719
1.3689836921719
1.3689836921719
1.3689836921719
1.3689836921719
1.3689836921719
1.3689836921719
1.3689836921719
1.3689836921719
1.3689836921719
1.3689836921719
1.3689836921719
1.3689836921719
1.3689836921719
1.3689836921719
1.3689836921719
1.3689836921719
1.3689836921719
1.3689836921719
1.3689836921719
1.3689836921719
1.3689836921719
1.3689836921719
1.3689836921719
1.3689836921719
1.3689836921719
1.3689836921719
1.3689836921719
1.3689836921719
1.3689836921719
1.3689836921719
