12.1105327661503
12.1105327661503
12.1105327661503
12.1105327661503
12.1105327661503
12.1105327661503
12.1105327661503
12.1105327661503
12.1105327661503
12.1105327661503
12.1105327661503
12.1105327661503
12.1105327661503
12.1105327661503
12.1105327661503
12.1105327661503
12.1105327661503
12.1105327661503
12.1105327661503
12.1105327661503
12.1105327661503
12.1105327661503
12.1105327661503
12.1105327661503
12.1105327661503
12.1105327661503
12.1105327661503
12.1105327661503
12.1105327661503
12.1105327661503
12.1105327661503
12.1105327661503
12.1105327661503
12.1105327661503
12.1105327661503
12.1105327661503
12.1105327661503
12.1105327661503
12.1105327661503
12.1105327661503
12.1105327661503
12.1105327661503
12.1105327661503
12.1105327661503
12.1105327661503
12.1105327661503
12.1105327661503
12.1105327661503
12.1105327661503
12.1105327661503
12.1105327661503
12.1105327661503
12.1105327661503
12.1105327661503
