-19.987983111734
-19.987983111734
-19.987983111734
-19.987983111734
-19.987983111734
-19.987983111734
-19.987983111734
-19.987983111734
-19.987983111734
-19.987983111734
-19.987983111734
-19.987983111734
-19.987983111734
-19.987983111734
-19.987983111734
-19.987983111734
-19.987983111734
-19.987983111734
-19.987983111734
-19.987983111734
-19.987983111734
-19.987983111734
-19.987983111734
-19.987983111734
-19.987983111734
-19.987983111734
-19.987983111734
-19.987983111734
-19.987983111734
-19.987983111734
-19.987983111734
-19.987983111734
-19.987983111734
-19.987983111734
-19.987983111734
-19.987983111734
-19.987983111734
-19.987983111734
-19.987983111734
-19.987983111734
-19.987983111734
-19.987983111734
-19.987983111734
-19.987983111734
-19.987983111734
-19.987983111734
-19.987983111734
-19.987983111734
-19.987983111734
-19.987983111734
-19.987983111734
-19.987983111734
-19.987983111734
-19.987983111734
-19.987983111734
-19.987983111734
-19.987983111734
-19.987983111734
-19.987983111734
-19.987983111734
-19.987983111734
-19.987983111734
-19.987983111734
-19.987983111734
-19.987983111734
-19.987983111734
-19.987983111734
-19.987983111734
-19.987983111734
-19.987983111734
-19.987983111734
-19.987983111734
-19.987983111734
-19.987983111734
-19.987983111734
-19.987983111734
-19.987983111734
-19.987983111734
-19.987983111734
-19.987983111734
-19.987983111734
-19.987983111734
-19.987983111734
-19.987983111734
-19.987983111734
-19.987983111734
-19.987983111734
-19.987983111734
-19.987983111734
-19.987983111734
