120.9,22.8,-30
120.9,22.754,-30
120.89,22.707,-30
120.89,22.66,-30
120.89,22.613,-30
120.89,22.566,-30
120.89,22.519,-30
120.9,22.472,-30
120.9,22.426,-30
120.91,22.379,-30
120.91,22.332,-30
120.91,22.285,-30
120.91,22.237,-30
120.91,22.19,-30
120.91,22.143,-30
120.91,22.096,-30
120.92,22.049,-30
120.89,22.011,-30
120.86,21.978,-30
120.82,21.942,-30
120.82,21.898,-30
120.82,21.851,-30
120.82,21.803,-30
120.81,21.757,-30
120.79,21.713,-30
120.79,21.668,-30
120.79,21.621,-30
120.79,21.574,-30
120.95,22.792,-27.273
120.94,22.746,-27.273
120.94,22.699,-27.271
120.94,22.652,-27.273
120.94,22.605,-27.273
120.94,22.559,-27.273
120.94,22.512,-27.273
120.94,22.465,-27.243
120.95,22.419,-27.292
120.95,22.372,-27.273
120.95,22.326,-27.273
120.95,22.279,-27.273
120.95,22.232,-27.273
120.95,22.185,-27.273
120.95,22.138,-27.273
120.96,22.092,-27.273
120.96,22.045,-27.273
120.93,22.004,-27.298
120.9,21.971,-27.274
120.87,21.936,-27.273
120.86,21.89,-27.269
120.86,21.843,-27.273
120.86,21.796,-27.281
120.85,21.75,-27.273
120.84,21.705,-27.28
120.83,21.659,-27.273
120.83,21.612,-27.273
120.83,21.566,-27.273
120.99,22.784,-24.49
120.98,22.737,-24.545
120.98,22.691,-24.544
120.98,22.644,-24.545
120.98,22.597,-24.545
120.98,22.55,-24.545
120.98,22.503,-24.545
120.98,22.457,-24.515
120.99,22.411,-24.565
120.99,22.364,-24.546
120.99,22.317,-24.545
120.99,22.27,-24.545
120.99,22.224,-24.545
121,22.177,-24.545
121,22.13,-24.545
121,22.083,-24.545
121,22.037,-24.545
120.98,21.995,-24.571
120.94,21.963,-24.546
120.91,21.927,-24.545
120.9,21.881,-24.541
120.9,21.835,-24.545
120.9,21.788,-24.553
120.89,21.741,-24.545
120.88,21.697,-24.552
120.87,21.651,-24.545
120.87,21.604,-24.545
120.87,21.557,-24.545
121.03,22.775,-21.818
121.02,22.729,-21.818
121.02,22.682,-21.817
121.02,22.635,-21.818
121.02,22.589,-21.818
121.02,22.542,-21.818
121.02,22.495,-21.818
121.02,22.448,-21.787
121.03,22.402,-21.838
121.03,22.356,-21.818
121.03,22.309,-21.818
121.04,22.262,-21.818
121.04,22.215,-21.818
121.04,22.169,-21.818
121.04,22.122,-21.818
121.04,22.075,-21.818
121.04,22.028,-21.818
121.02,21.987,-21.844
120.98,21.954,-21.819
120.95,21.919,-21.818
120.94,21.873,-21.814
120.94,21.826,-21.818
120.94,21.779,-21.826
120.94,21.733,-21.818
120.92,21.689,-21.825
120.91,21.643,-21.818
120.91,21.596,-21.818
120.91,21.549,-21.818
121.07,22.767,-19.091
121.07,22.721,-19.091
121.06,22.674,-19.089
121.06,22.627,-19.091
121.06,22.58,-19.091
121.06,22.534,-19.091
121.06,22.487,-19.091
121.06,22.44,-19.06
121.07,22.394,-19.111
121.08,22.347,-19.091
121.08,22.301,-19.091
121.08,22.254,-19.091
121.08,22.207,-19.091
121.08,22.16,-19.091
121.08,22.114,-19.091
121.08,22.067,-19.091
121.08,22.02,-19.091
121.06,21.979,-19.117
121.03,21.946,-19.092
120.99,21.911,-19.091
120.98,21.865,-19.087
120.98,21.818,-19.091
120.98,21.771,-19.098
120.98,21.725,-19.091
120.96,21.68,-19.098
120.96,21.634,-19.091
120.96,21.587,-19.091
120.96,21.541,-19.091
121.12,22.758,-16.364
121.11,22.712,-16.364
121.11,22.666,-16.362
121.11,22.619,-16.364
121.11,22.572,-16.364
121.11,22.525,-16.364
121.11,22.478,-16.364
121.11,22.432,-16.332
121.12,22.386,-16.384
121.12,22.339,-16.364
121.12,22.292,-16.364
121.12,22.246,-16.364
121.12,22.199,-16.364
121.12,22.152,-16.364
121.12,22.105,-16.364
121.13,22.058,-16.364
121.13,22.012,-16.364
121.1,21.97,-16.39
121.07,21.937,-16.365
121.04,21.902,-16.363
121.03,21.856,-16.36
121.03,21.809,-16.364
121.03,21.763,-16.371
121.02,21.716,-16.364
121,21.672,-16.37
121,21.626,-16.364
121,21.579,-16.364
121,21.532,-16.364
121.16,22.75,-13.636
121.15,22.704,-13.636
121.15,22.657,-13.635
121.15,22.61,-13.636
121.15,22.564,-13.636
121.15,22.517,-13.636
121.15,22.47,-13.636
121.15,22.423,-13.604
121.16,22.377,-13.657
121.16,22.331,-13.637
121.16,22.284,-13.636
121.16,22.237,-13.636
121.16,22.19,-13.636
121.16,22.144,-13.636
121.17,22.097,-13.636
121.17,22.05,-13.636
121.17,22.003,-13.636
121.15,21.962,-13.663
121.11,21.929,-13.638
121.08,21.894,-13.636
121.07,21.848,-13.633
121.07,21.801,-13.636
121.07,21.754,-13.644
121.06,21.708,-13.636
121.05,21.664,-13.643
121.04,21.617,-13.636
121.04,21.571,-13.636
121.04,21.524,-13.636
121.2,22.742,-11.02
121.19,22.695,-10.909
121.19,22.649,-10.908
121.19,22.602,-10.909
121.19,22.555,-10.909
121.19,22.509,-10.909
121.19,22.462,-10.909
121.19,22.415,-10.877
121.2,22.369,-10.93
121.2,22.322,-10.909
121.2,22.276,-10.909
121.2,22.229,-10.909
121.21,22.182,-10.909
121.21,22.135,-10.909
121.21,22.089,-10.909
121.21,22.042,-10.909
121.21,21.995,-10.909
121.19,21.954,-10.936
121.15,21.921,-10.91
121.12,21.886,-10.909
121.11,21.839,-10.906
121.11,21.793,-10.909
121.11,21.746,-10.916
121.1,21.7,-10.909
121.09,21.655,-10.915
121.08,21.609,-10.909
121.08,21.562,-10.909
121.08,21.516,-10.909
121.24,22.733,-8.1818
121.24,22.687,-8.1818
121.23,22.64,-8.1802
121.23,22.594,-8.1818
121.23,22.547,-8.1818
121.23,22.5,-8.1818
121.23,22.453,-8.1818
121.23,22.407,-8.1491
121.24,22.361,-8.2032
121.24,22.314,-8.182
121.25,22.267,-8.1818
121.25,22.22,-8.1818
121.25,22.174,-8.1818
121.25,22.127,-8.1818
121.25,22.08,-8.1818
121.25,22.033,-8.1818
121.25,21.987,-8.1818
121.23,21.945,-8.2082
121.19,21.912,-8.1829
121.16,21.877,-8.1817
121.15,21.831,-8.1787
121.15,21.784,-8.1818
121.15,21.738,-8.189
121.15,21.691,-8.1819
121.13,21.647,-8.188
121.12,21.601,-8.1818
121.12,21.554,-8.1818
121.12,21.507,-8.1818
121.29,22.725,-5.4545
121.28,22.679,-5.4545
121.28,22.632,-5.453
121.28,22.585,-5.4545
121.28,22.538,-5.4545
121.28,22.492,-5.4545
121.28,22.445,-5.4545
121.28,22.398,-5.4214
121.29,22.352,-5.4762
121.29,22.306,-5.4547
121.29,22.259,-5.4545
121.29,22.212,-5.4545
121.29,22.165,-5.4545
121.29,22.119,-5.4545
121.29,22.072,-5.4545
121.29,22.025,-5.4545
121.3,21.978,-5.4545
121.27,21.937,-5.4808
121.24,21.904,-5.4556
121.2,21.869,-5.4545
121.2,21.823,-5.4511
121.2,21.776,-5.4546
121.2,21.729,-5.4616
121.19,21.683,-5.4546
121.17,21.639,-5.4606
121.17,21.592,-5.4545
121.17,21.546,-5.4545
121.17,21.499,-5.4545
121.33,22.716,-2.7273
121.32,22.67,-2.7273
121.32,22.624,-2.7257
121.32,22.577,-2.7273
121.32,22.53,-2.7273
121.32,22.483,-2.7273
121.32,22.437,-2.7273
121.32,22.39,-2.6937
121.33,22.344,-2.7492
121.33,22.297,-2.7274
121.33,22.25,-2.7273
121.33,22.204,-2.7273
121.33,22.157,-2.7273
121.33,22.11,-2.7273
121.34,22.063,-2.7273
121.34,22.017,-2.7273
121.34,21.97,-2.7273
121.31,21.928,-2.7534
121.28,21.896,-2.7283
121.25,21.86,-2.7272
121.24,21.814,-2.7234
121.24,21.768,-2.7273
121.24,21.721,-2.7345
121.23,21.674,-2.7273
121.21,21.63,-2.7327
121.21,21.584,-2.7273
121.21,21.537,-2.7273
121.21,21.49,-2.7273
121.37,22.708,-0
121.36,22.661,0
121.36,22.615,0
121.36,22.568,0
121.36,22.521,0
121.36,22.473,0
121.36,22.426,0
121.36,22.379,0
121.37,22.333,0
121.37,22.286,0
121.37,22.239,0
121.37,22.192,0
121.38,22.145,0
121.38,22.098,0
121.38,22.051,0
121.38,22.004,0
121.38,21.957,0
121.36,21.919,0
121.32,21.886,0
121.29,21.85,0
121.28,21.806,0
121.28,21.759,0
121.28,21.711,0
121.27,21.665,0
121.26,21.621,0
121.25,21.576,0
121.25,21.529,0
121.25,21.482,-0
