-36.162
-35.387
-35.3
-48.169
-0.0087825
-56.099
-3.1055
-22.49
-22.477
-36.682
-55.132
-0.0088025
-35.387
-35.821
-0.0087527
-40.562
-44.03
-0.0087876
-3.1055
-35.038
-55.129
-52.152
-47.122
-36.076
-0.0088173
-49.039
-0.0087279
-0.0087726
-0.0087875
-0.0087279
-36.682
-0.0087378
-0.0087676
-50.135
-35.125
-53.151
-52.15
-46.114
-47.116
-41.414
-37.781
-36.334
-35.819
-35.299
-36.334
-35.819
-46.12
-35.905
-55.131
-35.125
-35.56
-30.647
-35.125
-35.819
-49.128
-35.125
-35.56
-35.125
-35.562
-35.647
-36.595
-35.56
-36.076
-35.905
-58.025
-36.334
-36.334
-37.781
-47.98
-47.013
-37.783
-55.13
-49.129
-50.138
-48.161
-41.417
-36.076
-36.076
-40.616
-37.783
-36.161
-46.116
-36.334
-36.076
-46.12
-40.614
-27.841
-58.024
-0.0088173
-30.647
-48.168
-6.2081
-55.129
-56.99
-39.34
-27.839
-53.159
-53.157
-58.007
-59.93
-59.93
-39.244
-59.93
-0.0088124
-39.335
-0.0087726
-0.0088222
-26.077
-6.2036
-0.0088173
-58.978
-0.0087975
-0.0087378
-0.0087726
-0.0087825
-12.011
-0.0087876
-0.0088025
-0.0088124
-0.0087975
-0.0088025
-22.484
-0.0087677
-0.008723
-0.0087577
-0.0087726
-0.0088124
-3.1116
-56.993
-6.2022
-56.99
-39.34
-27.842
-45.217
-52.148
-56.101
-58.978
-53.153
-43.186
-45.225
-45.219
-30.65
-47.114
-35.386
-43.183
-49.123
-44.151
-54.05
-55.127
-52.148
-50.136
-56.097
-53.155
-47.118
-38.796
-49.123
-49.125
-58.022
-58.022
-55.126
-55.127
-39.323
-56.099
-44.155
-43.19
-44.153
-40.61
-43.188
-37.781
-41.417
-38.794
-38.797
-36.682
-40.613
-40.614
-36.421
-36.334
-36.334
-35.904
-35.299
-36.421
-36.076
-36.595
-36.421
-36.595
-36.161
-35.904
-36.076
-35.647
-35.819
-35.038
-35.038
-35.386
-35.56
-35.647
-35.647
-35.56
-35.56
-35.125
-35.299
-35.125
-35.387
-35.038
-35.038
-35.3
-35.299
-35.905
-35.56
-35.387
-35.647
-35.819
-35.905
-36.595
-36.162
-36.595
-36.682
-36.682
-37.783
-37.783
-36.162
-36.162
-36.682
-36.421
-36.162
-35.819
-36.421
-36.421
-38.797
-36.682
-36.334
-36.334
-36.595
-36.595
-35.3
-35.56
-35.387
-35.819
-35.647
-35.038
-35.038
-35.387
-35.125
-35.125
-35.038
-35.56
-35.647
-35.905
-35.387
-35.3
-35.3
-35.389
-35.038
-35.038
-35.126
-35.301
-35.647
-35.651
-35.819
-35.908
-36.162
-36.595
-36.162
-36.079
-36.421
-36.163
-36.595
-36.681
-36.335
-36.421
-46.012
-36.421
-35.819
-36.076
-36.595
-36.421
-35.647
-35.905
-35.905
-36.076
-36.682
-36.682
-37.781
-37.783
-43.194
-43.192
-56.068
-46.124
-40.613
-38.793
-43.145
-44.161
-37.776
-38.793
-38.792
-41.361
-43.074
-41.378
-40.611
-46.025
-46.17
-49.063
-49.623
-55.049
-56.011
-53.1
-57.979
-55.091
-53.045
-50.134
-52.056
-50.074
-58.969
-52.155
-52.089
-50.057
-54.048
-56.08
-54.05
-58.017
-58.976
-58.026
-58.023
-56.102
-50.138
-52.151
-52.152
-41.42
-56.102
-56.1
-47.12
-44.159
-41.42
-41.418
-44.159
-46.124
-40.613
-38.795
-43.192
-38.797
-49.129
-47.121
-47.121
-40.616
-43.192
-38.797
-41.421
-46.124
-44.159
-41.419
-46.122
-44.157
-49.129
-47.118
-49.125
-50.135
-50.141
-50.137
-53.155
-52.154
-54.05
-58.977
-53.157
-53.157
-36.388
-58.976
-30.631
-56.99
-27.828
-54.05
-22.476
-39.328
-48.168
-36.379
-19.934
-27.825
-19.935
-22.477
-14.701
-14.701
-0.0087875
-3.1055
-0.0088173
-6.2083
-12.003
-19.934
-3.1055
-14.694
-0.0088173
-0.0088173
-3.1111
-11.997
-6.2074
-0.0088173
-14.706
-14.694
-3.1055
-22.494
-14.712
-22.487
-19.951
-19.943
-6.2022
-11.996
-45.225
-56.992
-56.99
-54.054
-36.396
-36.396
-54.05
-48.168
-45.226
-30.648
-30.516
-56.992
-45.223
-48.169
-36.399
-39.339
-56.989
-58.97
-58.95
-56.949
-53.944
-36.164
-59.93
-48.164
-54.054
-45.116
-45.221
-3.0911
-27.661
-30.242
-14.659
-0.0088173
-19.944
-11.967
-11.999
-19.945
-0.0088124
-3.1064
-6.204
-27.83
-22.487
-22.469
-14.697
-19.901
-30.643
-36.394
-12.008
-14.699
-6.2022
-11.996
-0.0087825
-0.0087726
-0.0087676
-0.0087577
-0.0087676
-0.0087577
-0.0088124
-0.0088025
-0.0087724
-0.0087875
-0.0087975
-0.0088123
-0.0087874
-0.0088024
-0.0087973
-0.0087823
-0.0087577
-0.0087676
-0.0087675
-0.0087428
-0.0087527
-0.0087527
-0.0087379
-0.0087279
-0.0087427
-0.008723
-0.008723
-0.008723
-0.0087427
-0.0087427
-0.0087527
-0.0087378
-0.0087378
-0.0087378
-0.0087825
-0.0087279
-0.0087527
-0.008723
-0.008723
-0.0087279
-0.0087676
-0.0087427
-0.0087279
-0.0087378
-0.0087427
-0.0087428
-0.0087527
-0.0087577
-0.0087577
-0.0087726
-0.0087726
-0.0087876
-0.0087726
-0.0087975
-0.0088124
-0.0087875
-0.0087975
-0.0087825
-0.0087825
-0.0087577
-0.0088124
-0.0088124
-0.0088025
-0.0088025
-0.0088124
-0.0087875
-0.0087975
-0.0087825
-0.0087975
-0.0087527
-0.0087676
-0.0087527
-0.0087676
-0.0087577
-0.0087527
-0.0087279
-0.008723
-0.0087427
-0.0087279
-0.008723
-0.0087378
-0.0087378
-0.0087427
-0.0087279
-0.0087378
-0.0087279
-0.008723
-0.008723
-0.0087427
-0.0087676
-0.0087527
-0.0087825
-0.0087975
-3.1103
-0.0088025
-0.0087577
-0.0087577
-0.0087726
-0.0087825
-0.0088025
-0.0088025
-0.0087875
-0.0087975
-0.0088173
-6.2057
-0.0088173
-12.009
-27.838
-27.825
-30.63
-6.2144
-12.002
-58.976
-56.99
-48.168
-58.023
-39.34
-58.977
-45.225
-36.391
-54.056
-30.637
-36.398
-39.341
-48.173
-19.941
-14.697
