31.172
31.208
31.212
68.569
70.282
62.032
70.159
69.475
69.476
31.147
60.487
70.275
31.208
31.188
70.292
37.204
42.747
70.28
70.159
31.224
60.482
55.725
47.686
31.176
70.27
50.75
70.301
70.286
70.28
70.301
31.147
70.298
70.287
52.502
31.22
57.321
55.722
46.076
47.677
38.566
32.761
31.163
31.188
31.212
31.163
31.188
46.086
31.184
60.485
31.22
31.2
69.187
31.22
31.188
50.893
31.22
31.2
31.22
31.2
31.196
31.151
31.2
31.176
31.184
65.109
31.163
31.163
32.76
68.576
47.513
32.763
60.484
50.894
52.507
68.569
38.571
31.176
31.176
37.291
32.763
31.172
46.079
31.163
31.176
46.086
37.288
69.286
65.108
70.27
69.187
68.569
70.05
60.482
68.258
68.881
69.286
57.334
57.33
65.081
68.154
68.154
68.884
68.154
70.272
68.881
70.286
70.268
69.351
70.05
70.27
66.633
70.277
70.298
70.286
70.282
69.845
70.28
70.275
70.272
70.277
70.275
69.475
70.287
70.303
70.291
70.286
70.272
70.159
68.258
70.05
68.258
68.881
69.286
68.673
55.719
62.034
66.633
57.324
41.397
68.673
68.673
69.187
47.675
31.208
41.393
50.884
42.94
68.362
60.478
55.719
52.504
62.028
57.327
47.68
34.382
50.885
50.888
65.105
65.105
60.477
60.479
68.881
62.031
42.946
41.403
42.943
37.282
41.4
32.761
38.571
34.379
34.384
31.147
37.286
37.288
31.159
31.163
31.163
31.184
31.212
31.159
31.176
31.151
31.159
31.151
31.172
31.184
31.176
31.196
31.188
31.224
31.224
31.208
31.2
31.196
31.196
31.2
31.2
31.22
31.212
31.22
31.208
31.224
31.224
31.212
31.212
31.184
31.2
31.208
31.196
31.188
31.184
31.151
31.172
31.151
31.147
31.147
32.763
32.763
31.172
31.172
31.147
31.159
31.172
31.188
31.159
31.159
34.384
31.147
31.163
31.163
31.151
31.151
31.212
31.2
31.208
31.188
31.196
31.224
31.224
31.208
31.22
31.22
31.224
31.2
31.196
31.184
31.208
31.212
31.212
31.208
31.224
31.224
31.22
31.212
31.196
31.196
31.188
31.183
31.172
31.151
31.172
31.175
31.159
31.171
31.151
31.147
31.163
31.159
45.913
31.159
31.188
31.176
31.151
31.159
31.196
31.184
31.184
31.176
31.147
31.147
32.76
32.763
41.41
41.407
61.983
46.092
37.286
34.377
41.333
42.956
32.752
34.377
34.377
38.482
41.218
38.509
37.283
45.935
46.482
50.788
52.07
60.353
61.892
57.24
65.036
60.421
57.152
52.5
55.571
52.404
66.617
55.729
55.625
52.377
68.362
62.001
68.362
65.096
66.63
65.111
65.106
62.036
52.507
55.722
55.725
38.575
62.036
62.033
47.684
42.952
38.576
38.572
42.952
46.092
37.286
34.38
41.407
34.384
50.893
47.686
47.686
37.291
41.406
34.384
38.577
46.092
42.952
38.574
46.089
42.949
50.895
47.68
50.888
52.502
52.512
52.506
57.327
55.728
68.362
66.631
57.331
57.331
68.985
66.629
69.188
68.258
69.287
68.362
69.476
68.881
68.569
68.985
69.565
69.287
69.565
69.476
69.75
69.75
70.28
70.159
70.27
70.05
69.845
69.565
70.159
69.75
70.27
70.27
70.159
69.845
70.05
70.27
69.75
69.75
70.159
69.475
69.75
69.475
69.565
69.565
70.05
69.845
68.673
68.258
68.258
68.361
68.985
68.984
68.362
68.569
68.673
69.187
69.192
68.258
68.673
68.569
68.984
68.881
68.258
66.619
66.587
68.259
68.365
68.993
68.154
68.569
68.361
68.677
68.673
70.16
69.293
69.207
69.751
70.27
69.565
69.846
69.845
69.565
70.272
70.159
70.05
69.287
69.475
69.476
69.75
69.567
69.188
68.985
69.845
69.75
70.05
69.845
70.282
70.286
70.287
70.291
70.287
70.291
70.272
70.275
70.286
70.28
70.277
70.272
70.28
70.275
70.277
70.282
70.291
70.287
70.287
70.296
70.292
70.292
70.298
70.301
70.296
70.303
70.303
70.303
70.296
70.296
70.292
70.298
70.298
70.298
70.282
70.301
70.292
70.303
70.303
70.301
70.287
70.296
70.301
70.298
70.296
70.296
70.292
70.291
70.291
70.286
70.286
70.28
70.286
70.277
70.272
70.28
70.277
70.282
70.282
70.291
70.272
70.272
70.275
70.275
70.272
70.28
70.277
70.282
70.277
70.292
70.287
70.292
70.287
70.291
70.292
70.301
70.303
70.296
70.301
70.303
70.298
70.298
70.296
70.301
70.298
70.301
70.303
70.303
70.296
70.287
70.292
70.282
70.277
70.159
70.275
70.291
70.291
70.286
70.282
70.275
70.275
70.28
70.277
70.27
70.05
70.27
69.845
69.286
69.287
69.188
70.049
69.845
66.629
68.258
68.569
65.107
68.881
66.63
68.673
68.985
68.361
69.188
68.984
68.881
68.569
69.565
69.75
