21.33,21.33,21.33
21.33,21.33,21.33
21.33,21.33,21.33
21.33,21.33,21.33
21.33,21.33,21.33
21.33,21.33,21.33
21.33,21.33,21.33
21.33,21.33,21.33
21.33,21.33,21.33
21.33,21.33,21.33
21.33,21.33,21.33
21.33,21.33,21.33
21.33,21.33,21.33
21.33,21.33,21.33
21.33,21.33,21.33
21.33,21.33,21.33
21.33,21.33,21.33
21.33,21.33,21.33
21.33,21.33,21.33
21.33,21.33,21.33
21.33,21.33,21.33
21.33,21.33,21.33
21.33,21.33,21.33
21.33,21.33,21.33
21.33,21.33,21.33
21.33,21.33,21.33
21.33,21.33,21.33
21.33,21.33,21.33
21.33,21.33,21.33
21.33,21.33,21.33
21.33,21.33,21.33
21.33,21.33,21.33
21.33,21.33,21.33
21.33,21.33,21.33
21.33,21.33,21.33
21.33,21.33,21.33
21.33,21.33,21.33
21.33,21.33,21.33
21.33,21.33,21.33
21.33,21.33,21.33
21.33,21.33,21.33
21.33,21.33,21.33
21.33,21.33,21.33
21.33,21.33,21.33
21.33,21.33,21.33
21.33,21.33,21.33
21.33,21.33,21.33
21.33,21.33,21.33
21.33,21.33,21.33
21.33,21.33,21.33
21.33,21.33,21.33
21.33,21.33,21.33
21.33,21.33,21.33
21.33,21.33,21.33
21.33,21.33,21.33
21.33,21.33,21.33
21.33,21.33,21.33
21.33,21.33,21.33
21.33,21.33,21.33
21.33,21.33,21.33
21.33,21.33,21.33
21.33,21.33,21.33
21.33,21.33,21.33
