4.8098,4.8098,4.8098
4.8098,4.8098,4.8098
4.8098,4.8098,4.8098
4.8098,4.8098,4.8098
4.8098,4.8098,4.8098
4.8098,4.8098,4.8098
4.8098,4.8098,4.8098
4.8098,4.8098,4.8098
4.8098,4.8098,4.8098
4.8098,4.8098,4.8098
4.8098,4.8098,4.8098
4.8098,4.8098,4.8098
4.8098,4.8098,4.8098
4.8098,4.8098,4.8098
4.8098,4.8098,4.8098
4.8098,4.8098,4.8098
4.8098,4.8098,4.8098
4.8098,4.8098,4.8098
4.8098,4.8098,4.8098
4.8098,4.8098,4.8098
4.8098,4.8098,4.8098
4.8098,4.8098,4.8098
4.8098,4.8098,4.8098
4.8098,4.8098,4.8098
4.8098,4.8098,4.8098
4.8098,4.8098,4.8098
4.8098,4.8098,4.8098
4.8098,4.8098,4.8098
4.8098,4.8098,4.8098
4.8098,4.8098,4.8098
4.8098,4.8098,4.8098
4.8098,4.8098,4.8098
4.8098,4.8098,4.8098
4.8098,4.8098,4.8098
4.8098,4.8098,4.8098
4.8098,4.8098,4.8098
4.8098,4.8098,4.8098
4.8098,4.8098,4.8098
4.8098,4.8098,4.8098
4.8098,4.8098,4.8098
4.8098,4.8098,4.8098
4.8098,4.8098,4.8098
4.8098,4.8098,4.8098
4.8098,4.8098,4.8098
4.8098,4.8098,4.8098
4.8098,4.8098,4.8098
4.8098,4.8098,4.8098
4.8098,4.8098,4.8098
4.8098,4.8098,4.8098
4.8098,4.8098,4.8098
4.8098,4.8098,4.8098
4.8098,4.8098,4.8098
4.8098,4.8098,4.8098
4.8098,4.8098,4.8098
4.8098,4.8098,4.8098
4.8098,4.8098,4.8098
4.8098,4.8098,4.8098
4.8098,4.8098,4.8098
4.8098,4.8098,4.8098
4.8098,4.8098,4.8098
4.8098,4.8098,4.8098
4.8098,4.8098,4.8098
4.8098,4.8098,4.8098
4.8098,4.8098,4.8098
4.8098,4.8098,4.8098
4.8098,4.8098,4.8098
4.8098,4.8098,4.8098
4.8098,4.8098,4.8098
4.8098,4.8098,4.8098
4.8098,4.8098,4.8098
4.8098,4.8098,4.8098
4.8098,4.8098,4.8098
