120.779  22.146 -30.000
120.797  22.094 -30.000
120.816  22.043 -30.000
120.829  21.991 -30.000
120.864  21.948 -30.000
120.888  21.901 -30.000
120.918  21.857 -30.000
120.951  21.812 -30.000
120.767  22.141 -25.102
120.783  22.096 -25.178
120.800  22.052 -24.109
120.813  22.007 -25.930
120.834  21.966 -24.226
120.861  21.927 -24.785
120.884  21.885 -23.389
120.911  21.846 -24.876
120.940  21.807 -25.000
120.756  22.136 -20.000
120.772  22.091 -20.178
120.789  22.047 -19.110
120.802  22.002 -20.922
120.823  21.961 -19.260
120.850  21.921 -19.767
120.873  21.880 -18.392
120.900  21.841 -19.876
120.929  21.802 -20.000
120.745  22.131 -15.000
120.761  22.086 -15.178
120.778  22.042 -14.112
120.791  21.997 -15.915
120.812  21.956 -14.293
120.839  21.916 -14.749
120.862  21.875 -13.395
120.889  21.835 -14.876
120.918  21.797 -15.000
120.734  22.125 -10.000
120.750  22.081 -10.179
120.767  22.037  -9.113
120.780  21.992 -10.908
120.801  21.950  -9.325
120.828  21.911  -9.732
120.851  21.870  -8.398
120.878  21.830  -9.876
120.907  21.792 -10.000
120.723  22.120  -5.000
120.739  22.076  -5.179
120.756  22.032  -4.114
120.769  21.986  -5.902
120.790  21.945  -4.356
120.817  21.906  -4.715
120.840  21.864  -3.401
120.867  21.825  -4.877
120.896  21.786  -5.000
120.712  22.115   0.000
120.730  22.063   0.000
120.750  22.012   0.000
120.763  21.960   0.000
120.797  21.917   0.000
120.822  21.870   0.000
120.852  21.826   0.000
120.885  21.781   0.000
