-7.67816412053011
-7.67816412053011
-7.67816412053011
-7.67816412053011
-7.67816412053011
-7.67816412053011
-7.67816412053011
-7.67816412053011
-7.67816412053011
-7.67816412053011
-7.67816412053011
-7.67816412053011
-7.67816412053011
-7.67816412053011
-7.67816412053011
-7.67816412053011
-7.67816412053011
-7.67816412053011
-7.67816412053011
-7.67816412053011
-7.67816412053011
-7.67816412053011
-7.67816412053011
-7.67816412053011
-7.67816412053011
-7.67816412053011
-7.67816412053011
-7.67816412053011
-7.67816412053011
-7.67816412053011
-7.67816412053011
-7.67816412053011
-7.67816412053011
-7.67816412053011
-7.67816412053011
-7.67816412053011
-7.67816412053011
-7.67816412053011
-7.67816412053011
-7.67816412053011
-7.67816412053011
-7.67816412053011
-7.67816412053011
-7.67816412053011
-7.67816412053011
