5.04355504134857
5.04355504134857
5.04355504134857
5.04355504134857
5.04355504134857
5.04355504134857
5.04355504134857
5.04355504134857
5.04355504134857
5.04355504134857
5.04355504134857
5.04355504134857
5.04355504134857
5.04355504134857
5.04355504134857
5.04355504134857
5.04355504134857
5.04355504134857
5.04355504134857
5.04355504134857
5.04355504134857
5.04355504134857
5.04355504134857
5.04355504134857
5.04355504134857
5.04355504134857
5.04355504134857
5.04355504134857
5.04355504134857
5.04355504134857
5.04355504134857
5.04355504134857
5.04355504134857
5.04355504134857
5.04355504134857
5.04355504134857
5.04355504134857
5.04355504134857
5.04355504134857
5.04355504134857
5.04355504134857
5.04355504134857
5.04355504134857
5.04355504134857
5.04355504134857
