-19.536
-19.536
-19.536
-19.536
-19.536
-19.536
-19.536
-19.536
-19.536
-19.536
-19.536
-19.536
-19.536
-19.536
-19.536
-19.536
-19.536
-19.536
-19.536
-19.536
-19.536
-19.536
-19.536
-19.536
-19.536
-19.536
-19.536
-19.536
-19.536
-19.536
-19.536
-19.536
-19.536
-19.536
-19.536
-19.536
-19.536
-19.536
-19.536
-19.536
-19.536
-19.536
-19.536
-19.536
-19.536
-19.536
-19.536
-19.536
-19.536
-19.536
-19.536
-19.536
-19.536
-19.536
-19.536
-19.536
-19.536
-19.536
-19.536
-19.536
-19.536
-19.536
-19.536
-19.536
-19.536
-19.536
-19.536
-19.536
-19.536
