13.7660523933609
13.7660523933609
13.7660523933609
13.7660523933609
13.7660523933609
13.7660523933609
13.7660523933609
13.7660523933609
13.7660523933609
13.7660523933609
13.7660523933609
13.7660523933609
13.7660523933609
13.7660523933609
13.7660523933609
13.7660523933609
13.7660523933609
13.7660523933609
13.7660523933609
13.7660523933609
13.7660523933609
13.7660523933609
13.7660523933609
13.7660523933609
13.7660523933609
13.7660523933609
13.7660523933609
13.7660523933609
13.7660523933609
13.7660523933609
13.7660523933609
13.7660523933609
13.7660523933609
13.7660523933609
13.7660523933609
13.7660523933609
13.7660523933609
13.7660523933609
13.7660523933609
13.7660523933609
13.7660523933609
13.7660523933609
13.7660523933609
13.7660523933609
13.7660523933609
13.7660523933609
13.7660523933609
13.7660523933609
13.7660523933609
13.7660523933609
13.7660523933609
13.7660523933609
13.7660523933609
13.7660523933609
13.7660523933609
13.7660523933609
13.7660523933609
