9.47692614465261
9.47692614465261
9.47692614465261
9.47692614465261
9.47692614465261
9.47692614465261
9.47692614465261
9.47692614465261
9.47692614465261
9.47692614465261
9.47692614465261
9.47692614465261
9.47692614465261
9.47692614465261
9.47692614465261
9.47692614465261
9.47692614465261
9.47692614465261
9.47692614465261
9.47692614465261
9.47692614465261
9.47692614465261
9.47692614465261
9.47692614465261
9.47692614465261
9.47692614465261
9.47692614465261
9.47692614465261
9.47692614465261
9.47692614465261
9.47692614465261
9.47692614465261
9.47692614465261
9.47692614465261
9.47692614465261
9.47692614465261
9.47692614465261
9.47692614465261
9.47692614465261
9.47692614465261
9.47692614465261
9.47692614465261
9.47692614465261
9.47692614465261
9.47692614465261
9.47692614465261
9.47692614465261
9.47692614465261
9.47692614465261
9.47692614465261
9.47692614465261
9.47692614465261
9.47692614465261
9.47692614465261
9.47692614465261
9.47692614465261
9.47692614465261
