0.225709229881625
0.225709229881625
0.225709229881625
0.225709229881625
0.225709229881625
0.225709229881625
0.225709229881625
0.225709229881625
0.225709229881625
0.225709229881625
0.225709229881625
0.225709229881625
0.225709229881625
0.225709229881625
0.225709229881625
0.225709229881625
0.225709229881625
0.225709229881625
0.225709229881625
0.225709229881625
0.225709229881625
0.225709229881625
0.225709229881625
0.225709229881625
0.225709229881625
0.225709229881625
0.225709229881625
0.225709229881625
0.225709229881625
0.225709229881625
0.225709229881625
0.225709229881625
0.225709229881625
0.225709229881625
0.225709229881625
0.225709229881625
0.225709229881625
0.225709229881625
0.225709229881625
0.225709229881625
0.225709229881625
0.225709229881625
0.225709229881625
0.225709229881625
0.225709229881625
0.225709229881625
0.225709229881625
0.225709229881625
