8.4177,8.4177,8.4177
8.4177,8.4177,8.4177
8.4177,8.4177,8.4177
8.4177,8.4177,8.4177
8.4177,8.4177,8.4177
8.4177,8.4177,8.4177
8.4177,8.4177,8.4177
8.4177,8.4177,8.4177
8.4177,8.4177,8.4177
8.4177,8.4177,8.4177
8.4177,8.4177,8.4177
8.4177,8.4177,8.4177
8.4177,8.4177,8.4177
8.4177,8.4177,8.4177
8.4177,8.4177,8.4177
8.4177,8.4177,8.4177
8.4177,8.4177,8.4177
8.4177,8.4177,8.4177
8.4177,8.4177,8.4177
8.4177,8.4177,8.4177
8.4177,8.4177,8.4177
8.4177,8.4177,8.4177
8.4177,8.4177,8.4177
8.4177,8.4177,8.4177
8.4177,8.4177,8.4177
8.4177,8.4177,8.4177
8.4177,8.4177,8.4177
8.4177,8.4177,8.4177
8.4177,8.4177,8.4177
8.4177,8.4177,8.4177
8.4177,8.4177,8.4177
8.4177,8.4177,8.4177
8.4177,8.4177,8.4177
8.4177,8.4177,8.4177
8.4177,8.4177,8.4177
8.4177,8.4177,8.4177
8.4177,8.4177,8.4177
8.4177,8.4177,8.4177
8.4177,8.4177,8.4177
8.4177,8.4177,8.4177
8.4177,8.4177,8.4177
8.4177,8.4177,8.4177
8.4177,8.4177,8.4177
8.4177,8.4177,8.4177
8.4177,8.4177,8.4177
8.4177,8.4177,8.4177
