0.80672867244468
0.80672867244468
0.80672867244468
0.80672867244468
0.80672867244468
0.80672867244468
0.80672867244468
0.80672867244468
0.80672867244468
0.80672867244468
0.80672867244468
0.80672867244468
0.80672867244468
0.80672867244468
0.80672867244468
0.80672867244468
0.80672867244468
0.80672867244468
0.80672867244468
0.80672867244468
0.80672867244468
0.80672867244468
0.80672867244468
0.80672867244468
0.80672867244468
0.80672867244468
0.80672867244468
0.80672867244468
0.80672867244468
0.80672867244468
0.80672867244468
0.80672867244468
0.80672867244468
0.80672867244468
0.80672867244468
0.80672867244468
