-3.98190295989193
-3.98190295989193
-3.98190295989193
-3.98190295989193
-3.98190295989193
-3.98190295989193
-3.98190295989193
-3.98190295989193
-3.98190295989193
-3.98190295989193
-3.98190295989193
-3.98190295989193
-3.98190295989193
-3.98190295989193
-3.98190295989193
-3.98190295989193
-3.98190295989193
-3.98190295989193
-3.98190295989193
-3.98190295989193
-3.98190295989193
-3.98190295989193
-3.98190295989193
-3.98190295989193
-3.98190295989193
-3.98190295989193
-3.98190295989193
-3.98190295989193
-3.98190295989193
-3.98190295989193
-3.98190295989193
-3.98190295989193
-3.98190295989193
-3.98190295989193
-3.98190295989193
-3.98190295989193
-3.98190295989193
-3.98190295989193
-3.98190295989193
-3.98190295989193
-3.98190295989193
-3.98190295989193
-3.98190295989193
-3.98190295989193
-3.98190295989193
-3.98190295989193
-3.98190295989193
-3.98190295989193
