-0.0242346344518785
-0.0242346344518785
-0.0242346344518785
-0.0242346344518785
-0.0242346344518785
-0.0242346344518785
-0.0242346344518785
-0.0242346344518785
-0.0242346344518785
-0.0242346344518785
-0.0242346344518785
-0.0242346344518785
-0.0242346344518785
-0.0242346344518785
-0.0242346344518785
-0.0242346344518785
-0.0242346344518785
-0.0242346344518785
-0.0242346344518785
-0.0242346344518785
-0.0242346344518785
-0.0242346344518785
-0.0242346344518785
-0.0242346344518785
-0.0242346344518785
-0.0242346344518785
-0.0242346344518785
-0.0242346344518785
-0.0242346344518785
-0.0242346344518785
-0.0242346344518785
-0.0242346344518785
-0.0242346344518785
-0.0242346344518785
-0.0242346344518785
-0.0242346344518785
-0.0242346344518785
-0.0242346344518785
-0.0242346344518785
-0.0242346344518785
-0.0242346344518785
-0.0242346344518785
-0.0242346344518785
-0.0242346344518785
-0.0242346344518785
-0.0242346344518785
-0.0242346344518785
-0.0242346344518785
-0.0242346344518785
-0.0242346344518785
-0.0242346344518785
-0.0242346344518785
-0.0242346344518785
-0.0242346344518785
-0.0242346344518785
-0.0242346344518785
-0.0242346344518785
