120.359  23.097 -40.000
120.291  23.081 -40.000
120.219  23.071 -40.000
120.360  23.093 -35.000
120.291  23.077 -35.023
120.220  23.067 -35.000
120.362  23.089 -30.000
120.292  23.073 -30.023
120.222  23.064 -30.000
120.363  23.085 -25.000
120.293  23.070 -25.023
120.223  23.060 -25.000
120.364  23.082 -20.000
120.295  23.066 -20.023
120.224  23.056 -20.000
120.365  23.078 -15.000
120.296  23.062 -15.023
120.225  23.053 -15.000
120.366  23.074 -10.000
120.297  23.058 -10.023
120.226  23.049 -10.000
120.367  23.071  -5.000
120.298  23.055  -5.023
120.227  23.045  -5.000
120.368  23.067   0.000
120.300  23.051   0.000
120.228  23.042   0.000
