8.9862235461604
8.9862235461604
8.9862235461604
8.9862235461604
8.9862235461604
8.9862235461604
8.9862235461604
8.9862235461604
8.9862235461604
8.9862235461604
8.9862235461604
8.9862235461604
8.9862235461604
8.9862235461604
8.9862235461604
8.9862235461604
8.9862235461604
8.9862235461604
8.9862235461604
8.9862235461604
8.9862235461604
8.9862235461604
8.9862235461604
8.9862235461604
8.9862235461604
8.9862235461604
8.9862235461604
8.9862235461604
8.9862235461604
8.9862235461604
8.9862235461604
8.9862235461604
8.9862235461604
8.9862235461604
8.9862235461604
8.9862235461604
