-3.5802
-3.5802
-3.5802
-3.5802
-3.5802
-3.5802
-3.5802
-3.5802
-3.5802
-3.5802
-3.5802
-3.5802
-3.5802
-3.5802
-3.5802
-3.5802
-3.5802
-3.5802
-3.5802
-3.5802
-3.5802
-3.5802
-3.5802
-3.5802
-3.5802
-3.5802
-3.5802
-3.5802
-3.5802
-3.5802
-3.5802
-3.5802
-3.5802
-3.5802
-3.5802
-3.5802
-3.5802
-3.5802
-3.5802
-3.5802
-3.5802
-3.5802
-3.5802
-3.5802
-3.5802
-3.5802
-3.5802
-3.5802
-3.5802
-3.5802
-3.5802
-3.5802
-3.5802
-3.5802
-3.5802
-3.5802
-3.5802
-3.5802
-3.5802
-3.5802
-3.5802
-3.5802
-3.5802
-3.5802
-3.5802
-3.5802
-3.5802
-3.5802
-3.5802
-3.5802
-3.5802
-3.5802
