4.1355
4.1355
4.1355
4.1355
4.1355
4.1355
4.1355
4.1355
4.1355
4.1355
4.1355
4.1355
4.1355
4.1355
4.1355
4.1355
4.1355
4.1355
4.1355
4.1355
4.1355
4.1355
4.1355
4.1355
4.1355
4.1355
4.1355
4.1355
4.1355
4.1355
4.1355
4.1355
4.1355
4.1355
4.1355
4.1355
4.1355
4.1355
4.1355
4.1355
4.1355
4.1355
4.1355
4.1355
4.1355
4.1355
4.1355
4.1355
4.1355
4.1355
4.1355
4.1355
4.1355
4.1355
4.1355
4.1355
4.1355
4.1355
4.1355
4.1355
4.1355
4.1355
4.1355
4.1355
4.1355
4.1355
4.1355
4.1355
4.1355
4.1355
4.1355
4.1355
