15.6528921491096
15.6528921491096
15.6528921491096
15.6528921491096
15.6528921491096
15.6528921491096
15.6528921491096
15.6528921491096
15.6528921491096
15.6528921491096
15.6528921491096
15.6528921491096
15.6528921491096
15.6528921491096
15.6528921491096
15.6528921491096
15.6528921491096
15.6528921491096
15.6528921491096
15.6528921491096
15.6528921491096
15.6528921491096
15.6528921491096
15.6528921491096
15.6528921491096
15.6528921491096
15.6528921491096
15.6528921491096
15.6528921491096
15.6528921491096
15.6528921491096
15.6528921491096
15.6528921491096
15.6528921491096
15.6528921491096
15.6528921491096
15.6528921491096
15.6528921491096
15.6528921491096
15.6528921491096
15.6528921491096
15.6528921491096
15.6528921491096
15.6528921491096
15.6528921491096
15.6528921491096
15.6528921491096
15.6528921491096
15.6528921491096
15.6528921491096
15.6528921491096
15.6528921491096
15.6528921491096
15.6528921491096
15.6528921491096
15.6528921491096
15.6528921491096
15.6528921491096
15.6528921491096
15.6528921491096
15.6528921491096
15.6528921491096
15.6528921491096
15.6528921491096
15.6528921491096
15.6528921491096
15.6528921491096
15.6528921491096
15.6528921491096
15.6528921491096
15.6528921491096
15.6528921491096
