16.035538918029
16.035538918029
16.035538918029
16.035538918029
16.035538918029
16.035538918029
16.035538918029
16.035538918029
16.035538918029
16.035538918029
16.035538918029
16.035538918029
16.035538918029
16.035538918029
16.035538918029
16.035538918029
16.035538918029
16.035538918029
16.035538918029
16.035538918029
16.035538918029
16.035538918029
16.035538918029
16.035538918029
16.035538918029
16.035538918029
16.035538918029
16.035538918029
16.035538918029
16.035538918029
16.035538918029
16.035538918029
16.035538918029
16.035538918029
16.035538918029
16.035538918029
16.035538918029
16.035538918029
16.035538918029
16.035538918029
16.035538918029
16.035538918029
16.035538918029
16.035538918029
16.035538918029
16.035538918029
16.035538918029
16.035538918029
16.035538918029
16.035538918029
16.035538918029
16.035538918029
16.035538918029
16.035538918029
16.035538918029
16.035538918029
16.035538918029
16.035538918029
16.035538918029
16.035538918029
16.035538918029
16.035538918029
16.035538918029
16.035538918029
16.035538918029
16.035538918029
16.035538918029
16.035538918029
16.035538918029
16.035538918029
16.035538918029
16.035538918029
