-0.314239387807515
-0.314239387807515
-0.314239387807515
-0.314239387807515
-0.314239387807515
-0.314239387807515
-0.314239387807515
-0.314239387807515
-0.314239387807515
-0.314239387807515
-0.314239387807515
-0.314239387807515
-0.314239387807515
-0.314239387807515
-0.314239387807515
-0.314239387807515
-0.314239387807515
-0.314239387807515
-0.314239387807515
-0.314239387807515
-0.314239387807515
-0.314239387807515
-0.314239387807515
-0.314239387807515
-0.314239387807515
-0.314239387807515
-0.314239387807515
-0.314239387807515
-0.314239387807515
-0.314239387807515
-0.314239387807515
-0.314239387807515
-0.314239387807515
-0.314239387807515
-0.314239387807515
-0.314239387807515
-0.314239387807515
-0.314239387807515
-0.314239387807515
-0.314239387807515
-0.314239387807515
-0.314239387807515
-0.314239387807515
-0.314239387807515
-0.314239387807515
-0.314239387807515
-0.314239387807515
-0.314239387807515
-0.314239387807515
-0.314239387807515
-0.314239387807515
-0.314239387807515
-0.314239387807515
-0.314239387807515
-0.314239387807515
-0.314239387807515
-0.314239387807515
-0.314239387807515
-0.314239387807515
-0.314239387807515
-0.314239387807515
-0.314239387807515
-0.314239387807515
-0.314239387807515
-0.314239387807515
-0.314239387807515
-0.314239387807515
-0.314239387807515
-0.314239387807515
-0.314239387807515
-0.314239387807515
-0.314239387807515
