28.42
27.335
30.058
36.741
40.832
29.394
36.106
23.719
35.382
50.171
25.391
38.685
31.171
29.995
39.8
19.282
24.319
25.469
30.413
29.841
39.32
32.993
26.815
39.479
42.862
44.056
42.904
41.8
40.508
38.413
17.477
32.605
37.158
39.555
26.098
37.513
26.226
34.537
40.081
37.192
40.714
35.91
31.528
42.035
31.854
38.47
47.68
12.096
35.07
6.9907
44.386
10.299
11.992
12.025
10.284
23.188
24.861
24.641
23.22
23.339
23.337
22.789
23.694
24.259
22.802
27.793
26.109
23.294
27.099
31.994
28.133
23.53
43.583
40.706
24.31
22.975
25.625
28.808
23.649
24.235
23.339
23.703
26.55
28.663
24.647
27.445
26.228
25.554
25.188
30.346
27.767
31.973
31.387
35.553
38.714
33.967
39.319
35.572
27.833
41.983
37.764
35.184
42.268
43.29
42.658
41.265
34.161
42.597
40.324
41.362
34.859
25.254
31.582
30.025
33.527
39.142
32.28
28.368
29.002
38.358
36.515
30.006
30.947
37.871
38.496
32.72
34.244
38.205
39.203
36.824
32.586
39.094
35.165
39.403
37.083
37.744
37.438
39.416
41.674
40.018
40.289
43.259
41.709
40.603
42.482
41.694
41.133
39.273
41.544
40.809
39.219
39.766
40.852
39.743
38.139
39.411
35.828
35.775
37.119
38.489
36.668
34.445
38.149
39.987
37.14
38.571
40.261
31.81
36.182
35.81
37.026
30.667
33.379
34.498
29.764
34.224
30.828
34.459
33.488
31.875
33.115
31.997
33.14
35.789
34.657
35.801
37.131
38.449
38.039
37.105
34.471
33.74
34.818
35.987
33.327
57.469
56.885
47.854
36.148
40.626
42.838
32.501
50.959
33.831
35.812
31.08
31.325
29.498
29.75
32.158
32.41
35.89
28.665
26.274
38.764
28.511
45.477
27.398
27.605
44.916
28.728
30.422
33.869
54.064
39.552
57.224
49.166
50.928
42.805
59.637
51.397
49.893
40.861
44.405
37.414
38.474
52.747
45.758
59.219
54.756
55.065
52.375
46.298
57.067
47.966
47.121
49.885
26.149
33.089
41.821
47.072
42.901
45.755
28.918
42.881
26.418
42.712
31.772
39.618
41.324
36.348
40.234
44.643
22.765
42.438
41.478
46.421
9.4181
51.669
19.944
34.081
39.137
33.431
29.812
22.538
24.27
34.345
17.135
27.063
22.322
17.117
22.151
19.197
14.368
29.012
11.796
14.757
19.856
39.275
36.294
30.049
19.513
35.967
19.261
14.173
16.88
9.3434
12.124
14.503
9.2065
11.721
9.4603
12.005
9.493
7.7453
7.8984
10.38
9.444
12.859
12.846
19.064
12.923
25.081
25.544
37.47
43.861
