-6.7764
-6.8178
-4.4598
-17.149
-6.6634
-33.665
-18.297
-46.667
-7.2741
-49.549
-46.539
-12.89
-4.3969
-4.7725
-0.78083
-16.084
-26.028
-49.637
-30.97
-5.4196
-11.741
-25.562
-39.072
-1.811
-1.325
-0.25983
-3.6762
-0.10423
-42.401
-2.1094
-23.859
-26.189
-2.311
-0.3195
-8.1551
-5.9381
-49.97
-5.7159
-30.047
-0.70248
-39.779
-18.86
-6.7499
-43.461
-34.963
-1.8034
-47.531
-20.429
-1.6635
-16.585
-44.691
-15.185
-14.469
-14.455
-15.191
-47.918
-47.541
-50.089
-47.951
-50.375
-47.835
-49.171
-47.196
-50.212
-48.697
-37.953
-41.478
-47.996
-39.588
-28.6
-36.87
-46.886
-37.826
-25.102
-45.658
-47.684
-49.969
-34.708
-45.524
-44.48
-46.939
-46.201
-50.519
-52.021
-48.101
-37.006
-40.116
-42.277
-42.857
-32.042
-37.45
-28.257
-29.3
-20.583
-13.615
-23.892
-12.143
-20.154
-36.379
-5.0453
-15.373
-20.781
-5.6342
-0.52338
-4.6047
-7.4812
-22.556
-4.1308
-9.0843
-1.4101
-20.355
-41.788
-27.964
-31.597
-23.705
-3.5472
-25.762
-34.52
-33.372
-7.4961
-16.321
-30.715
-29.112
-8.4061
-11.798
-7.3069
-21.269
-12.222
-9.0541
-15.861
-25.307
-10.914
-19.9
-10.454
-3.1319
-14.492
-14.947
-5.8458
-5.5059
-9.5389
-2.0471
-0.088573
-2.8455
-1.2067
-0.35534
-0.0086605
-3.6052
-2.2293
-1.0062
-0.78856
-0.22119
-0.016275
-0.063842
-1.0868
-0.72386
-0.013675
-3.3336
-2.6585
-2.102
-1.2883
-4.38
-3.6811
-2.8336
-5.1054
-2.826
-4.2876
-7.4037
-5.4692
-5.29
-3.8485
-6.8481
-5.8448
-5.2317
-4.3562
-6.9725
-6.79
-5.4552
-4.1473
-3.41
-5.7487
-4.7038
-4.8223
-4.4465
-3.1247
-2.7771
-2.4013
-1.3786
-1.0793
-0.43734
-1.6358
-3.4239
-2.6862
-2.3875
-1.7545
-3.7996
-55.509
-51.7
-30.577
-1.3649
-7.4883
-14.509
-3.3744
-49.506
-2.3518
-9.402
-4.7312
-3.7499
-6.4777
-5.7538
-4.4325
-3.7086
-30.478
-5.7952
-6.8392
-30.312
-6.4422
-46.432
-6.505
-5.8166
-44.601
-5.4824
-7.9382
-8.6823
-51.94
-10.611
-47.299
-27.773
-34.102
-20.351
-54.696
-40.777
-40.753
-19.629
-29.831
-18.885
-39.809
-52.204
-44.591
-56.994
-53.287
-53.538
-50.65
-47.05
-54.513
-48.449
-45.702
-48.632
-30.218
-19.101
-40.731
-40.993
-29.807
-41.258
-7.9138
-41.423
-6.4636
-43.501
-19.366
-39.632
-41.324
-35.68
-41.488
-43.689
-26.001
-42.588
-39.786
-44.525
-17.544
-49.472
-25.436
-37.567
-39.744
-34.998
-33.95
-27.744
-30.001
-35.099
-22.37
-30.319
-26.294
-24.23
-28.098
-26.161
-22.43
-30.6
-18.403
-21.511
-24.718
-38.687
-35.38
-30.782
-23.228
-34.716
-22.458
-19.261
-21.597
-16.838
-19.881
-20.739
-18.621
-17.696
-15.54
-14.463
-15.526
-16.266
-16.201
-15.151
-15.547
-14.102
-14.107
-15.989
-14.075
-18.62
-18.823
-24.039
-26.834
