120.430  23.524 -40.000
120.488  23.537 -40.000
120.546  23.557 -40.000
120.603  23.577 -40.000
120.653  23.610 -40.000
120.428  23.527 -35.000
120.487  23.541 -35.079
120.544  23.561 -34.953
120.601  23.581 -34.987
120.651  23.613 -35.000
120.426  23.531 -30.000
120.485  23.545 -30.079
120.543  23.564 -29.953
120.600  23.584 -29.987
120.649  23.617 -30.000
120.425  23.534 -25.000
120.484  23.548 -25.079
120.541  23.568 -24.953
120.598  23.588 -24.987
120.648  23.620 -25.000
120.423  23.538 -20.000
120.482  23.552 -20.079
120.539  23.571 -19.953
120.596  23.591 -19.987
120.646  23.624 -20.000
120.421  23.541 -15.000
120.480  23.555 -15.079
120.538  23.575 -14.953
120.595  23.595 -14.987
120.644  23.627 -15.000
120.420  23.545 -10.000
120.479  23.559 -10.079
120.536  23.578  -9.953
120.593  23.598  -9.987
120.643  23.631 -10.000
120.418  23.548  -4.898
120.477  23.562  -5.079
120.534  23.582  -4.953
120.591  23.602  -4.987
120.641  23.634  -5.000
120.416  23.552   0.000
120.474  23.566   0.000
120.532  23.585   0.000
120.589  23.605   0.000
120.639  23.638   0.000
