0.748643841147707
0.748643841147707
0.748643841147707
0.748643841147707
0.748643841147707
0.748643841147707
0.748643841147707
0.748643841147707
0.748643841147707
0.748643841147707
0.748643841147707
0.748643841147707
0.748643841147707
0.748643841147707
0.748643841147707
0.748643841147707
0.748643841147707
0.748643841147707
0.748643841147707
0.748643841147707
0.748643841147707
0.748643841147707
0.748643841147707
0.748643841147707
0.748643841147707
0.748643841147707
0.748643841147707
0.748643841147707
0.748643841147707
0.748643841147707
0.748643841147707
0.748643841147707
0.748643841147707
0.748643841147707
0.748643841147707
0.748643841147707
0.748643841147707
0.748643841147707
0.748643841147707
0.748643841147707
0.748643841147707
0.748643841147707
0.748643841147707
0.748643841147707
0.748643841147707
0.748643841147707
0.748643841147707
0.748643841147707
0.748643841147707
0.748643841147707
0.748643841147707
0.748643841147707
0.748643841147707
0.748643841147707
0.748643841147707
0.748643841147707
0.748643841147707
0.748643841147707
0.748643841147707
0.748643841147707
0.748643841147707
0.748643841147707
0.748643841147707
0.748643841147707
0.748643841147707
0.748643841147707
0.748643841147707
0.748643841147707
0.748643841147707
0.748643841147707
0.748643841147707
0.748643841147707
