5.07737291518791
5.07737291518791
5.07737291518791
5.07737291518791
5.07737291518791
5.07737291518791
5.07737291518791
5.07737291518791
5.07737291518791
5.07737291518791
5.07737291518791
5.07737291518791
5.07737291518791
5.07737291518791
5.07737291518791
5.07737291518791
5.07737291518791
5.07737291518791
5.07737291518791
5.07737291518791
5.07737291518791
5.07737291518791
5.07737291518791
5.07737291518791
5.07737291518791
5.07737291518791
5.07737291518791
5.07737291518791
5.07737291518791
5.07737291518791
5.07737291518791
5.07737291518791
5.07737291518791
5.07737291518791
5.07737291518791
5.07737291518791
5.07737291518791
5.07737291518791
5.07737291518791
5.07737291518791
5.07737291518791
5.07737291518791
5.07737291518791
5.07737291518791
5.07737291518791
5.07737291518791
5.07737291518791
5.07737291518791
5.07737291518791
5.07737291518791
5.07737291518791
5.07737291518791
5.07737291518791
5.07737291518791
5.07737291518791
5.07737291518791
5.07737291518791
5.07737291518791
5.07737291518791
5.07737291518791
5.07737291518791
5.07737291518791
5.07737291518791
5.07737291518791
5.07737291518791
5.07737291518791
5.07737291518791
5.07737291518791
5.07737291518791
5.07737291518791
5.07737291518791
5.07737291518791
