3.0031,3.0031,3.0031
3.0031,3.0031,3.0031
3.0031,3.0031,3.0031
3.0031,3.0031,3.0031
3.0031,3.0031,3.0031
3.0031,3.0031,3.0031
3.0031,3.0031,3.0031
3.0031,3.0031,3.0031
3.0031,3.0031,3.0031
3.0031,3.0031,3.0031
3.0031,3.0031,3.0031
3.0031,3.0031,3.0031
3.0031,3.0031,3.0031
3.0031,3.0031,3.0031
3.0031,3.0031,3.0031
3.0031,3.0031,3.0031
3.0031,3.0031,3.0031
3.0031,3.0031,3.0031
3.0031,3.0031,3.0031
3.0031,3.0031,3.0031
3.0031,3.0031,3.0031
3.0031,3.0031,3.0031
3.0031,3.0031,3.0031
3.0031,3.0031,3.0031
3.0031,3.0031,3.0031
3.0031,3.0031,3.0031
3.0031,3.0031,3.0031
3.0031,3.0031,3.0031
3.0031,3.0031,3.0031
3.0031,3.0031,3.0031
3.0031,3.0031,3.0031
3.0031,3.0031,3.0031
3.0031,3.0031,3.0031
3.0031,3.0031,3.0031
3.0031,3.0031,3.0031
3.0031,3.0031,3.0031
3.0031,3.0031,3.0031
3.0031,3.0031,3.0031
3.0031,3.0031,3.0031
3.0031,3.0031,3.0031
3.0031,3.0031,3.0031
3.0031,3.0031,3.0031
3.0031,3.0031,3.0031
3.0031,3.0031,3.0031
3.0031,3.0031,3.0031
3.0031,3.0031,3.0031
3.0031,3.0031,3.0031
3.0031,3.0031,3.0031
3.0031,3.0031,3.0031
3.0031,3.0031,3.0031
3.0031,3.0031,3.0031
3.0031,3.0031,3.0031
3.0031,3.0031,3.0031
3.0031,3.0031,3.0031
3.0031,3.0031,3.0031
3.0031,3.0031,3.0031
3.0031,3.0031,3.0031
3.0031,3.0031,3.0031
3.0031,3.0031,3.0031
3.0031,3.0031,3.0031
