121.679  23.937 -30.000
121.687  23.984 -30.000
121.725  24.019 -30.000
121.765  24.050 -30.000
121.800  24.087 -30.000
121.826  24.130 -30.000
121.840  24.177 -30.000
121.668  23.942 -25.000
121.677  23.990 -25.118
121.714  24.024 -24.989
121.755  24.056 -24.977
121.789  24.093 -25.034
121.815  24.135 -24.997
121.829  24.182 -25.000
121.657  23.948 -20.000
121.666  23.995 -20.121
121.703  24.030 -19.988
121.743  24.061 -19.976
121.778  24.098 -20.035
121.804  24.140 -19.996
121.818  24.187 -20.000
121.646  23.953 -15.000
121.655  24.000 -15.123
121.692  24.035 -14.988
121.732  24.066 -14.975
121.767  24.103 -15.036
121.793  24.146 -14.995
121.807  24.192 -15.000
121.635  23.958 -10.000
121.644  24.006 -10.126
121.681  24.040  -9.988
121.721  24.072  -9.975
121.756  24.109 -10.037
121.782  24.151  -9.995
121.796  24.198 -10.000
121.624  23.963  -5.000
121.633  24.011  -5.128
121.670  24.045  -4.987
121.710  24.077  -4.974
121.744  24.114  -5.038
121.770  24.156  -4.994
121.785  24.203  -5.000
121.612  23.968   0.000
121.621  24.015   0.000
121.658  24.050   0.000
121.699  24.082   0.000
121.733  24.119   0.000
121.759  24.161   0.000
121.773  24.208   0.000
