0.036364
0.0090909
0
0.0090909
0.075325
0.036364
0.13896
0
0.20649
0.075325
0.20649
0.036364
0.20649
0
0.20649
0.0025974
0
0
0.0090909
0.0090909
0
0
0
0.075325
0.0025974
0
0
0.18312
0.075325
0.075325
0
0
0.0090909
0.0090909
0.0025974
0
0
0
0
0.036364
0.20649
0.075325
0
0.0025974
0.0025974
0.0090909
0.18312
0.1
0.1
0.13896
0
0.18312
0.20649
0.18312
0.20649
0.20649
0.20649
0.18312
0.20649
0.075325
0.075325
0.18312
0.036364
0.18312
0.20649
0.075325
0.075325
0.0025974
0.075325
0.0025974
0.036364
0.0090909
0.075325
0.0090909
0.0090909
0
0
0
0
0
0
0
0
0
0.0025974
0
0
0
0
0
0
0.0025974
0
0
0
0
0
0
0
0
0
0
0.0025974
0
0
0.036364
0.0090909
0
0
0.0090909
0
0.0025974
0
0.0090909
0.036364
0.18312
0.075325
0.036364
0.0090909
0.18312
0.036364
0.18312
0.075325
0.0025974
0.036364
0.036364
0.18312
0.075325
0.20649
0.036364
0.18312
0.075325
0.20649
0.0025974
0
0.036364
0.0025974
0.036364
0.0090909
0.036364
0.0025974
0.0025974
0.0090909
0
0
0.0025974
0
0
0
0
0
0
0
0
0
0
0
0
0
0
0
0.0090909
0
0
0
0
0
0
0
0
0
0
0.0025974
0
0.0090909
0
0.18312
0.036364
0.0090909
0.0025974
0.0090909
0.075325
0.0025974
0.036364
0.18312
0.036364
0.18312
0.075325
0.18312
0.075325
0.20649
0.036364
0.20649
0.075325
0.1
0.1
0.13896
0.13896
0.1
0.20649
0.13896
0.13896
0.1
0.18312
0.13896
0.13896
0.20649
0.20649
0.18312
0.20649
0.18312
0.20649
0.18312
0.1
0.1
0.13896
0.1
0.13896
