89.308
90.174
74.634
90.174
86.705
90.174
64.855
81.298
90.174
90.175
71.401
89.307
84.049
90.174
81.298
89.307
90.174
58.41
72.479
74.64
63.336
36.894
60.879
86.704
90.175
89.307
86.704
90.174
90.174
90.174
90.174
71.401
90.175
90.174
90.174
65.968
90.174
90.174
78.583
90.174
68.163
90.175
76.789
76.789
83.128
75.719
78.583
27.194
75.712
60.879
74.634
81.298
84.049
90.175
78.583
81.298
86.705
89.307
69.243
75.712
60.879
58.41
42.595
72.479
78.583
78.587
62.931
60.468
27.08
34.198
59.233
59.238
45.516
22.735
72.479
29.457
68.182
29.293
22.722
22.667
22.665
34.198
29.289
45.589
27.081
27.085
80.389
85.837
84.049
90.174
90.174
90.174
90.174
90.174
90.174
90.174
90.174
90.174
90.174
90.174
88.44
90.175
90.174
90.174
90.175
90.174
90.174
90.174
90.175
90.174
85.837
90.175
84.049
90.175
89.307
90.174
90.174
90.174
90.174
90.174
90.174
90.174
90.174
90.174
90.174
90.174
90.174
90.174
90.174
90.174
90.174
90.174
90.174
90.174
90.174
90.174
90.174
90.174
90.174
90.175
90.174
90.175
90.175
89.307
90.174
90.174
90.174
90.174
90.174
90.174
90.175
90.175
90.174
90.175
89.307
88.44
84.049
86.705
88.44
85.837
83.13
88.44
90.175
88.436
86.702
81.31
85.838
84.045
80.389
71.419
78.583
64.867
77.689
75.718
74.649
63.337
72.498
71.401
65.968
77.686
77.686
80.389
80.389
75.711
81.298
72.479
74.634
81.298
69.243
80.389
62.931
77.686
77.686
78.583
61.702
83.128
85.837
86.705
88.44
86.705
84.049
85.837
80.389
81.298
83.128
77.686
77.686
84.049
85.837
88.439
88.439
83.128
80.389
83.128
83.128
74.634
75.711
75.711
69.243
74.634
72.479
68.162
65.968
64.855
71.401
62.114
63.336
60.468
59.645
51.588
62.931
60.879
63.336
61.702
62.114
60.879
62.114
59.645
61.702
62.931
45.592
60.468
54.588
64.855
62.114
63.336
69.243
65.968
72.479
68.162
71.401
65.968
68.162
69.243
68.162
68.162
63.336
65.968
64.855
64.855
60.879
69.243
62.117
69.279
71.413
65.985
64.855
61.705
63.336
59.645
62.931
62.114
59.647
60.882
60.473
60.468
58.41
60.468
58.411
59.645
54.589
61.702
62.114
62.931
62.931
61.702
61.703
60.468
57.999
59.645
58.41
57.999
36.899
54.589
51.59
51.591
34.196
59.233
57.999
51.543
58.001
54.574
51.591
42.468
45.596
36.861
36.899
29.286
34.224
27.234
20.486
20.499
29.288
34.197
42.599
45.595
42.598
45.593
36.897
22.666
20.486
42.594
36.898
42.591
27.082
29.291
20.457
20.458
59.233
54.588
59.233
59.645
58.41
59.233
57.999
58.41
51.589
57.999
54.588
36.895
54.587
57.999
59.233
51.587
45.588
42.589
34.199
34.198
29.293
27.085
22.666
20.459
20.458
22.667
