-20.5433025620775
-20.5466585059911
-20.5504168441397
-13.8124332573403
-20.5566806424156
-19.9494581057784
-20.5502693661493
-20.5566806050939
-13.812539424734
-20.5454056338829
-20.5491642104084
-20.5469384065389
-20.5416476530945
-20.5541750451107
-20.5394068148774
-20.5439949295174
-20.5504169634257
-20.5504168658238
-20.5529224070877
-20.5504168845042
-20.5579334554191
-20.5566806337609
-20.5529223854919
-20.5375194636058
-20.5504170542502
-20.5395798321928
-20.5391419222679
-20.5484100836195
-20.5425233351585
-20.541647661764
-20.5557688060446
-20.5513536614781
-20.5389910457426
-19.9493855449426
-10.7441898166522
-20.5377619107589
-20.55282507693
-14.4262634784948
-20.5469385896071
-20.5460728154078
-20.549164141858
-15.7619422180822
-14.5286614962833
-10.7803728331466
-20.5541012357548
-20.5579334266202
-20.5579334410856
-20.5566068245879
-20.5529223211229
-20.5489550979562
-20.5426915026062
-20.5416472703317
-20.5527009867367
-20.5452664807461
-20.5378892022486
-20.5415778635361
-20.544485593235
-20.5548857803097
-20.5496855183567
-19.9493869603168
-16.2673295871339
-20.5390723876636
-20.5378891814244
-20.5393201923315
-20.5372424683196
-20.5388873466348
-20.548237271566
-20.5374156291788
-20.5419173571315
-20.5477177195263
-20.5510074417524
-20.5438220417882
-20.5465923674475
-11.9715830960594
-16.2674357168547
-20.5378891850305
-20.5381082378339
-20.5416576722941
-20.5421771405367
-20.5416473931114
-20.5378892603493
-20.5454057602701
-20.5429002405149
-20.5391418764978
-20.5391418837099
-20.5541750451125
-20.5529224257672
-20.5464374965438
-20.54665862878
-20.5579334410657
-20.5541750775807
-20.5429000991091
-20.5429000954878
-20.5529222235287
-20.5566806050541
-20.5579334597465
-20.5566805689733
-20.5466584698688
-20.5454058355916
-20.5454061679183
-20.5491639588409
-20.5378892856211
-20.5466588733328
-20.5579334230253
-20.5541750077538
-20.5541752071502
-20.5466587635023
-20.5491643540153
-20.5454059215683
-20.5491641445188
-20.5429004436993
-20.537889276954
-20.5471113683716
-20.5489986648064
-20.5426962902261
-20.5603567671551
-20.5520461298777
-20.5429005520428
-20.5391420762244
-20.5475269588657
-20.54399478581
-20.5416475785963
-20.5391420805574
-20.5443411956529
-20.5381080281544
-20.5395795901244
-20.5425229790356
-20.5515264630723
-20.5487563024688
-20.5572403546314
-20.5559416890095
-20.5601839608782
-20.5620015865709
-12.5850399967696
-16.2673118654125
-19.3356437772968
-20.5564611385673
-10.1303224089664
-19.94940323014
-20.5531714997357
-20.5608761472569
-20.5575865084253
-20.5625212533763
-20.5536909492935
-20.5581059579831
-18.1083920258269
-19.3357852863976
-17.4948289864107
-13.8125571177677
-12.5852346117475
-11.9714769573533
-18.1083212712765
-17.4946343714328
-16.2673295871339
-14.4262634784948
-15.6536762592359
-17.4947228477046
-15.6534993659794
-10.7440836967826
-12.5852346117475
-10.7440641766122
-11.9713866826325
-10.1304657530403
-11.9714415504346
-11.9715830964924
-10.7441190444143
-10.1304657436221
-10.1303772767685
-10.1304657436221
-13.8125571177677
-20.560184133549
-19.9494581344661
-12.5852523033024
-16.2673295871339
-19.3357340520177
-15.6536762592359
-14.4260865624751
-20.5570676660874
-18.108340791447
-20.5526523337496
-20.561655509465
-20.5554225612767
-19.9494581344661
-20.5507648929693
-20.5616558491092
-20.5522366085295
-18.1085017775368
-20.5557687347873
-17.4947777045066
-12.5851461354756
-15.6536054854161
-19.3357888989685
-20.5572404503475
-20.5622443857387
-20.5520402136026
-19.3357889563438
-20.5600860170546
-20.5622443857387
-20.5571425859342
-20.5607726701784
-18.1425202324808
-18.1083956957731
-19.3698756564984
-14.4261573397887
-16.3356535046448
-12.6935890359685
-17.4947777520307
-17.59711269659
-15.6537116433916
-14.4262634977642
-10.7441898354887
-10.1304657530403
-13.8125393960463
-13.8846931409058
-12.0076599545783
