122.143  24.856 -40.000
122.096  24.837 -40.000
122.058  24.808 -40.000
122.025  24.776 -40.000
121.989  24.741 -40.000
121.948  24.716 -40.000
121.910  24.685 -40.000
121.890  24.643 -40.000
121.854  24.614 -40.000
121.829  24.572 -40.000
121.782  24.551 -40.000
121.744  24.523 -40.000
121.706  24.496 -40.000
121.669  24.465 -40.000
121.634  24.432 -40.000
122.127  24.872 -35.556
122.081  24.853 -35.516
122.042  24.825 -35.554
122.008  24.791 -35.407
121.974  24.757 -35.536
121.932  24.732 -35.609
121.894  24.702 -35.573
121.874  24.660 -35.556
121.837  24.629 -35.486
121.814  24.588 -35.519
121.769  24.568 -35.577
121.729  24.540 -35.571
121.690  24.512 -35.536
121.653  24.481 -35.447
121.618  24.448 -35.556
122.111  24.889 -31.111
122.066  24.870 -31.103
122.026  24.841 -31.106
121.992  24.807 -30.963
121.958  24.774 -31.093
121.916  24.749 -31.160
121.879  24.718 -31.129
121.859  24.676 -31.111
121.822  24.645 -31.042
121.798  24.605 -31.074
121.753  24.585 -31.138
121.714  24.556 -31.126
121.674  24.528 -31.089
121.637  24.497 -31.020
121.602  24.464 -31.111
122.096  24.905 -26.667
122.050  24.886 -26.631
122.011  24.857 -26.669
121.977  24.823 -26.519
121.942  24.790 -26.649
121.900  24.765 -26.720
121.863  24.734 -26.685
121.843  24.692 -26.665
121.806  24.661 -26.598
121.782  24.621 -26.629
121.737  24.601 -26.693
121.698  24.572 -26.682
121.658  24.544 -26.642
121.622  24.513 -26.566
121.587  24.480 -26.667
122.080  24.921 -22.222
122.034  24.902 -22.209
121.995  24.874 -22.218
121.961  24.840 -22.075
121.927  24.806 -22.205
121.885  24.781 -22.267
121.848  24.750 -22.241
121.827  24.708 -22.220
121.790  24.678 -22.153
121.767  24.637 -22.185
121.722  24.617 -22.245
121.682  24.589 -22.237
121.643  24.561 -22.202
121.606  24.529 -22.099
121.571  24.497 -22.222
122.064  24.938 -17.778
122.019  24.919 -17.766
121.979  24.890 -17.781
121.945  24.856 -17.632
121.911  24.823 -17.761
121.869  24.798 -17.830
121.832  24.767 -17.797
121.812  24.725 -17.774
121.775  24.694 -17.709
121.751  24.654 -17.740
121.706  24.634 -17.809
121.667  24.605 -17.793
121.627  24.577 -17.751
121.590  24.546 -17.681
121.555  24.513 -17.778
122.049  24.954 -13.333
122.003  24.935 -13.316
121.964  24.906 -13.329
121.930  24.872 -13.188
121.895  24.839 -13.318
121.853  24.814 -13.377
121.816  24.783 -13.353
121.796  24.741 -13.328
121.759  24.710 -13.265
121.735  24.670 -13.295
121.690  24.650 -13.354
121.651  24.621 -13.348
121.611  24.593 -13.314
121.575  24.562 -13.209
121.540  24.529 -13.333
122.033  24.970  -8.889
121.987  24.951  -8.900
121.948  24.923  -8.892
121.914  24.889  -8.744
121.880  24.855  -8.874
121.838  24.830  -8.940
121.801  24.799  -8.909
121.780  24.757  -8.883
121.743  24.727  -8.820
121.720  24.686  -8.850
121.675  24.666  -8.922
121.635  24.638  -8.903
121.596  24.610  -8.861
121.559  24.578  -8.796
121.524  24.545  -8.889
122.017  24.987  -4.444
121.972  24.968  -4.420
121.932  24.939  -4.441
121.898  24.905  -4.300
121.864  24.872  -4.428
121.822  24.847  -4.492
121.785  24.816  -4.465
121.765  24.774  -4.437
121.728  24.743  -4.376
121.704  24.702  -4.406
121.659  24.682  -4.468
121.620  24.654  -4.459
121.580  24.626  -4.423
121.543  24.595  -4.328
121.508  24.562  -4.444
122.002  25.003   0.000
121.955  24.984   0.000
121.917  24.955   0.000
121.884  24.922   0.000
121.849  24.888   0.000
121.807  24.863   0.000
121.769  24.832   0.000
121.749  24.790   0.000
121.713  24.760   0.000
121.688  24.718   0.000
121.641  24.698   0.000
121.603  24.670   0.000
121.565  24.642   0.000
121.528  24.612   0.000
121.493  24.578   0.000
