1
0.95584
0.77273
0.4974
0.84026
0.61039
0.5013
0.95455
0.49481
0.77532
0.4961
0.21039
0.95584
0.81948
0.84026
0.92857
1
0
0
1
0.77143
0.92857
0.61818
0.49481
0.95714
1
0.92987
1
1
1
0.82078
0.77273
0.95455
1
0.61818
0.84026
0.95584
0.4974
0.61688
0.49481
0.61948
0.3026
0.84026
0.20909
0.3
0.20909
0.3013
0.77143
0.61818
0.4961
0.92857
1
0.84026
0.95844
0.92857
0.61818
0.77143
1
0
0.81948
0
0.92987
1
1
0.78701
0.92857
1
1
0.78312
0.83766
0
0
0.85325
0.95455
1
1
0.83117
1
1
0.95714
1
0.77143
0.92857
0.62338
0.84286
0.84675
0.92987
0.61169
0.77013
0.61688
0.84286
0.77143
0.92987
0.77143
0.77273
0.77273
0.95584
0.95714
0.84286
0.95584
0.84026
0.84026
0.92987
1
0
1
0.81169
0
0.80519
0.82078
0
1
0
0.83896
0
0.92857
1
0.92987
1
1
0
0.7961
0
1
0.7987
0
0.95584
0.77143
0.95844
1
1
0.49481
0.4974
0.62208
0.77273
0.84675
0.92987
0.84156
0.61818
0.5013
0.49481
0.84026
0.61429
0.4974
0.4974
0.61818
