0.025974
0.092208
0.081818
0
0.12338
0
0
0.10779
0.12208
0.0038961
0.041558
0
0
0.10519
0.071429
0.0038961
0.074026
0
0.049351
0.092208
0.04026
0.12338
0
0.12078
0.10519
0.092208
0.0038961
0.041558
0
0.10779
0
0
0
0
0
0.097403
0.074026
0
0
0
0.097403
0.12078
0.12338
0.12338
0.0038961
0.0038961
0
0
0
0.025974
0.025974
0.097403
0.074026
0.10519
0
0
0
0
0.11039
0
0.011688
0.04026
0.092208
0.092208
0
0
0
0.081818
0.071429
0
0
0
0
0
0
0
0
0
0
0
0
0
0
0
0
0
0
0
0
0
0.019481
0
0.019481
0
0.011688
0.033766
0.033766
0.071429
0.081818
0.049351
0.057143
0.081818
0.049351
0.081818
0.049351
0.071429
0.057143
0.071429
0
0
0
0.092208
0.092208
0.092208
0.081818
0.081818
0.11818
0.12338
0.097403
0
0
0
0.041558
0.025974
0.025974
0.064935
0
0.041558
0.10779
0.12078
0.074026
0.074026
0
0.064935
0.041558
0.074026
0
0
0
0
0
0
0.041558
0.025974
0.12338
0.11039
0.12078
0.12078
0.12078
0.12078
0.12078
0.12078
0.11039
0.10519
0.081818
0.092208
0.092208
0.092208
0.10519
0.11039
0.092208
0.10519
0.11039
0.10519
0.074026
0.097403
0.12078
0.10779
0.064935
0.097403
0.12078
0.12338
0.025974
0.074026
0
0.025974
0.041558
0
0.041558
0.10779
0.041558
0.064935
0.0038961
0
0
0
0
0
0
0
0
0.0038961
0.0038961
0
0
0
0.0038961
0
0
0.041558
0
0
0
0
0
0
0
0.0038961
0
0
0
0.041558
0.074026
0.12078
0.025974
0.10779
0.064935
0.11818
0.097403
0.11818
0.11039
0.092208
0.11818
0.11818
0.12078
0.12338
0.12078
0.12208
0.12338
0.071429
0.049351
0.11039
0.11039
0.011688
0.057143
0.049351
0.071429
0.081818
0.071429
0.057143
0.11039
0.12338
0.10519
0.12208
0.11039
0.12208
0.092208
0.10519
0.092208
0.11039
0.092208
0.11039
0.12208
0.10519
0.049351
0.049351
0.049351
0.04026
0.092208
0.10519
0.049351
0.04026
0.071429
0.092208
0
0.011688
0
0.019481
0
0.019481
0
0
0
0
0
0
0
0
0
0
0
0
0
0
0.033766
0.04026
0
0.057143
0
0
0
0
0
0
0
0
0
0
0
0
0
0
0
0
0
0
0
0
0
0
0
0
0
0
0
0
0
0
0
0
0
0
0
0
0
0
0
0
0
0
0
0
0
0
0
0
0
0
0
0
0
0
0
0
0
0
0
0
0
0
0
0
0
0
0
0
0
0
0
0
0
0
0
0
0
0
0
0.019481
0
0.011688
0
0.04026
0.011688
0.019481
0.033766
0.019481
0.04026
0.049351
0.057143
0.011688
0.04026
0.019481
0
0.011688
0
0.011688
0
0.011688
0
0.011688
0
0.04026
0.04026
0.019481
0.04026
0.033766
0.049351
0.019481
0.04026
0.033766
0.057143
0.011688
0.033766
0.081818
0.049351
0.057143
0.049351
0.033766
0.057143
0.071429
0.057143
0.081818
0.092208
0.071429
0.092208
0.10519
0.092208
0.081818
0.092208
0.071429
0.092208
0.071429
0.092208
0.092208
0.092208
0.057143
0.049351
0.071429
0.092208
0.033766
0.057143
0.04026
0.033766
0.057143
0.049351
0.071429
0.092208
0.04026
0.033766
0.081818
0.11039
0.071429
0.092208
0.10519
0.092208
0.071429
0.033766
0.057143
0.057143
0.049351
0.04026
0.049351
0.081818
0.071429
0.04026
0.011688
0.033766
0.019481
0
0
0.011688
0
0
0.019481
0.033766
0.019481
0.12338
0.12338
0.12078
0.12338
0.10519
0.092208
0.10519
0.11039
0.12208
0.092208
0.092208
0.12338
0.12338
0.12338
0.10519
0.12338
0.12208
0.12338
0.12208
0.11039
0.12078
0.10779
0.11818
0.097403
0.12338
0.11818
0.12078
0.097403
0.12078
0.11818
0.074026
0.074026
0.10779
0.064935
0.097403
0.074026
0.097403
0.10779
0.10779
0.064935
0.074026
0.041558
0.11818
0.11818
0.10779
0
0.025974
0
0.025974
0
0
0
0
0.0038961
0
0
0
0
0
0
0
0
0
0
0
0
0
0.0038961
0
0
0
0
0
0
0
0
0
0
0
0
0
0
0
0.0038961
0.025974
0
0
0
0.025974
0
0.0038961
0.0038961
0
0.064935
0.041558
0
0
0.064935
0.041558
0.064935
0.041558
0
0.025974
0.041558
0.025974
0.041558
0.097403
0.10779
0.064935
0.041558
0.064935
0.0038961
0.025974
0.041558
0
0
0
0
0
0.0038961
0
0.0038961
0
0
0
0
0
0
0
0
0
0
0
0
0
0.0038961
0
0
0
0
0
0
0
0
0
0
0
0
0
0
0
0
0.0038961
0
0.0038961
0
0
0.025974
0
0.0038961
0
0
0
0.025974
0.074026
0.025974
0.097403
0.041558
0.074026
0.041558
0.064935
0
0
0.097403
0.11818
0.064935
0.074026
0.12078
0.12078
0.10779
0.11818
0.12338
0.12078
0.12078
0.11818
0.10779
0.12078
0.097403
0.064935
0.074026
0.064935
0.074026
0.097403
0.074026
0.064935
0.11818
0.10779
0.074026
0.064935
0.11818
0.10779
0.12078
0.12078
0.11818
0.11818
0.12078
0.097403
0.12078
0.10779
0.12208
0.12338
0.12338
0.12078
0.12208
0.12338
0.12078
0.12078
0.12208
0.12338
0.10519
0.11039
0.11039
0.12338
0.092208
0.10519
0.11039
0.12208
0.11039
0.12208
0.11039
0.12338
0.12338
0.12078
0.12208
0.12208
0.12338
0.12338
0.12208
0.12338
0.12338
0.12078
0.12078
0.12338
0.11039
0.12208
0.12208
0.12338
0.10519
0.12338
0.12208
0.12338
0.12078
0.12338
0.12208
0.12078
0.12208
0.11039
0.12338
0.12338
0.092208
0.10519
0.12208
0.12338
0.10519
0.11039
0.092208
0.10519
0.10519
0.12338
0.092208
0.11039
0.10519
0.12208
0.12208
0.12338
0.12338
0.12338
0.12338
0.12338
0.12338
0.12338
0.11039
0.12208
0.12078
0.11818
0.12078
0.12078
0.12078
0.11818
0.12338
0.12078
0.12078
0.10779
0.11818
0.10779
0.12078
0.11818
0.12078
0.10779
0.10779
0.10779
0.097403
0.064935
0.097403
0.074026
0.12078
0.12338
0.10779
0.12078
0.12078
0.11818
0.12078
0.11818
0.11818
0.12078
0.097403
0.12078
0.10779
0.097403
0.041558
0.074026
0.097403
0.074026
0.097403
0.074026
0.041558
0.064935
0
0.025974
0
0.025974
0.025974
0.064935
0.025974
0
0
0
0
0
0
0
0
0
0
0
0
0
0.0038961
0
0
0
0
0
0
0
0.0038961
0
0
0
0
0
0
0
0
0
0
0.0038961
0
0
0.041558
0
0
0.0038961
0
0
0.041558
0
0
0.097403
0.074026
0.041558
0.064935
0
0.025974
0.074026
0.064935
0.041558
0.064935
0.025974
0.074026
0.025974
0
0.041558
0.10779
0.025974
0
0.0038961
0
0
0
0
0.025974
0.0038961
0
0.0038961
0
0
0
0
0
0
0
0
0
0
0
0
0
0
0
0
0
0.0038961
0
0
0
0
0
0
0
0
0
0
0
0
0.025974
0.041558
0
0.064935
0.0038961
0
0.0038961
0
0
0
0.041558
0.074026
0
0.025974
0.041558
0.064935
0
0.025974
0.025974
0.074026
0.097403
0.064935
0.12338
0.097403
0.11818
0.11818
0.11818
0.12078
0.10779
0.064935
0.11818
0.064935
0.097403
0.10779
0.097403
0.12078
0.10779
0.074026
0.064935
0.097403
0.12078
0.074026
0.064935
0.12078
0.11818
0.10779
0.097403
0.12338
0.12078
0.12338
0.12078
0.10779
0.097403
0.12208
0.12338
0.12078
0.11818
0.12208
0.12338
0.12078
0.12338
0.092208
0.10519
0.092208
0.11039
0.071429
0.081818
0.092208
0.10519
0.092208
0.10519
0.092208
0.10519
0.12208
0.11039
0.12338
0.12078
0.12338
0.12078
0.12338
0.12338
0.12208
0.12338
0.12078
0.092208
0.11039
0.092208
0.10519
0.11039
0.057143
0.081818
0.092208
0.081818
0.081818
0.092208
0.092208
0.092208
0.049351
0.033766
0.071429
0.049351
0.033766
0.033766
0.033766
0.04026
0.04026
0
0.019481
0
0.011688
0.04026
0.019481
0.011688
0.04026
0.011688
0.033766
0.019481
0
0.019481
0
0
0
0.011688
0
0.033766
0.033766
0.011688
0
0.019481
0.033766
0.049351
0.04026
0.057143
0.04026
0.049351
0.04026
0.057143
0.071429
0.057143
0.081818
0.081818
0.092208
0.057143
0.081818
0.057143
0.071429
0.092208
0.092208
0.049351
0.081818
0.092208
0.081818
0.049351
0.019481
0.081818
0.057143
0.057143
0.071429
0.057143
0.04026
0.057143
0.092208
0.092208
0.071429
0.081818
0.071429
0.071429
0.092208
0.081818
0.092208
0.071429
0.092208
0.081818
0.092208
0.071429
0.057143
0.081818
0.049351
0.049351
0.04026
0.049351
0.033766
0.081818
0.057143
0.019481
0.033766
0.04026
0.04026
0.011688
0.04026
0.019481
0.033766
0
0
0
0.011688
0
0
0
0.019481
0
0.011688
0
0
0
0.011688
0.033766
0.049351
0.019481
0.011688
0.057143
0.033766
0.011688
0.033766
0.019481
0.019481
0.019481
0
0
0
0
0
0
0
0
0
0
0
0
0
0
0
0
0
0
0
0
0
0
0
0
0
0
0
0
0
0
0
0
0
0
0
0
0
0
0
0
0
0
0
0
0
0
0
0
0
0
0
0
0
0
0
0
0
0
