125.166  24.403 -40.000
125.116  24.398 -40.000
125.066  24.394 -40.000
125.016  24.390 -40.000
124.965  24.386 -40.000
124.915  24.381 -40.000
124.865  24.377 -40.000
124.815  24.372 -40.000
124.764  24.368 -40.000
124.714  24.364 -40.000
124.664  24.359 -40.000
124.614  24.355 -40.000
124.564  24.350 -40.000
124.514  24.346 -40.000
124.463  24.341 -40.000
124.413  24.337 -40.000
124.363  24.332 -40.000
124.313  24.327 -40.000
124.263  24.323 -40.000
124.212  24.318 -40.000
124.162  24.314 -40.000
124.112  24.309 -40.000
124.062  24.304 -40.000
124.012  24.300 -40.000
123.962  24.295 -40.000
123.911  24.290 -40.000
123.861  24.286 -40.000
123.811  24.281 -40.000
123.761  24.284 -40.000
123.711  24.291 -40.000
123.661  24.297 -40.000
123.612  24.304 -40.000
123.562  24.311 -40.000
123.512  24.318 -40.000
123.462  24.324 -40.000
123.412  24.331 -40.000
123.362  24.338 -40.000
123.312  24.344 -40.000
123.262  24.351 -40.000
123.212  24.358 -40.000
123.163  24.364 -40.000
123.113  24.371 -40.000
123.063  24.378 -40.000
123.013  24.384 -40.000
125.165  24.360 -38.367
125.116  24.356 -38.261
125.067  24.352 -38.261
125.018  24.347 -38.261
124.968  24.343 -38.261
124.919  24.339 -38.261
124.870  24.335 -38.261
124.821  24.330 -38.261
124.772  24.326 -38.261
124.723  24.322 -38.261
124.674  24.317 -38.261
124.625  24.313 -38.261
124.576  24.309 -38.261
124.527  24.304 -38.261
124.478  24.300 -38.261
124.429  24.295 -38.261
124.380  24.291 -38.261
124.331  24.287 -38.261
124.282  24.282 -38.261
124.233  24.278 -38.261
124.184  24.273 -38.261
124.135  24.269 -38.261
124.086  24.264 -38.261
124.037  24.259 -38.261
123.988  24.255 -38.261
123.939  24.250 -38.261
123.890  24.246 -38.261
123.841  24.241 -38.261
123.792  24.239 -38.365
123.743  24.243 -38.261
123.694  24.250 -38.261
123.646  24.257 -38.261
123.597  24.263 -38.261
123.548  24.270 -38.261
123.500  24.276 -38.261
123.451  24.283 -38.261
123.402  24.290 -38.261
123.353  24.296 -38.261
123.305  24.303 -38.261
123.256  24.309 -38.261
123.207  24.316 -38.261
123.158  24.322 -38.261
123.110  24.329 -38.261
123.061  24.335 -38.261
123.012  24.341 -38.261
125.163  24.317 -36.522
125.114  24.313 -36.522
125.065  24.309 -36.522
125.016  24.305 -36.522
124.967  24.301 -36.522
124.918  24.296 -36.522
124.869  24.292 -36.522
124.820  24.288 -36.522
124.771  24.283 -36.522
124.722  24.279 -36.522
124.673  24.275 -36.522
124.624  24.270 -36.522
124.575  24.266 -36.522
124.526  24.262 -36.522
124.477  24.257 -36.522
124.428  24.253 -36.522
124.379  24.248 -36.522
124.330  24.244 -36.522
124.281  24.239 -36.522
124.232  24.235 -36.522
124.183  24.230 -36.522
124.134  24.226 -36.522
124.085  24.221 -36.522
124.036  24.217 -36.522
123.987  24.212 -36.522
123.938  24.208 -36.522
123.889  24.203 -36.522
123.840  24.198 -36.522
123.791  24.196 -36.626
123.742  24.201 -36.522
123.693  24.207 -36.522
123.645  24.214 -36.522
123.596  24.220 -36.522
123.547  24.227 -36.522
123.499  24.234 -36.522
123.450  24.240 -36.522
123.401  24.247 -36.522
123.352  24.253 -36.522
123.304  24.260 -36.522
123.255  24.266 -36.522
123.206  24.273 -36.522
123.157  24.279 -36.522
123.109  24.286 -36.522
123.060  24.292 -36.522
123.011  24.299 -36.522
125.162  24.275 -35.102
125.113  24.271 -34.783
125.064  24.266 -34.783
125.015  24.262 -34.783
124.966  24.258 -34.783
124.917  24.254 -34.783
124.868  24.249 -34.783
124.819  24.245 -34.783
124.769  24.241 -34.783
124.721  24.236 -34.783
124.672  24.232 -34.783
124.622  24.228 -34.783
124.573  24.223 -34.783
124.525  24.219 -34.783
124.476  24.214 -34.783
124.426  24.210 -34.783
124.378  24.206 -34.783
124.329  24.201 -34.783
124.280  24.197 -34.783
124.231  24.192 -34.783
124.182  24.188 -34.783
124.133  24.183 -34.783
124.084  24.179 -34.783
124.035  24.174 -34.783
123.986  24.169 -34.783
123.937  24.165 -34.783
123.888  24.160 -34.783
123.839  24.156 -34.783
123.790  24.154 -34.887
123.741  24.158 -34.783
123.692  24.164 -34.783
123.644  24.171 -34.783
123.595  24.178 -34.783
123.546  24.184 -34.783
123.498  24.191 -34.783
123.449  24.197 -34.783
123.400  24.204 -34.783
123.352  24.211 -34.783
123.303  24.217 -34.783
123.254  24.224 -34.783
123.205  24.230 -34.783
123.157  24.237 -34.783
123.108  24.243 -34.783
123.059  24.249 -34.783
123.010  24.256 -34.783
125.160  24.232 -33.043
125.111  24.228 -33.043
125.062  24.224 -33.043
125.013  24.219 -33.043
124.964  24.215 -33.043
124.915  24.211 -33.043
124.866  24.207 -33.043
124.817  24.202 -33.043
124.768  24.198 -33.043
124.719  24.194 -33.043
124.670  24.189 -33.043
124.621  24.185 -33.043
124.572  24.181 -33.043
124.523  24.176 -33.043
124.474  24.172 -33.043
124.425  24.167 -33.043
124.376  24.163 -33.043
124.327  24.158 -33.043
124.278  24.154 -33.043
124.229  24.149 -33.043
124.180  24.145 -33.043
124.131  24.140 -33.043
124.083  24.136 -33.043
124.034  24.131 -33.043
123.985  24.127 -33.043
123.936  24.122 -33.043
123.887  24.117 -33.043
123.838  24.113 -33.043
123.789  24.111 -33.148
123.740  24.115 -33.043
123.691  24.122 -33.043
123.643  24.128 -33.043
123.594  24.135 -33.043
123.545  24.142 -33.043
123.497  24.148 -33.043
123.448  24.155 -33.043
123.399  24.161 -33.043
123.351  24.168 -33.043
123.302  24.174 -33.043
123.253  24.181 -33.043
123.205  24.187 -33.043
123.156  24.194 -33.043
123.107  24.200 -33.043
123.058  24.207 -33.043
123.010  24.213 -33.043
125.159  24.189 -31.020
125.110  24.185 -31.304
125.061  24.181 -31.304
125.012  24.177 -31.304
124.963  24.172 -31.304
124.914  24.168 -31.304
124.865  24.164 -31.304
124.816  24.160 -31.304
124.767  24.155 -31.304
124.718  24.151 -31.304
124.669  24.147 -31.304
124.620  24.142 -31.304
124.571  24.138 -31.304
124.522  24.133 -31.304
124.473  24.129 -31.304
124.424  24.125 -31.304
124.375  24.120 -31.304
124.326  24.116 -31.304
124.277  24.111 -31.304
124.228  24.107 -31.304
124.179  24.102 -31.304
124.130  24.098 -31.304
124.081  24.093 -31.304
124.033  24.088 -31.304
123.984  24.084 -31.304
123.935  24.079 -31.304
123.886  24.075 -31.304
123.837  24.070 -31.304
123.788  24.068 -31.409
123.739  24.072 -31.304
123.690  24.079 -31.304
123.642  24.086 -31.304
123.593  24.092 -31.304
123.544  24.099 -31.304
123.496  24.105 -31.304
123.447  24.112 -31.304
123.398  24.118 -31.304
123.350  24.125 -31.304
123.301  24.132 -31.304
123.252  24.138 -31.304
123.204  24.145 -31.304
123.155  24.151 -31.304
123.106  24.157 -31.304
123.058  24.164 -31.304
123.009  24.170 -31.304
125.157  24.147 -29.565
125.108  24.142 -29.565
125.059  24.138 -29.565
125.010  24.134 -29.565
124.961  24.130 -29.565
124.912  24.125 -29.565
124.863  24.121 -29.565
124.814  24.117 -29.565
124.765  24.113 -29.565
124.716  24.108 -29.565
124.667  24.104 -29.565
124.619  24.099 -29.565
124.570  24.095 -29.565
124.521  24.091 -29.565
124.472  24.086 -29.565
124.423  24.082 -29.565
124.374  24.077 -29.565
124.325  24.073 -29.565
124.276  24.068 -29.565
124.227  24.064 -29.565
124.178  24.059 -29.565
124.129  24.055 -29.565
124.080  24.050 -29.565
124.031  24.046 -29.565
123.982  24.041 -29.565
123.934  24.037 -29.565
123.885  24.032 -29.565
123.836  24.027 -29.565
123.787  24.025 -29.670
123.738  24.030 -29.565
123.689  24.036 -29.565
123.641  24.043 -29.565
123.592  24.049 -29.565
123.543  24.056 -29.565
123.495  24.063 -29.565
123.446  24.069 -29.565
123.397  24.076 -29.565
123.349  24.082 -29.565
123.300  24.089 -29.565
123.251  24.095 -29.565
123.203  24.102 -29.565
123.154  24.108 -29.565
123.105  24.115 -29.565
123.057  24.121 -29.565
123.008  24.128 -29.565
125.156  24.104 -27.826
125.107  24.100 -27.826
125.058  24.096 -27.826
125.009  24.091 -27.826
124.960  24.087 -27.826
124.911  24.083 -27.826
124.862  24.078 -27.826
124.813  24.074 -27.826
124.764  24.070 -27.826
124.715  24.065 -27.826
124.666  24.061 -27.826
124.617  24.057 -27.826
124.568  24.052 -27.826
124.519  24.048 -27.826
124.470  24.044 -27.826
124.421  24.039 -27.826
124.373  24.035 -27.826
124.324  24.030 -27.826
124.275  24.026 -27.826
124.226  24.021 -27.826
124.177  24.017 -27.826
124.128  24.012 -27.826
124.079  24.008 -27.826
124.030  24.003 -27.826
123.981  23.998 -27.826
123.932  23.994 -27.826
123.884  23.989 -27.826
123.835  23.985 -27.826
123.786  23.983 -27.931
123.737  23.987 -27.826
123.688  23.993 -27.826
123.640  24.000 -27.826
123.591  24.007 -27.826
123.542  24.013 -27.826
123.494  24.020 -27.826
123.445  24.026 -27.826
123.397  24.033 -27.826
123.348  24.039 -27.826
123.299  24.046 -27.826
123.251  24.053 -27.826
123.202  24.059 -27.826
123.153  24.065 -27.826
123.105  24.072 -27.826
123.056  24.078 -27.826
123.007  24.085 -27.826
125.154  24.061 -26.087
125.105  24.057 -26.087
125.056  24.053 -26.087
125.007  24.049 -26.087
124.958  24.044 -26.087
124.909  24.040 -26.087
124.861  24.036 -26.087
124.812  24.031 -26.087
124.763  24.027 -26.087
124.714  24.023 -26.087
124.665  24.018 -26.087
124.616  24.014 -26.087
124.567  24.010 -26.087
124.518  24.005 -26.087
124.469  24.001 -26.087
124.420  23.996 -26.087
124.371  23.992 -26.087
124.322  23.987 -26.087
124.274  23.983 -26.087
124.225  23.978 -26.087
124.176  23.974 -26.087
124.127  23.969 -26.087
124.078  23.965 -26.087
124.029  23.960 -26.087
123.980  23.956 -26.087
123.931  23.951 -26.087
123.882  23.946 -26.087
123.834  23.942 -26.087
123.785  23.940 -26.192
123.736  23.944 -26.087
123.687  23.951 -26.087
123.639  23.957 -26.087
123.590  23.964 -26.087
123.541  23.971 -26.087
123.493  23.977 -26.087
123.444  23.984 -26.087
123.396  23.990 -26.087
123.347  23.997 -26.087
123.298  24.003 -26.087
123.250  24.010 -26.087
123.201  24.016 -26.087
123.152  24.023 -26.087
123.104  24.029 -26.087
123.055  24.036 -26.087
123.006  24.042 -26.087
125.153  24.019 -24.348
125.104  24.014 -24.348
125.055  24.010 -24.348
125.006  24.006 -24.348
124.957  24.002 -24.348
124.908  23.997 -24.348
124.859  23.993 -24.348
124.810  23.989 -24.348
124.761  23.984 -24.348
124.712  23.980 -24.348
124.663  23.976 -24.348
124.615  23.971 -24.348
124.566  23.967 -24.348
124.517  23.963 -24.348
124.468  23.958 -24.348
124.419  23.954 -24.348
124.370  23.949 -24.348
124.321  23.945 -24.348
124.272  23.940 -24.348
124.223  23.936 -24.348
124.175  23.931 -24.348
124.126  23.927 -24.348
124.077  23.922 -24.348
124.028  23.918 -24.348
123.979  23.913 -24.348
123.930  23.908 -24.348
123.881  23.904 -24.348
123.833  23.899 -24.348
123.784  23.897 -24.452
123.735  23.901 -24.348
123.686  23.908 -24.348
123.638  23.915 -24.348
123.589  23.921 -24.348
123.540  23.928 -24.348
123.492  23.934 -24.348
123.443  23.941 -24.348
123.395  23.947 -24.348
123.346  23.954 -24.348
123.297  23.960 -24.348
123.249  23.967 -24.348
123.200  23.973 -24.348
123.152  23.980 -24.348
123.103  23.986 -24.348
123.054  23.993 -24.348
123.006  23.999 -24.348
125.151  23.976 -22.609
125.102  23.972 -22.609
125.053  23.967 -22.609
125.004  23.963 -22.609
124.956  23.959 -22.609
124.907  23.955 -22.609
124.858  23.950 -22.609
124.809  23.946 -22.609
124.760  23.942 -22.609
124.711  23.937 -22.609
124.662  23.933 -22.609
124.613  23.929 -22.609
124.564  23.924 -22.609
124.515  23.920 -22.609
124.467  23.915 -22.609
124.418  23.911 -22.609
124.369  23.906 -22.609
124.320  23.902 -22.609
124.271  23.898 -22.609
124.222  23.893 -22.609
124.173  23.888 -22.609
124.125  23.884 -22.609
124.076  23.879 -22.609
124.027  23.875 -22.609
123.978  23.870 -22.609
123.929  23.866 -22.609
123.880  23.861 -22.609
123.831  23.856 -22.609
123.783  23.854 -22.713
123.734  23.859 -22.609
123.685  23.865 -22.609
123.637  23.872 -22.609
123.588  23.878 -22.609
123.540  23.885 -22.609
123.491  23.892 -22.609
123.442  23.898 -22.609
123.394  23.905 -22.609
123.345  23.911 -22.609
123.297  23.918 -22.609
123.248  23.924 -22.609
123.199  23.931 -22.609
123.151  23.937 -22.609
123.102  23.944 -22.609
123.053  23.950 -22.609
123.005  23.956 -22.609
125.150  23.933 -20.870
125.101  23.929 -20.870
125.052  23.925 -20.870
125.003  23.921 -20.870
124.954  23.916 -20.870
124.905  23.912 -20.870
124.856  23.908 -20.870
124.807  23.903 -20.870
124.759  23.899 -20.870
124.710  23.895 -20.870
124.661  23.890 -20.870
124.612  23.886 -20.870
124.563  23.882 -20.870
124.514  23.877 -20.870
124.465  23.873 -20.870
124.416  23.868 -20.870
124.368  23.864 -20.870
124.319  23.859 -20.870
124.270  23.855 -20.870
124.221  23.850 -20.870
124.172  23.846 -20.870
124.123  23.841 -20.870
124.075  23.837 -20.870
124.026  23.832 -20.870
123.977  23.827 -20.870
123.928  23.823 -20.870
123.879  23.818 -20.870
123.830  23.814 -20.870
123.782  23.812 -20.974
123.733  23.816 -20.870
123.684  23.822 -20.870
123.636  23.829 -20.870
123.587  23.836 -20.870
123.539  23.842 -20.870
123.490  23.849 -20.870
123.441  23.855 -20.870
123.393  23.862 -20.870
123.344  23.868 -20.870
123.296  23.875 -20.870
123.247  23.881 -20.870
123.199  23.888 -20.870
123.150  23.894 -20.870
123.101  23.901 -20.870
123.053  23.907 -20.870
123.004  23.914 -20.870
125.148  23.891 -19.130
125.099  23.886 -19.130
125.050  23.882 -19.130
125.001  23.878 -19.130
124.953  23.874 -19.130
124.904  23.869 -19.130
124.855  23.865 -19.130
124.806  23.861 -19.130
124.757  23.856 -19.130
124.708  23.852 -19.130
124.659  23.848 -19.130
124.611  23.843 -19.130
124.562  23.839 -19.130
124.513  23.834 -19.130
124.464  23.830 -19.130
124.415  23.825 -19.130
124.366  23.821 -19.130
124.318  23.817 -19.130
124.269  23.812 -19.130
124.220  23.808 -19.130
124.171  23.803 -19.130
124.122  23.798 -19.130
124.073  23.794 -19.130
124.025  23.789 -19.130
123.976  23.785 -19.130
123.927  23.780 -19.130
123.878  23.776 -19.130
123.829  23.771 -19.130
123.781  23.769 -19.235
123.732  23.773 -19.130
123.683  23.780 -19.130
123.635  23.786 -19.130
123.586  23.793 -19.130
123.538  23.799 -19.130
123.489  23.806 -19.130
123.440  23.813 -19.130
123.392  23.819 -19.130
123.343  23.826 -19.130
123.295  23.832 -19.130
123.246  23.839 -19.130
123.198  23.845 -19.130
123.149  23.852 -19.130
123.101  23.858 -19.130
123.052  23.865 -19.130
123.003  23.871 -19.130
125.147  23.848 -17.391
125.098  23.844 -17.391
125.049  23.839 -17.391
125.000  23.835 -17.391
124.951  23.831 -17.391
124.902  23.827 -17.391
124.853  23.822 -17.391
124.805  23.818 -17.391
124.756  23.814 -17.391
124.707  23.809 -17.391
124.658  23.805 -17.391
124.609  23.800 -17.391
124.561  23.796 -17.391
124.512  23.792 -17.391
124.463  23.787 -17.391
124.414  23.783 -17.391
124.365  23.778 -17.391
124.316  23.774 -17.391
124.268  23.769 -17.391
124.219  23.765 -17.391
124.170  23.760 -17.391
124.121  23.756 -17.391
124.072  23.751 -17.391
124.024  23.747 -17.391
123.975  23.742 -17.391
123.926  23.737 -17.391
123.877  23.733 -17.391
123.828  23.728 -17.391
123.780  23.726 -17.496
123.731  23.730 -17.391
123.682  23.737 -17.391
123.634  23.744 -17.391
123.585  23.750 -17.391
123.537  23.757 -17.391
123.488  23.763 -17.391
123.440  23.770 -17.391
123.391  23.776 -17.391
123.342  23.783 -17.391
123.294  23.789 -17.391
123.245  23.796 -17.391
123.197  23.802 -17.391
123.148  23.809 -17.391
123.100  23.815 -17.391
123.051  23.822 -17.391
123.002  23.828 -17.391
125.145  23.805 -15.652
125.096  23.801 -15.652
125.047  23.797 -15.652
124.999  23.792 -15.652
124.950  23.788 -15.652
124.901  23.784 -15.652
124.852  23.780 -15.652
124.803  23.775 -15.652
124.754  23.771 -15.652
124.706  23.767 -15.652
124.657  23.762 -15.652
124.608  23.758 -15.652
124.559  23.753 -15.652
124.510  23.749 -15.652
124.462  23.744 -15.652
124.413  23.740 -15.652
124.364  23.736 -15.652
124.315  23.731 -15.652
124.266  23.727 -15.652
124.218  23.722 -15.652
124.169  23.718 -15.652
124.120  23.713 -15.652
124.071  23.708 -15.652
124.022  23.704 -15.652
123.974  23.699 -15.652
123.925  23.695 -15.652
123.876  23.690 -15.652
123.827  23.685 -15.652
123.779  23.683 -15.757
123.730  23.688 -15.652
123.681  23.694 -15.652
123.633  23.701 -15.652
123.584  23.707 -15.652
123.536  23.714 -15.652
123.487  23.721 -15.652
123.439  23.727 -15.652
123.390  23.734 -15.652
123.342  23.740 -15.652
123.293  23.747 -15.652
123.245  23.753 -15.652
123.196  23.760 -15.652
123.147  23.766 -15.652
123.099  23.773 -15.652
123.050  23.779 -15.652
123.002  23.785 -15.652
125.144  23.763 -13.913
125.095  23.758 -13.913
125.046  23.754 -13.913
124.997  23.750 -13.913
124.948  23.745 -13.913
124.900  23.741 -13.913
124.851  23.737 -13.913
124.802  23.733 -13.913
124.753  23.728 -13.913
124.704  23.724 -13.913
124.656  23.719 -13.913
124.607  23.715 -13.913
124.558  23.711 -13.913
124.509  23.706 -13.913
124.460  23.702 -13.913
124.411  23.697 -13.913
124.363  23.693 -13.913
124.314  23.688 -13.913
124.265  23.684 -13.913
124.216  23.679 -13.913
124.168  23.675 -13.913
124.119  23.670 -13.913
124.070  23.666 -13.913
124.021  23.661 -13.913
123.973  23.656 -13.913
123.924  23.652 -13.913
123.875  23.647 -13.913
123.826  23.643 -13.913
123.777  23.641 -14.018
123.729  23.645 -13.913
123.680  23.651 -13.913
123.632  23.658 -13.913
123.583  23.665 -13.913
123.535  23.671 -13.913
123.486  23.678 -13.913
123.438  23.684 -13.913
123.389  23.691 -13.913
123.341  23.697 -13.913
123.292  23.704 -13.913
123.244  23.710 -13.913
123.195  23.717 -13.913
123.147  23.723 -13.913
123.098  23.730 -13.913
123.050  23.736 -13.913
123.001  23.743 -13.913
125.142  23.720 -12.174
125.093  23.716 -12.174
125.045  23.711 -12.174
124.996  23.707 -12.174
124.947  23.703 -12.174
124.898  23.698 -12.174
124.849  23.694 -12.174
124.801  23.690 -12.174
124.752  23.685 -12.174
124.703  23.681 -12.174
124.654  23.677 -12.174
124.605  23.672 -12.174
124.557  23.668 -12.174
124.508  23.663 -12.174
124.459  23.659 -12.174
124.410  23.655 -12.174
124.362  23.650 -12.174
124.313  23.646 -12.174
124.264  23.641 -12.174
124.215  23.637 -12.174
124.166  23.632 -12.174
124.118  23.628 -12.174
124.069  23.623 -12.174
124.020  23.618 -12.174
123.971  23.614 -12.174
123.923  23.609 -12.174
123.874  23.605 -12.174
123.825  23.600 -12.174
123.776  23.598 -12.279
123.728  23.602 -12.174
123.679  23.609 -12.174
123.631  23.615 -12.174
123.582  23.622 -12.174
123.534  23.628 -12.174
123.485  23.635 -12.174
123.437  23.642 -12.174
123.388  23.648 -12.174
123.340  23.655 -12.174
123.291  23.661 -12.174
123.243  23.668 -12.174
123.194  23.674 -12.174
123.146  23.681 -12.174
123.097  23.687 -12.174
123.049  23.693 -12.174
123.000  23.700 -12.174
125.141  23.677 -10.435
125.092  23.673 -10.435
125.043  23.669 -10.435
124.994  23.664 -10.435
124.946  23.660 -10.435
124.897  23.656 -10.435
124.848  23.651 -10.435
124.799  23.647 -10.435
124.750  23.643 -10.435
124.702  23.638 -10.435
124.653  23.634 -10.435
124.604  23.630 -10.435
124.555  23.625 -10.435
124.507  23.621 -10.435
124.458  23.616 -10.435
124.409  23.612 -10.435
124.360  23.607 -10.435
124.312  23.603 -10.435
124.263  23.598 -10.435
124.214  23.594 -10.435
124.165  23.589 -10.435
124.117  23.585 -10.435
124.068  23.580 -10.435
124.019  23.576 -10.435
123.970  23.571 -10.435
123.922  23.566 -10.435
123.873  23.562 -10.435
123.824  23.557 -10.435
123.775  23.555 -10.540
123.727  23.559 -10.435
123.678  23.566 -10.435
123.630  23.573 -10.435
123.581  23.579 -10.435
123.533  23.586 -10.435
123.484  23.592 -10.435
123.436  23.599 -10.435
123.387  23.605 -10.435
123.339  23.612 -10.435
123.290  23.618 -10.435
123.242  23.625 -10.435
123.193  23.631 -10.435
123.145  23.638 -10.435
123.096  23.644 -10.435
123.048  23.651 -10.435
122.999  23.657 -10.435
125.139  23.634  -8.696
125.090  23.630  -8.696
125.042  23.626  -8.696
124.993  23.622  -8.696
124.944  23.617  -8.696
124.895  23.613  -8.696
124.847  23.609  -8.696
124.798  23.604  -8.696
124.749  23.600  -8.696
124.700  23.596  -8.696
124.652  23.591  -8.696
124.603  23.587  -8.696
124.554  23.582  -8.696
124.505  23.578  -8.696
124.457  23.574  -8.696
124.408  23.569  -8.696
124.359  23.565  -8.696
124.310  23.560  -8.696
124.262  23.556  -8.696
124.213  23.551  -8.696
124.164  23.547  -8.696
124.115  23.542  -8.696
124.067  23.537  -8.696
124.018  23.533  -8.696
123.969  23.528  -8.696
123.921  23.524  -8.696
123.872  23.519  -8.696
123.823  23.514  -8.696
123.774  23.512  -8.801
123.726  23.517  -8.696
123.677  23.523  -8.696
123.629  23.530  -8.696
123.580  23.536  -8.696
123.532  23.543  -8.696
123.483  23.549  -8.696
123.435  23.556  -8.696
123.387  23.563  -8.696
123.338  23.569  -8.696
123.290  23.576  -8.696
123.241  23.582  -8.696
123.193  23.589  -8.696
123.144  23.595  -8.696
123.096  23.601  -8.696
123.047  23.608  -8.696
122.999  23.614  -8.696
125.138  23.592  -6.957
125.089  23.588  -6.957
125.040  23.583  -6.957
124.991  23.579  -6.957
124.943  23.575  -6.957
124.894  23.570  -6.957
124.845  23.566  -6.957
124.796  23.562  -6.957
124.748  23.557  -6.957
124.699  23.553  -6.957
124.650  23.549  -6.957
124.601  23.544  -6.957
124.553  23.540  -6.957
124.504  23.535  -6.957
124.455  23.531  -6.957
124.407  23.526  -6.957
124.358  23.522  -6.957
124.309  23.517  -6.957
124.260  23.513  -6.957
124.212  23.508  -6.957
124.163  23.504  -6.957
124.114  23.499  -6.957
124.066  23.495  -6.957
124.017  23.490  -6.957
123.968  23.486  -6.957
123.919  23.481  -6.957
123.871  23.476  -6.957
123.822  23.472  -6.957
123.773  23.470  -7.062
123.725  23.474  -6.957
123.676  23.480  -6.957
123.628  23.487  -6.957
123.579  23.494  -6.957
123.531  23.500  -6.957
123.482  23.507  -6.957
123.434  23.513  -6.957
123.386  23.520  -6.957
123.337  23.526  -6.957
123.289  23.533  -6.957
123.240  23.539  -6.957
123.192  23.546  -6.957
123.143  23.552  -6.957
123.095  23.559  -6.957
123.046  23.565  -6.957
122.998  23.572  -6.957
125.136  23.549  -5.217
125.088  23.545  -5.217
125.039  23.541  -5.217
124.990  23.536  -5.217
124.941  23.532  -5.217
124.893  23.528  -5.217
124.844  23.523  -5.217
124.795  23.519  -5.217
124.746  23.515  -5.217
124.698  23.510  -5.217
124.649  23.506  -5.217
124.600  23.501  -5.217
124.552  23.497  -5.217
124.503  23.493  -5.217
124.454  23.488  -5.217
124.405  23.484  -5.217
124.357  23.479  -5.217
124.308  23.475  -5.217
124.259  23.470  -5.217
124.211  23.466  -5.217
124.162  23.461  -5.217
124.113  23.457  -5.217
124.064  23.452  -5.217
124.016  23.447  -5.217
123.967  23.443  -5.217
123.918  23.438  -5.217
123.870  23.434  -5.217
123.821  23.429  -5.217
123.772  23.427  -5.322
123.724  23.431  -5.217
123.675  23.438  -5.217
123.627  23.444  -5.217
123.578  23.451  -5.217
123.530  23.457  -5.217
123.482  23.464  -5.217
123.433  23.471  -5.217
123.385  23.477  -5.217
123.336  23.484  -5.217
123.288  23.490  -5.217
123.239  23.497  -5.217
123.191  23.503  -5.217
123.142  23.509  -5.217
123.094  23.516  -5.217
123.046  23.522  -5.217
122.997  23.529  -5.217
125.135  23.506  -3.478
125.086  23.502  -3.478
125.037  23.498  -3.478
124.989  23.494  -3.478
124.940  23.489  -3.478
124.891  23.485  -3.478
124.843  23.481  -3.478
124.794  23.476  -3.478
124.745  23.472  -3.478
124.696  23.468  -3.478
124.648  23.463  -3.478
124.599  23.459  -3.478
124.550  23.454  -3.478
124.502  23.450  -3.478
124.453  23.445  -3.478
124.404  23.441  -3.478
124.355  23.436  -3.478
124.307  23.432  -3.478
124.258  23.427  -3.478
124.209  23.423  -3.478
124.161  23.418  -3.478
124.112  23.414  -3.478
124.063  23.409  -3.478
124.015  23.405  -3.478
123.966  23.400  -3.478
123.917  23.395  -3.478
123.869  23.391  -3.478
123.820  23.386  -3.478
123.771  23.384  -3.583
123.723  23.388  -3.478
123.674  23.395  -3.478
123.626  23.401  -3.478
123.578  23.408  -3.478
123.529  23.415  -3.478
123.481  23.421  -3.478
123.432  23.428  -3.478
123.384  23.434  -3.478
123.335  23.441  -3.478
123.287  23.447  -3.478
123.239  23.454  -3.478
123.190  23.460  -3.478
123.142  23.467  -3.478
123.093  23.473  -3.478
123.045  23.480  -3.478
122.996  23.486  -3.478
125.133  23.464  -1.739
125.085  23.459  -1.739
125.036  23.455  -1.739
124.987  23.451  -1.739
124.939  23.447  -1.739
124.890  23.442  -1.739
124.841  23.438  -1.739
124.792  23.434  -1.739
124.744  23.429  -1.739
124.695  23.425  -1.739
124.646  23.420  -1.739
124.598  23.416  -1.739
124.549  23.412  -1.739
124.500  23.407  -1.739
124.452  23.403  -1.739
124.403  23.398  -1.739
124.354  23.394  -1.739
124.306  23.389  -1.739
124.257  23.385  -1.739
124.208  23.380  -1.739
124.160  23.376  -1.739
124.111  23.371  -1.739
124.062  23.366  -1.739
124.014  23.362  -1.739
123.965  23.357  -1.739
123.916  23.353  -1.739
123.868  23.348  -1.739
123.819  23.343  -1.739
123.770  23.341  -1.844
123.722  23.346  -1.739
123.673  23.352  -1.739
123.625  23.359  -1.739
123.576  23.365  -1.739
123.528  23.372  -1.739
123.480  23.378  -1.739
123.431  23.385  -1.739
123.383  23.392  -1.739
123.335  23.398  -1.739
123.286  23.405  -1.739
123.238  23.411  -1.739
123.189  23.417  -1.739
123.141  23.424  -1.739
123.092  23.430  -1.739
123.044  23.437  -1.739
122.996  23.443  -1.739
125.132  23.421   0.000
125.082  23.417   0.000
125.032  23.412   0.000
124.982  23.408   0.000
124.933  23.403   0.000
124.883  23.399   0.000
124.833  23.395   0.000
124.783  23.390   0.000
124.733  23.386   0.000
124.683  23.381   0.000
124.634  23.377   0.000
124.584  23.372   0.000
124.534  23.368   0.000
124.484  23.363   0.000
124.434  23.359   0.000
124.385  23.354   0.000
124.335  23.349   0.000
124.285  23.345   0.000
124.235  23.340   0.000
124.185  23.335   0.000
124.136  23.331   0.000
124.086  23.326   0.000
124.036  23.321   0.000
123.986  23.317   0.000
123.937  23.312   0.000
123.887  23.307   0.000
123.837  23.302   0.000
123.787  23.298   0.000
123.738  23.300   0.000
123.688  23.307   0.000
123.639  23.314   0.000
123.589  23.321   0.000
123.540  23.327   0.000
123.490  23.334   0.000
123.441  23.341   0.000
123.391  23.348   0.000
123.342  23.354   0.000
123.292  23.361   0.000
123.243  23.367   0.000
123.193  23.374   0.000
123.143  23.381   0.000
123.094  23.387   0.000
123.044  23.394   0.000
122.995  23.400   0.000
