123.274  24.098 -30.000
123.227  24.114 -30.000
123.179  24.131 -30.000
123.132  24.147 -30.000
123.084  24.163 -30.000
123.036  24.179 -30.000
122.989  24.195 -30.000
122.941  24.211 -30.000
122.893  24.227 -30.000
122.846  24.243 -30.000
122.798  24.259 -30.000
122.750  24.275 -30.000
122.703  24.291 -30.000
122.655  24.307 -30.000
122.607  24.323 -30.000
122.559  24.339 -30.000
122.512  24.355 -30.000
122.464  24.371 -30.000
122.416  24.387 -30.000
122.368  24.402 -30.000
122.320  24.418 -30.000
122.273  24.434 -30.000
122.225  24.450 -30.000
123.259  24.060 -28.333
123.211  24.076 -28.333
123.164  24.092 -28.333
123.116  24.108 -28.333
123.068  24.124 -28.333
123.021  24.140 -28.333
122.973  24.156 -28.333
122.925  24.172 -28.333
122.878  24.188 -28.333
122.830  24.204 -28.333
122.783  24.220 -28.333
122.735  24.236 -28.333
122.687  24.252 -28.333
122.639  24.268 -28.333
122.592  24.284 -28.333
122.544  24.300 -28.333
122.496  24.316 -28.333
122.448  24.332 -28.333
122.401  24.348 -28.333
122.353  24.364 -28.333
122.305  24.379 -28.333
122.257  24.395 -28.333
122.209  24.411 -28.333
123.243  24.021 -26.667
123.196  24.037 -26.667
123.148  24.053 -26.667
123.100  24.069 -26.667
123.053  24.085 -26.667
123.005  24.101 -26.667
122.958  24.117 -26.667
122.910  24.133 -26.667
122.862  24.149 -26.667
122.815  24.165 -26.667
122.767  24.181 -26.667
122.719  24.197 -26.667
122.672  24.213 -26.667
122.624  24.229 -26.667
122.576  24.245 -26.667
122.529  24.261 -26.667
122.481  24.277 -26.667
122.433  24.293 -26.667
122.385  24.309 -26.667
122.338  24.325 -26.667
122.290  24.341 -26.667
122.242  24.356 -26.667
122.194  24.372 -26.667
123.228  23.982 -25.000
123.180  23.998 -25.000
123.132  24.014 -25.000
123.085  24.030 -25.000
123.037  24.046 -25.000
122.990  24.063 -25.000
122.942  24.079 -25.000
122.894  24.095 -25.000
122.847  24.111 -25.000
122.799  24.127 -25.000
122.752  24.143 -25.000
122.704  24.159 -25.000
122.656  24.175 -25.000
122.608  24.191 -25.000
122.561  24.206 -25.000
122.513  24.222 -25.000
122.465  24.238 -25.000
122.418  24.254 -25.000
122.370  24.270 -25.000
122.322  24.286 -25.000
122.274  24.302 -25.000
122.227  24.318 -25.000
122.179  24.333 -25.000
123.212  23.943 -23.333
123.164  23.959 -23.333
123.117  23.976 -23.333
123.069  23.992 -23.333
123.022  24.008 -23.333
122.974  24.024 -23.333
122.927  24.040 -23.333
122.879  24.056 -23.333
122.831  24.072 -23.333
122.784  24.088 -23.333
122.736  24.104 -23.333
122.688  24.120 -23.333
122.641  24.136 -23.333
122.593  24.152 -23.333
122.545  24.168 -23.333
122.498  24.184 -23.333
122.450  24.199 -23.333
122.402  24.215 -23.333
122.354  24.231 -23.333
122.307  24.247 -23.333
122.259  24.263 -23.333
122.211  24.279 -23.333
122.163  24.295 -23.333
123.196  23.905 -21.667
123.149  23.921 -21.667
123.101  23.937 -21.667
123.054  23.953 -21.667
123.006  23.969 -21.667
122.959  23.985 -21.667
122.911  24.001 -21.667
122.863  24.017 -21.667
122.816  24.033 -21.667
122.768  24.049 -21.667
122.721  24.065 -21.667
122.673  24.081 -21.667
122.625  24.097 -21.667
122.578  24.113 -21.667
122.530  24.129 -21.667
122.482  24.145 -21.667
122.435  24.161 -21.667
122.387  24.176 -21.667
122.339  24.192 -21.667
122.291  24.208 -21.667
122.244  24.224 -21.667
122.196  24.240 -21.667
122.148  24.256 -21.667
123.181  23.866 -20.000
123.133  23.882 -20.000
123.086  23.898 -20.000
123.038  23.914 -20.000
122.991  23.930 -20.000
122.943  23.946 -20.000
122.896  23.962 -20.000
122.848  23.978 -20.000
122.800  23.994 -20.000
122.753  24.010 -20.000
122.705  24.026 -20.000
122.658  24.042 -20.000
122.610  24.058 -20.000
122.562  24.074 -20.000
122.515  24.090 -20.000
122.467  24.106 -20.000
122.419  24.122 -20.000
122.371  24.138 -20.000
122.324  24.153 -20.000
122.276  24.169 -20.000
122.228  24.185 -20.000
122.181  24.201 -20.000
122.133  24.217 -20.000
123.165  23.827 -18.333
123.118  23.843 -18.333
123.070  23.859 -18.333
123.023  23.875 -18.333
122.975  23.891 -18.333
122.928  23.907 -18.333
122.880  23.923 -18.333
122.832  23.939 -18.333
122.785  23.955 -18.333
122.737  23.971 -18.333
122.690  23.987 -18.333
122.642  24.003 -18.333
122.594  24.019 -18.333
122.547  24.035 -18.333
122.499  24.051 -18.333
122.452  24.067 -18.333
122.404  24.083 -18.333
122.356  24.099 -18.333
122.308  24.115 -18.333
122.261  24.130 -18.333
122.213  24.146 -18.333
122.165  24.162 -18.333
122.118  24.178 -18.333
123.150  23.788 -16.667
123.102  23.804 -16.667
123.055  23.820 -16.667
123.007  23.836 -16.667
122.960  23.853 -16.667
122.912  23.869 -16.667
122.865  23.885 -16.667
122.817  23.901 -16.667
122.769  23.917 -16.667
122.722  23.933 -16.667
122.674  23.949 -16.667
122.627  23.964 -16.667
122.579  23.980 -16.667
122.531  23.996 -16.667
122.484  24.012 -16.667
122.436  24.028 -16.667
122.388  24.044 -16.667
122.341  24.060 -16.667
122.293  24.076 -16.667
122.245  24.092 -16.667
122.198  24.107 -16.667
122.150  24.123 -16.667
122.102  24.139 -16.667
123.134  23.749 -15.000
123.087  23.766 -15.000
123.039  23.782 -15.000
122.992  23.798 -15.000
122.944  23.814 -15.000
122.897  23.830 -15.000
122.849  23.846 -15.000
122.802  23.862 -15.000
122.754  23.878 -15.000
122.706  23.894 -15.000
122.659  23.910 -15.000
122.611  23.926 -15.000
122.564  23.942 -15.000
122.516  23.957 -15.000
122.468  23.973 -15.000
122.421  23.989 -15.000
122.373  24.005 -15.000
122.326  24.021 -15.000
122.278  24.037 -15.000
122.230  24.053 -15.000
122.182  24.069 -15.000
122.135  24.084 -15.000
122.087  24.100 -15.000
123.119  23.711 -13.333
123.071  23.727 -13.333
123.024  23.743 -13.333
122.976  23.759 -13.333
122.929  23.775 -13.333
122.881  23.791 -13.333
122.834  23.807 -13.333
122.786  23.823 -13.333
122.739  23.839 -13.333
122.691  23.855 -13.333
122.643  23.871 -13.333
122.596  23.887 -13.333
122.548  23.903 -13.333
122.501  23.919 -13.333
122.453  23.935 -13.333
122.405  23.950 -13.333
122.358  23.966 -13.333
122.310  23.982 -13.333
122.262  23.998 -13.333
122.215  24.014 -13.333
122.167  24.030 -13.333
122.119  24.045 -13.333
122.072  24.061 -13.333
123.103  23.672 -11.667
123.056  23.688 -11.667
123.008  23.704 -11.667
122.961  23.720 -11.667
122.913  23.736 -11.667
122.866  23.752 -11.667
122.818  23.768 -11.667
122.771  23.784 -11.667
122.723  23.800 -11.667
122.676  23.816 -11.667
122.628  23.832 -11.667
122.580  23.848 -11.667
122.533  23.864 -11.667
122.485  23.880 -11.667
122.438  23.896 -11.667
122.390  23.912 -11.667
122.343  23.927 -11.667
122.295  23.943 -11.667
122.247  23.959 -11.667
122.200  23.975 -11.667
122.152  23.991 -11.667
122.104  24.007 -11.667
122.056  24.022 -11.667
123.088  23.633 -10.000
123.040  23.649 -10.000
122.993  23.665 -10.000
122.945  23.681 -10.000
122.898  23.697 -10.000
122.850  23.713 -10.000
122.803  23.729 -10.000
122.755  23.745 -10.000
122.708  23.761 -10.000
122.660  23.777 -10.000
122.613  23.793 -10.000
122.565  23.809 -10.000
122.518  23.825 -10.000
122.470  23.841 -10.000
122.422  23.857 -10.000
122.375  23.873 -10.000
122.327  23.889 -10.000
122.280  23.904 -10.000
122.232  23.920 -10.000
122.184  23.936 -10.000
122.137  23.952 -10.000
122.089  23.968 -10.000
122.041  23.983 -10.000
123.072  23.594  -8.333
123.025  23.610  -8.333
122.977  23.626  -8.333
122.930  23.642  -8.333
122.882  23.659  -8.333
122.835  23.675  -8.333
122.787  23.691  -8.333
122.740  23.706  -8.333
122.692  23.722  -8.333
122.645  23.738  -8.333
122.597  23.754  -8.333
122.550  23.770  -8.333
122.502  23.786  -8.333
122.455  23.802  -8.333
122.407  23.818  -8.333
122.359  23.834  -8.333
122.312  23.850  -8.333
122.264  23.866  -8.333
122.217  23.881  -8.333
122.169  23.897  -8.333
122.121  23.913  -8.333
122.074  23.929  -8.333
122.026  23.945  -8.333
123.057  23.556  -6.667
123.009  23.572  -6.667
122.962  23.588  -6.667
122.914  23.604  -6.667
122.867  23.620  -6.667
122.819  23.636  -6.667
122.772  23.652  -6.667
122.724  23.668  -6.667
122.677  23.684  -6.667
122.629  23.700  -6.667
122.582  23.716  -6.667
122.534  23.731  -6.667
122.487  23.747  -6.667
122.439  23.763  -6.667
122.392  23.779  -6.667
122.344  23.795  -6.667
122.297  23.811  -6.667
122.249  23.827  -6.667
122.201  23.842  -6.667
122.154  23.858  -6.667
122.106  23.874  -6.667
122.058  23.890  -6.667
122.011  23.906  -6.667
123.041  23.517  -5.000
122.994  23.533  -5.000
122.946  23.549  -5.000
122.899  23.565  -5.000
122.851  23.581  -5.000
122.804  23.597  -5.000
122.757  23.613  -5.000
122.709  23.629  -5.000
122.662  23.645  -5.000
122.614  23.661  -5.000
122.567  23.677  -5.000
122.519  23.693  -5.000
122.471  23.708  -5.000
122.424  23.724  -5.000
122.376  23.740  -5.000
122.329  23.756  -5.000
122.281  23.772  -5.000
122.234  23.788  -5.000
122.186  23.804  -5.000
122.138  23.819  -5.000
122.091  23.835  -5.000
122.043  23.851  -5.000
121.996  23.867  -5.000
123.026  23.478  -3.333
122.978  23.494  -3.333
122.931  23.510  -3.333
122.884  23.526  -3.333
122.836  23.542  -3.333
122.789  23.558  -3.333
122.741  23.574  -3.333
122.694  23.590  -3.333
122.646  23.606  -3.333
122.599  23.622  -3.333
122.551  23.638  -3.333
122.504  23.654  -3.333
122.456  23.670  -3.333
122.409  23.686  -3.333
122.361  23.701  -3.333
122.314  23.717  -3.333
122.266  23.733  -3.333
122.218  23.749  -3.333
122.171  23.765  -3.333
122.123  23.781  -3.333
122.076  23.796  -3.333
122.028  23.812  -3.333
121.980  23.828  -3.333
123.010  23.439  -1.667
122.963  23.455  -1.667
122.915  23.471  -1.667
122.868  23.487  -1.667
122.821  23.503  -1.667
122.773  23.519  -1.667
122.726  23.535  -1.667
122.678  23.551  -1.667
122.631  23.567  -1.667
122.583  23.583  -1.667
122.536  23.599  -1.667
122.488  23.615  -1.667
122.441  23.631  -1.667
122.393  23.647  -1.667
122.346  23.663  -1.667
122.298  23.678  -1.667
122.251  23.694  -1.667
122.203  23.710  -1.667
122.156  23.726  -1.667
122.108  23.742  -1.667
122.060  23.757  -1.667
122.013  23.773  -1.667
121.965  23.789  -1.667
122.995  23.400   0.000
122.947  23.416   0.000
122.900  23.432   0.000
122.853  23.448   0.000
122.805  23.464   0.000
122.758  23.480   0.000
122.710  23.496   0.000
122.663  23.512   0.000
122.615  23.528   0.000
122.568  23.544   0.000
122.521  23.560   0.000
122.473  23.576   0.000
122.426  23.592   0.000
122.378  23.608   0.000
122.331  23.624   0.000
122.283  23.640   0.000
122.235  23.655   0.000
122.188  23.671   0.000
122.140  23.687   0.000
122.093  23.703   0.000
122.045  23.718   0.000
121.998  23.734   0.000
121.950  23.750   0.000
