0.688
0
0
0
0.26667
0.14667
0.22133
0.058667
0
0.18667
0.35467
0.728
0.576
0
0.13067
0.18667
0.68267
0
0.536
0
0.688
0.576
0
0
0.072
0.24
0.44267
0.688
0
0
0
0
0
0
0
0
0
0.18667
0.41867
0.045333
0.082667
0.032
0.072
0
0
0.032
0.045333
0.13067
0.082667
0.688
0.41867
0.536
0.24533
0.21867
0.728
0
0.31733
0
0
0.96533
0.093333
0.31733
0.31733
0
0.32533
0.32533
0.576
0.22133
0.44267
0.32533
0.44267
0.688
0.41867
0.26667
0.41867
0.35467
0.576
0.96533
0
0
0.31733
0
0.83467
0.093333
0
0
0.093333
0.14667
0.576
0.83467
0.41867
0.83467
0.32533
0.536
0.26667
0.83467
0.082667
0.28533
0.20533
0.18667
0.28533
0.26667
0.32533
0.072
0.13067
0.28533
0.32533
0.096
0.072
0
0
0
0
0
0
0
0.082667
0.082667
0
0
0
0
0
0.045333
0.032
0.058667
0.096
0
0
0
0
0
0
0
0
0
0
0
0
0
0
0
0
0
0
0
0
0
0
0
0
0
0
0
0
0
0.058667
0
0.032
0.032
0.072
0.045333
0
0
0
0
0.096
0.18667
0.18667
0.14667
0.072
0.072
0.082667
0.096
0.058667
0.058667
0.18667
0.13067
0.24533
0.22133
0.24533
0.18667
0.26667
0.26667
0.26667
0.22133
0.22133
0.20533
0.32533
0.28533
0.28533
0.24533
0.18667
0.13067
0.22133
0.20533
0.082667
0.058667
0.058667
0.032
0.20533
0.13067
0.096
0.072
0.032
0.032
0.096
0.18667
0.082667
0.13067
0.18667
0.14667
0.22133
0.13067
0.18667
0.32533
0.20533
0.44267
0.32533
0.44267
0.576
0.576
0.536
0.41867
0.32533
0.83467
0.89867
0.688
0.536
0.83467
0.89867
0.83467
0
0.688
0.83467
0.728
0.536
0.093333
0.093333
0.96533
0
0
0
0
0
0
0
0
0
0
0
0.96533
0.31733
0
0.96533
0
0
0
0
0.89867
0.31733
0.96533
0.31733
0.88267
0.96533
0
0.31733
0
0
0
0
0
0
0
0
0
0.96533
0.31733
0.96533
0.31733
0.31733
0
0
0
0.728
0.88267
0.688
0.89867
0.83467
0.88267
0.83467
0.83467
0.688
0.41867
0.688
0.83467
0.35467
0.41867
0.28533
0.26667
0.536
0.576
0.32533
0.24533
0.688
0.576
0.688
0.536
0.44267
0.536
0.24533
0.22133
0.24533
0.18667
0.24533
0.24533
0.22133
0.28533
0.24533
0.20533
0.26667
0.28533
0.728
0.43467
0.32533
0.26667
0.41867
0.44267
0.264
0.35467
0.32533
0.35467
0.26667
0.28533
0.88267
0.576
0.093333
0
0.83467
0.688
0
0
0
0
0
0
0
0
0
0.81867
0.728
0.31733
0
0.093333
0
0.31733
0
0.093333
0
0.89867
0.83467
0.31733
0
0
0
0.31733
0
0
0
0
0
0
0.22133
0.96533
0.83467
0.96533
0.88267
0.093333
0
0.83467
0.728
0.88267
0.576
0.89867
0.88267
0.96533
0.83467
0.41867
0.536
0.44267
0.41867
0.35467
0.35467
0.44267
0.32533
0.26667
0.24533
0.26667
0.20533
0.26667
0.22133
0.20533
0.24533
0.44267
0.576
0.072
0.13067
0.13067
0.14667
0
0.032
0.058667
0.082667
0.058667
0.072
0.082667
0.096
0.072
0.072
0.072
0.096
0.082667
0.18667
0.13067
0.14667
0.096
0.18667
0.13067
0.14667
0.072
0.14667
0.096
0.096
0.096
0.13067
0.082667
0.14133
0.13067
0.096
0.056
0.058667
0.056
0.029333
0.058667
0.045333
0.058667
0.045333
0.058667
0.082667
0.058667
0.045333
0.058667
0.032
0.072
0
0.045333
0
0.045333
0
0
0
0
0
0
0.072
0.045333
0
0
0
0
0
0
0
0
0
0
0
0
0
0
0
0
0
0.045333
0
0
0
0
0
0
0
0
0
0
0
0
0
0
0
0
0
0
0
0
0
0
0
0
0
0
0
0
0
0
0
0
0
0
0
0
0
0
0
0
0.032
0
0
0
0
0
0
0
0
0
0
0
0
0
0
0
0
0
0
0
0
0
0
0
0
0
0
0
0
0
0
0
0
0
0
0
0
0
0
0
0
0
0
0
0
0
0
0
0
0
0
0
0
0
0
0
0
0
0
0
0
0
0
0
0
0
0
0
0
0
0
0
0
0
0
0
0
0
0
0
0
0
0
0
0
0
0
0
0
0
0
0
0
0
0
0
0
0
0
0
0
0
0
0
0
0
0
0
0
0
0
0
0
0
0
0
0
0
0
0
0
0
0
0
0
0
0
0
0
0
0
0
0
0
0
0
0
0
0
0
0
0
0
0
0
0
0
0
0
0
0
0
0
0
0
0.045333
0
0.072
0.032
0
0.072
0.072
0.082667
0.072
0.045333
0.058667
0.096
0.032
0.058667
0.058667
0.082667
0.045333
0.058667
0
0
0
0.045333
0
0.032
0
0
0
0.045333
0
0.032
0.045333
0.058667
0.032
0
0.032
0
0.072
0.082667
0.045333
0.045333
0.082667
0.072
0.045333
0.032
0.058667
0.082667
0.072
0.096
0.045333
0.032
0.058667
0.14667
0.072
0.058667
0.13067
0.082667
0.13067
0.096
0.072
0.058667
0.13067
0.096
0.20533
0.18667
0.14667
0.20533
0.14667
0.14667
0.13067
0.082667
0.096
0.082667
0.20533
0.14667
0.20533
0.13067
0.24533
0.20533
0.20533
0.18667
0.13067
0.096
0.14667
0.096
0.18667
0.14667
0.058667
0.14667
0.13067
0.082667
0.096
0.082667
0.20533
0.14667
0.24533
0.20533
0.18667
0.14667
0.18667
0.14667
0.28533
0.20533
0.20533
0.22133
0.20533
0.18667
0.24533
0.20533
0.18667
0.26667
0.20533
0.28533
0.18667
0.14667
0.14667
0.082667
0.13067
0.13067
0.20533
0.14667
0.14667
0.082667
0.18667
0.14667
0.045333
0.032
0.072
0.082667
0.13067
0.096
0
0
0
0
0.058667
0.045333
0
0.045333
0.058667
0.045333
0
0.032
0.072
0.13067
0.14667
0.096
0.058667
0.096
0.096
0.082667
0.082667
0.072
0.058667
0.045333
0.072
0.045333
0
0
0.045333
0.032
0
0
0
0.058667
0
0
0
0
0.058667
0.045333
0.032
0
0
0.072
0.058667
0.082667
0.18667
0.096
0.082667
0.096
0.072
0.14667
0.096
0.096
0.072
0.082667
0.13067
0.13067
0.22133
0.24533
0.20533
0.18667
0.13067
0.14667
0.13067
0.22133
0.18667
0.22133
0.20533
0.22133
0.22133
0.22133
0.26667
0.26667
0.32533
0.26667
0.35467
0.44267
0.35467
0.28533
0.44267
0.26667
0.35467
0.28533
0.41867
0.28533
0.24533
0.26667
0.24533
0.22133
0.28533
0.24533
0.26667
0.24533
0.22133
0.24533
0.26667
0.24533
0.22133
0.26667
0.44267
0.28533
0.24533
0.35467
0.32533
0.28533
0.28533
0.35467
0.32533
0.28533
0.41867
0.41867
0.32533
0.26667
0.35467
0.35467
0.32533
0.44267
0.728
0.41867
0.536
0.576
0.536
0.576
0.44267
0.536
0.44267
0.728
0.576
0.728
0.688
0.88267
0.728
0.688
0.83467
0.688
0.576
0.83467
0.688
0.88267
0.728
0.728
0.688
0.41867
0.536
0.728
0.688
0.44267
0.32533
0.41867
0.536
0.35467
0.32533
0.41867
0.688
0.35467
0.32533
0.44267
0.41867
0.536
0.688
0.576
0.536
0.576
0.536
0.83467
0.89867
0.88267
0.31733
0.88267
0.31733
0.96533
0.96533
0.88267
0.83467
0.96533
0.89867
0.89867
0
0.31733
0.093333
0.31733
0.96533
0.093333
0.89867
0
0.31733
0.31733
0.093333
0.093333
0
0
0
0
0
0
0
0
0
0
0
0
0
0
0
0
0
0
0
0
0
0
0
0
0
0
0
0
0
0
0
0
0
0
0
0
0
0
0
0
0
0.31733
0.89867
0.093333
0
0.093333
0.31733
0.093333
0
0
0.093333
0.89867
0.88267
0.96533
0.88267
0.89867
0.83467
0.96533
0.83467
0.88267
0.88267
0.89867
0.88267
0.96533
0.88267
0.96533
0.83467
0.96533
0.96533
0.31733
0.89867
0.88267
0.96533
0.83467
0.89867
0.093333
0.89867
0.88267
0
0.31733
0
0.093333
0
0.093333
0.89867
0.31733
0.89867
0.093333
0.093333
0
0
0
0
0
0
0
0
0
0
0
0
0
0
0
0
0
0
0
0
0
0
0
0.093333
0
0
0
0
0
0
0
0
0
0
0
0
0
0
0
0
0
0
0.89867
0.093333
0.093333
0
0.31733
0
0
0.31733
0
0.093333
0.31733
0.96533
0.96533
0.88267
0.31733
0.89867
0.96533
0.88267
0.093333
0.89867
0.89867
0.83467
0.88267
0.89867
0.89867
0.31733
0.728
0.576
0.88267
0.728
0.83467
0.728
0.41867
0.35467
0.41867
0.536
0.41867
0.728
0.44267
0.536
0.576
0.688
0.44267
0.576
0.728
0.88267
0.728
0.83467
0.688
0.728
0.688
0.536
0.688
0.576
0.88267
0.728
0.728
0.88267
0.576
0.728
0.728
0.83467
0.44267
0.536
0.41867
0.576
0.44267
0.576
0.44267
0.32533
0.41867
0.536
0.44267
0.536
0.536
0.576
0.35467
0.41867
0.35467
0.41867
0.32533
0.44267
0.35467
0.28533
0.32533
0.44267
0.35467
0.41867
0.26667
0.24533
0.32533
0.28533
0.35467
0.26667
0.24533
0.26667
0.26667
0.28533
0.28533
0.35467
0.20533
0.22133
0.22133
0.24533
0.24533
0.28533
0.24533
0.26667
0.28533
0.26667
0.35467
0.32533
0.35467
0.41867
0.28533
0.35467
0.32533
0.32533
0.41867
0.35467
0.20533
0.22133
0.24533
0.28533
0.22133
0.22133
0.24533
0.28533
0.22133
0.26667
0.24533
0.28533
0.28533
0.35467
0.35467
0.41867
0.32533
0.41867
0.32533
0.44267
0.26667
0.35467
0.35467
0.41867
0.32533
0.41867
0.22133
0.26667
0.24533
0.26667
0.28533
0.32533
0.22133
0.28533
0.28
0.26667
0.264
0.35467
0.26667
0.28
0.32533
0.28533
0.22133
0.26667
0.41867
0.35467
0.44267
0.35467
0.35467
0.28533
0.28533
0.32533
0.35467
0.41867
0.32267
0.44
0.44267
0.41867
0.536
0.57333
0.72267
0.528
0.536
0.536
0.44267
0.688
0.44267
0.576
0.576
0.536
0.83467
0.72267
0.83467
0.688
0.88267
0.728
0.688
0.536
0.82667
0.688
0.67733
0.57333
0.728
0.728
0.83467
0.688
0.536
0.53067
0.536
0.576
0.576
0.44267
0.576
0.44267
0.44267
0.688
0.44267
0.576
0.44267
0.536
0.576
0.536
0.576
0.536
0.83467
0.688
0.88267
0.728
0.83467
0.728
0.88267
0.96533
0.88267
0.89867
0.89867
0.96533
0.83467
0.728
0.96533
0.96533
0.89867
0.32
0.093333
0
0.89867
0.12
0.093333
0
0.093333
0
0.093333
0.89867
0
0
0
0
0
0
0
0
0
0
0
0
0
0
0
0
0
0
0
0
0
0.093333
0
0
0
0
0
0
0
0
0
0
0
0
0
0
0
0
0
0
0
0
0
0
0
0.13867
0
0.093333
0.31733
0.96533
0.92
0.093333
0.34933
0
0.89867
0.31733
0.88267
0.96533
0.88267
0.96533
0.90667
0.31733
0.88267
0.96533
0.88267
0.728
0.96533
0.89867
0.89867
0.88267
0.96533
0.83467
0.093333
0.89867
0.96533
0.88267
0.31733
0.89867
0.83467
0.88267
0.093333
0.96533
0.31733
0.88267
0
0.31733
0
0.093333
0.31733
0.89867
0.093333
0.96533
0
0.093333
0
0
0
0
0
0
0
0
0
0
0
0
0
0
0
0
0
0
0
0
0
0
0
0
0
0
0
0
0
0
0
0
0
0
0
0
0
0
0
0
0
0
0
0.536
0
0
0
0
0
0.093333
0
0.093333
0.31733
0.88267
0.96533
0.31733
0.89867
0.31733
0.96533
0.093333
0.89867
0.31733
0.89867
0.83467
0.96533
0.89867
0.88267
0.688
0.83467
0.728
0.88267
0.576
0.688
0.576
0.728
0.536
0.41867
0.536
0.688
0.536
0.44267
0.688
0.728
0.96533
0.89867
0.83467
0.728
0.88267
0.688
0.96533
0.89867
0.728
0.728
0.83467
0.728
0.88267
0.688
0.83467
0.728
0.41867
0.536
0.41867
0.576
0.688
0.576
0.576
0.688
0.688
0.728
0.576
0.536
0.688
0.728
0.536
0.576
0.41867
0.35467
0.41867
0.32533
0.35467
0.44267
0.32533
0.41867
0.44267
0.32533
0.20533
0.22133
0.35467
0.28533
0.24533
0.26667
0.26667
0.32533
0.22133
0.26667
0.22133
0.28533
0.32533
0.28533
0.18667
0.22133
0.26667
0.24533
0.28533
0.35467
0.35467
0.35467
0.32533
0.41867
0.35467
0.44267
0.576
0.44267
0.32533
0.41867
0.44267
0.28533
0.32533
0.28533
0.26667
0.28533
0.35467
0.22133
0.24533
0.20533
0.24533
0.13067
0.18667
0.20533
0.22133
0.14667
0.20533
0.14667
0.082667
0.096
0.14667
0.082667
0.13067
0.096
0.14667
0.082667
0.096
0.13067
0.18667
0.058667
0.072
0.096
0.072
0
0
0.032
0.032
0.045333
0
0.045333
0
0
0.072
0
0.045333
0.032
0.082667
0.045333
0.058667
0.072
0.058667
0.045333
0.032
0
0
0.032
0.082667
0.045333
0.072
0.032
0
0
0.032
0.032
0.045333
0.032
0
0.045333
0
0.032
0.058667
0.058667
0.045333
0.072
0.082667
0.058667
0.096
0.13067
0.082667
0.13067
0.14667
0.14667
0.13067
0.072
0.096
0.072
0.058667
0.13067
0.096
0.18667
0.14667
0.24533
0.18667
0.24533
0.20533
0.22133
0.20533
0.18667
0.18667
0.22133
0.20533
0.24533
0.20533
0.20533
0.18667
0.20533
0.22133
0.18667
0.22133
0.14667
0.18667
0.14667
0.13067
0.18667
0.20533
0.096
0.13067
0.096
0.128
0.096
0.13067
0.18667
0.24267
0.144
0.20533
0.20533
0.22133
0.18667
0.24533
0.18667
0.24533
0.18667
0.22133
0.18667
0.13067
0.20533
0.24533
0.18667
0.22133
0.20533
0.14667
0.14667
0.096
0.20533
0.13067
0.13067
0.082667
0.14667
0.096
0.20533
0.14667
0.20533
0.14667
0.072
0.096
0.058667
0.082667
0.072
0.082667
0.058667
0.032
0.082667
0.096
0.032
0.045333
0.072
0.045333
0.032
0
0.032
0
0
0.029333
0.045333
0
0.032
0
0.045333
0
0
0
0
0.045333
0
0.032
0.032
0.058667
0.072
0.082667
0.082667
0.096
0
0
0.13067
0.14667
0.045333
0.032
0
0
0
0.032
0
0
0
0
0
0
0
0
0
0
0
0
0
0
0
0
0
0
0
0
0
0
0
0
0
0
0
0
0
0
0
0
0
0
0
0
0
0
0
0
0
0
0
0
0
0
0
0
0
0
0
0
0
0
0
0
0
0
0
0
0
0
0
0
0
0
0
0
0
0
0
0
0
0
0
0
0
0
0
0
0
0
0
0
0
0
0
0
0
0
0
0
0
0
0
0
0
0
0
0
0
0
0
0
0
0
0
0
0
0
0
0
0
0
0
0
0
0
0
0
0
0
0
0
0
0
0
0
0
0
0
0
0
0
0
0
0
0
0
0
0
0
0
0
0
0
0
0
0
0
0
0
0
0
0
0
0
0
0
0
0
0
0
0
0
0
0
0
0
0
0
0
0
0
0
0
0
0
0
0
0
0
0
0
0
0
0
0
0
0
