123.253  24.748 -40.000
123.201  24.751 -40.000
123.149  24.754 -40.000
123.097  24.756 -40.000
123.045  24.759 -40.000
122.993  24.762 -40.000
122.941  24.764 -40.000
122.888  24.767 -40.000
122.836  24.770 -40.000
122.784  24.772 -40.000
122.732  24.775 -40.000
122.680  24.777 -40.000
122.628  24.780 -40.000
122.576  24.783 -40.000
122.523  24.785 -40.000
122.471  24.788 -40.000
122.419  24.790 -40.000
122.367  24.793 -40.000
122.315  24.795 -40.000
122.263  24.798 -40.000
122.210  24.800 -40.000
122.158  24.802 -40.000
122.106  24.805 -40.000
122.054  24.807 -40.000
122.002  24.809 -40.000
121.950  24.812 -40.000
121.897  24.814 -40.000
123.252  24.725 -35.556
123.202  24.728 -35.556
123.151  24.730 -35.556
123.101  24.733 -35.556
123.051  24.735 -35.556
123.001  24.738 -35.556
122.951  24.741 -35.556
122.901  24.743 -35.556
122.850  24.746 -35.556
122.800  24.748 -35.556
122.750  24.751 -35.556
122.700  24.753 -35.556
122.649  24.756 -35.556
122.599  24.758 -35.556
122.549  24.761 -35.556
122.499  24.763 -35.556
122.449  24.766 -35.556
122.398  24.768 -35.556
122.348  24.770 -35.556
122.298  24.773 -35.556
122.248  24.775 -35.556
122.198  24.777 -35.556
122.147  24.780 -35.556
122.097  24.782 -35.556
122.047  24.784 -35.556
121.997  24.787 -35.556
121.946  24.789 -35.556
121.896  24.791 -35.556
123.250  24.702 -31.111
123.200  24.704 -31.111
123.150  24.707 -31.111
123.100  24.710 -31.111
123.050  24.712 -31.111
122.999  24.715 -31.111
122.949  24.718 -31.111
122.899  24.720 -31.111
122.849  24.723 -31.111
122.799  24.725 -31.111
122.749  24.728 -31.111
122.698  24.730 -31.111
122.648  24.733 -31.111
122.598  24.735 -31.111
122.548  24.738 -31.111
122.498  24.740 -31.111
122.447  24.742 -31.111
122.397  24.745 -31.111
122.347  24.747 -31.111
122.297  24.750 -31.111
122.247  24.752 -31.111
122.196  24.754 -31.111
122.146  24.757 -31.111
122.096  24.759 -31.111
122.046  24.761 -31.111
121.995  24.763 -31.111
121.945  24.766 -31.111
121.895  24.768 -31.111
123.249  24.679 -26.667
123.199  24.681 -26.667
123.149  24.684 -26.667
123.098  24.687 -26.667
123.048  24.689 -26.667
122.998  24.692 -26.667
122.948  24.694 -26.667
122.898  24.697 -26.667
122.847  24.700 -26.667
122.797  24.702 -26.667
122.747  24.705 -26.667
122.697  24.707 -26.667
122.647  24.710 -26.667
122.597  24.712 -26.667
122.546  24.714 -26.667
122.496  24.717 -26.667
122.446  24.719 -26.667
122.396  24.722 -26.667
122.346  24.724 -26.667
122.295  24.726 -26.667
122.245  24.729 -26.667
122.195  24.731 -26.667
122.145  24.733 -26.667
122.095  24.736 -26.667
122.044  24.738 -26.667
121.994  24.740 -26.667
121.944  24.743 -26.667
121.894  24.745 -26.667
123.247  24.656 -22.222
123.197  24.658 -22.222
123.147  24.661 -22.222
123.097  24.664 -22.222
123.047  24.666 -22.222
122.997  24.669 -22.222
122.946  24.671 -22.222
122.896  24.674 -22.222
122.846  24.676 -22.222
122.796  24.679 -22.222
122.746  24.681 -22.222
122.696  24.684 -22.222
122.645  24.686 -22.222
122.595  24.689 -22.222
122.545  24.691 -22.222
122.495  24.694 -22.222
122.445  24.696 -22.222
122.394  24.699 -22.222
122.344  24.701 -22.222
122.294  24.703 -22.222
122.244  24.706 -22.222
122.194  24.708 -22.222
122.144  24.710 -22.222
122.093  24.713 -22.222
122.043  24.715 -22.222
121.993  24.717 -22.222
121.943  24.719 -22.222
121.893  24.722 -22.222
123.246  24.632 -17.778
123.196  24.635 -17.778
123.146  24.638 -17.778
123.095  24.640 -17.778
123.045  24.643 -17.778
122.995  24.646 -17.778
122.945  24.648 -17.778
122.895  24.651 -17.778
122.845  24.653 -17.778
122.794  24.656 -17.778
122.744  24.658 -17.778
122.694  24.661 -17.778
122.644  24.663 -17.778
122.594  24.666 -17.778
122.544  24.668 -17.778
122.494  24.671 -17.778
122.443  24.673 -17.778
122.393  24.675 -17.778
122.343  24.678 -17.778
122.293  24.680 -17.778
122.243  24.683 -17.778
122.192  24.685 -17.778
122.142  24.687 -17.778
122.092  24.689 -17.778
122.042  24.692 -17.778
121.992  24.694 -17.778
121.942  24.696 -17.778
121.891  24.698 -17.778
123.244  24.609 -13.333
123.194  24.612 -13.333
123.144  24.615 -13.333
123.094  24.617 -13.333
123.044  24.620 -13.333
122.994  24.622 -13.333
122.944  24.625 -13.333
122.893  24.628 -13.333
122.843  24.630 -13.333
122.793  24.633 -13.333
122.743  24.635 -13.333
122.693  24.638 -13.333
122.643  24.640 -13.333
122.592  24.643 -13.333
122.542  24.645 -13.333
122.492  24.648 -13.333
122.442  24.650 -13.333
122.392  24.652 -13.333
122.342  24.655 -13.333
122.292  24.657 -13.333
122.241  24.659 -13.333
122.191  24.662 -13.333
122.141  24.664 -13.333
122.091  24.666 -13.333
122.041  24.669 -13.333
121.990  24.671 -13.333
121.940  24.673 -13.333
121.890  24.675 -13.333
123.243  24.586  -8.889
123.193  24.589  -8.889
123.143  24.592  -8.889
123.093  24.594  -8.889
123.042  24.597  -8.889
122.992  24.599  -8.889
122.942  24.602  -8.889
122.892  24.604  -8.889
122.842  24.607  -8.889
122.792  24.610  -8.889
122.742  24.612  -8.889
122.691  24.615  -8.889
122.641  24.617  -8.889
122.591  24.619  -8.889
122.541  24.622  -8.889
122.491  24.624  -8.889
122.441  24.627  -8.889
122.391  24.629  -8.889
122.340  24.632  -8.889
122.290  24.634  -8.889
122.240  24.636  -8.889
122.190  24.639  -8.889
122.140  24.641  -8.889
122.090  24.643  -8.889
122.039  24.645  -8.889
121.989  24.648  -8.889
121.939  24.650  -8.889
121.889  24.652  -8.889
123.241  24.563  -4.444
123.191  24.566  -4.444
123.141  24.568  -4.444
123.091  24.571  -4.444
123.041  24.574  -4.444
122.991  24.576  -4.444
122.941  24.579  -4.444
122.891  24.581  -4.444
122.840  24.584  -4.444
122.790  24.586  -4.444
122.740  24.589  -4.444
122.690  24.591  -4.444
122.640  24.594  -4.444
122.590  24.596  -4.444
122.540  24.599  -4.444
122.490  24.601  -4.444
122.439  24.604  -4.444
122.389  24.606  -4.444
122.339  24.608  -4.444
122.289  24.611  -4.444
122.239  24.613  -4.444
122.189  24.615  -4.444
122.138  24.618  -4.444
122.088  24.620  -4.444
122.038  24.622  -4.444
121.988  24.625  -4.444
121.938  24.627  -4.444
121.888  24.629  -4.444
123.240  24.540   0.000
123.188  24.543   0.000
123.136  24.545   0.000
123.084  24.548   0.000
123.032  24.551   0.000
122.980  24.554   0.000
122.928  24.556   0.000
122.876  24.559   0.000
122.824  24.562   0.000
122.772  24.564   0.000
122.720  24.567   0.000
122.667  24.569   0.000
122.615  24.572   0.000
122.563  24.574   0.000
122.511  24.577   0.000
122.459  24.580   0.000
122.407  24.582   0.000
122.355  24.584   0.000
122.303  24.587   0.000
122.251  24.589   0.000
122.199  24.592   0.000
122.147  24.594   0.000
122.095  24.597   0.000
122.043  24.599   0.000
121.991  24.601   0.000
121.939  24.604   0.000
121.886  24.606   0.000
