6.8626,6.8626,6.8626
6.8626,6.8626,6.8626
6.8626,6.8626,6.8626
6.8626,6.8626,6.8626
6.8626,6.8626,6.8626
6.8626,6.8626,6.8626
6.8626,6.8626,6.8626
6.8626,6.8626,6.8626
6.8626,6.8626,6.8626
6.8626,6.8626,6.8626
6.8626,6.8626,6.8626
6.8626,6.8626,6.8626
6.8626,6.8626,6.8626
6.8626,6.8626,6.8626
6.8626,6.8626,6.8626
6.8626,6.8626,6.8626
6.8626,6.8626,6.8626
6.8626,6.8626,6.8626
6.8626,6.8626,6.8626
6.8626,6.8626,6.8626
6.8626,6.8626,6.8626
6.8626,6.8626,6.8626
6.8626,6.8626,6.8626
6.8626,6.8626,6.8626
6.8626,6.8626,6.8626
6.8626,6.8626,6.8626
6.8626,6.8626,6.8626
6.8626,6.8626,6.8626
6.8626,6.8626,6.8626
6.8626,6.8626,6.8626
6.8626,6.8626,6.8626
6.8626,6.8626,6.8626
6.8626,6.8626,6.8626
6.8626,6.8626,6.8626
6.8626,6.8626,6.8626
6.8626,6.8626,6.8626
6.8626,6.8626,6.8626
6.8626,6.8626,6.8626
6.8626,6.8626,6.8626
6.8626,6.8626,6.8626
6.8626,6.8626,6.8626
6.8626,6.8626,6.8626
6.8626,6.8626,6.8626
6.8626,6.8626,6.8626
6.8626,6.8626,6.8626
6.8626,6.8626,6.8626
6.8626,6.8626,6.8626
6.8626,6.8626,6.8626
6.8626,6.8626,6.8626
6.8626,6.8626,6.8626
6.8626,6.8626,6.8626
6.8626,6.8626,6.8626
6.8626,6.8626,6.8626
6.8626,6.8626,6.8626
6.8626,6.8626,6.8626
6.8626,6.8626,6.8626
6.8626,6.8626,6.8626
6.8626,6.8626,6.8626
6.8626,6.8626,6.8626
6.8626,6.8626,6.8626
6.8626,6.8626,6.8626
6.8626,6.8626,6.8626
6.8626,6.8626,6.8626
6.8626,6.8626,6.8626
6.8626,6.8626,6.8626
6.8626,6.8626,6.8626
6.8626,6.8626,6.8626
6.8626,6.8626,6.8626
6.8626,6.8626,6.8626
6.8626,6.8626,6.8626
6.8626,6.8626,6.8626
6.8626,6.8626,6.8626
6.8626,6.8626,6.8626
6.8626,6.8626,6.8626
6.8626,6.8626,6.8626
6.8626,6.8626,6.8626
6.8626,6.8626,6.8626
6.8626,6.8626,6.8626
6.8626,6.8626,6.8626
6.8626,6.8626,6.8626
6.8626,6.8626,6.8626
6.8626,6.8626,6.8626
6.8626,6.8626,6.8626
6.8626,6.8626,6.8626
6.8626,6.8626,6.8626
6.8626,6.8626,6.8626
6.8626,6.8626,6.8626
6.8626,6.8626,6.8626
6.8626,6.8626,6.8626
6.8626,6.8626,6.8626
6.8626,6.8626,6.8626
