-0.20713
-0.20713
-0.20713
-0.20713
-0.20713
-0.20713
-0.20713
-0.20713
-0.20713
-0.20713
-0.20713
-0.20713
-0.20713
-0.20713
-0.20713
-0.20713
-0.20713
-0.20713
-0.20713
-0.20713
-0.20713
-0.20713
-0.20713
-0.20713
-0.20713
-0.20713
-0.20713
-0.20713
-0.20713
-0.20713
-0.20713
-0.20713
-0.20713
-0.20713
-0.20713
-0.20713
-0.20713
-0.20713
-0.20713
-0.20713
-0.20713
-0.20713
-0.20713
-0.20713
-0.20713
-0.20713
-0.20713
-0.20713
-0.20713
-0.20713
-0.20713
-0.20713
-0.20713
-0.20713
-0.20713
-0.20713
-0.20713
-0.20713
-0.20713
-0.20713
-0.20713
-0.20713
-0.20713
-0.20713
-0.20713
-0.20713
-0.20713
-0.20713
-0.20713
