121.409  23.722 -40.000
121.458  23.754 -40.000
121.517  23.768 -40.000
121.578  23.769 -40.000
121.398  23.764 -39.061
121.447  23.797 -39.088
121.506  23.810 -39.089
121.567  23.812 -39.089
121.387  23.807 -38.367
121.436  23.839 -38.152
121.495  23.853 -38.154
121.556  23.855 -38.155
121.376  23.850 -37.108
121.425  23.882 -37.192
121.484  23.896 -37.194
121.545  23.897 -37.196
121.364  23.892 -36.139
121.414  23.925 -36.208
121.473  23.938 -36.210
121.534  23.940 -36.212
121.353  23.935 -35.102
121.403  23.967 -35.202
121.462  23.981 -35.203
121.522  23.983 -35.204
121.342  23.978 -33.994
121.392  24.010 -34.166
121.451  24.024 -34.167
121.511  24.025 -34.167
121.331  24.020 -33.469
121.381  24.053 -33.099
121.440  24.066 -33.101
121.500  24.068 -33.097
121.320  24.063 -31.837
121.369  24.095 -32.008
121.428  24.109 -32.009
121.489  24.111 -32.011
121.309  24.106 -30.119
121.358  24.138 -30.889
121.417  24.152 -30.890
121.478  24.153 -30.890
121.297  24.148 -29.388
121.347  24.181 -29.734
121.406  24.194 -29.736
121.467  24.196 -29.738
121.286  24.191 -28.571
121.336  24.223 -28.558
121.395  24.237 -28.558
121.456  24.239 -28.558
121.275  24.234 -27.226
121.325  24.266 -27.339
121.384  24.280 -27.341
121.445  24.281 -27.342
121.264  24.276 -25.728
121.314  24.309 -26.097
121.373  24.322 -26.097
121.434  24.324 -26.097
121.253  24.319 -24.490
121.302  24.351 -24.812
121.362  24.365 -24.814
121.422  24.367 -24.816
121.242  24.362 -23.673
121.291  24.394 -23.501
121.350  24.408 -23.501
121.411  24.409 -23.501
121.230  24.404 -21.497
121.280  24.436 -22.148
121.339  24.450 -22.149
121.400  24.452 -22.151
121.219  24.447 -20.408
121.269  24.479 -20.759
121.328  24.493 -20.761
121.389  24.495 -20.762
121.208  24.490 -19.592
121.258  24.522 -19.337
121.317  24.535 -19.336
121.378  24.537 -19.337
121.197  24.532 -15.476
121.246  24.564 -17.872
121.306  24.578 -17.872
121.367  24.580 -17.867
121.185  24.575 -16.327
121.235  24.607 -16.366
121.294  24.621 -16.366
121.355  24.623 -16.367
121.174  24.618 -14.694
121.224  24.650 -14.817
121.283  24.663 -14.818
121.344  24.665 -14.819
121.163  24.660 -13.061
121.213  24.692 -13.225
121.272  24.706 -13.227
121.333  24.708 -13.229
121.152  24.703 -11.429
121.201  24.735 -11.591
121.261  24.749 -11.592
121.322  24.751 -11.593
121.140  24.745  -9.788
121.190  24.778  -9.910
121.249  24.791  -9.911
121.311  24.793  -9.912
121.129  24.788  -8.163
121.179  24.820  -8.183
121.238  24.834  -8.183
121.299  24.836  -8.184
121.118  24.831  -6.405
121.168  24.863  -6.404
121.227  24.877  -6.404
121.288  24.879  -6.397
121.106  24.873  -4.228
121.156  24.906  -4.409
121.216  24.919  -4.409
121.277  24.921  -4.252
121.095  24.916   0.000
121.145  24.948   0.000
121.204  24.962   0.000
121.266  24.964   0.000
