1.11265251025734
1.11265251025734
1.11265251025734
1.11265251025734
1.11265251025734
1.11265251025734
1.11265251025734
1.11265251025734
1.11265251025734
1.11265251025734
1.11265251025734
1.11265251025734
1.11265251025734
1.11265251025734
1.11265251025734
1.11265251025734
1.11265251025734
1.11265251025734
1.11265251025734
1.11265251025734
1.11265251025734
1.11265251025734
1.11265251025734
1.11265251025734
1.11265251025734
1.11265251025734
1.11265251025734
1.11265251025734
1.11265251025734
1.11265251025734
1.11265251025734
1.11265251025734
1.11265251025734
1.11265251025734
1.11265251025734
1.11265251025734
1.11265251025734
1.11265251025734
1.11265251025734
1.11265251025734
1.11265251025734
1.11265251025734
1.11265251025734
1.11265251025734
1.11265251025734
1.11265251025734
1.11265251025734
1.11265251025734
1.11265251025734
1.11265251025734
1.11265251025734
1.11265251025734
1.11265251025734
1.11265251025734
1.11265251025734
1.11265251025734
1.11265251025734
1.11265251025734
1.11265251025734
1.11265251025734
1.11265251025734
1.11265251025734
1.11265251025734
1.11265251025734
1.11265251025734
1.11265251025734
1.11265251025734
1.11265251025734
1.11265251025734
