-11.6541073751209
-11.6541073751209
-11.6541073751209
-11.6541073751209
-11.6541073751209
-11.6541073751209
-11.6541073751209
-11.6541073751209
-11.6541073751209
-11.6541073751209
-11.6541073751209
-11.6541073751209
-11.6541073751209
-11.6541073751209
-11.6541073751209
-11.6541073751209
-11.6541073751209
-11.6541073751209
-11.6541073751209
-11.6541073751209
-11.6541073751209
-11.6541073751209
-11.6541073751209
-11.6541073751209
-11.6541073751209
-11.6541073751209
-11.6541073751209
-11.6541073751209
-11.6541073751209
-11.6541073751209
-11.6541073751209
-11.6541073751209
-11.6541073751209
-11.6541073751209
-11.6541073751209
-11.6541073751209
-11.6541073751209
-11.6541073751209
-11.6541073751209
-11.6541073751209
-11.6541073751209
-11.6541073751209
-11.6541073751209
-11.6541073751209
-11.6541073751209
-11.6541073751209
-11.6541073751209
-11.6541073751209
-11.6541073751209
-11.6541073751209
-11.6541073751209
-11.6541073751209
-11.6541073751209
-11.6541073751209
-11.6541073751209
-11.6541073751209
-11.6541073751209
-11.6541073751209
-11.6541073751209
-11.6541073751209
-11.6541073751209
-11.6541073751209
-11.6541073751209
-11.6541073751209
-11.6541073751209
-11.6541073751209
-11.6541073751209
-11.6541073751209
-11.6541073751209
