120.976  22.725 -30.000
120.953  22.682 -30.000
120.933  22.638 -30.000
120.910  22.594 -30.000
120.894  22.548 -30.000
120.878  22.502 -30.000
120.862  22.456 -30.000
120.842  22.412 -30.000
120.824  22.366 -30.000
120.988  22.721 -25.102
120.965  22.678 -24.993
120.945  22.633 -24.999
120.922  22.590 -24.996
120.906  22.544 -25.006
120.890  22.498 -24.997
120.875  22.452 -25.002
120.854  22.408 -25.011
120.836  22.362 -25.000
121.000  22.717 -20.000
120.977  22.673 -19.993
120.957  22.629 -19.999
120.935  22.585 -19.996
120.918  22.539 -20.006
120.902  22.493 -19.997
120.887  22.447 -20.002
120.866  22.403 -20.011
120.848  22.358 -20.000
121.012  22.712 -15.000
120.989  22.669 -14.993
120.969  22.624 -14.999
120.947  22.581 -14.996
120.930  22.535 -15.006
120.914  22.489 -14.997
120.899  22.443 -15.002
120.878  22.399 -15.011
120.860  22.353 -15.000
121.024  22.708 -10.000
121.001  22.665  -9.993
120.981  22.620  -9.999
120.959  22.577  -9.996
120.942  22.531 -10.006
120.926  22.485  -9.997
120.911  22.439 -10.002
120.890  22.395 -10.011
120.872  22.349 -10.000
121.036  22.704  -5.000
121.013  22.660  -4.993
120.993  22.616  -4.999
120.971  22.572  -4.996
120.954  22.527  -5.006
120.938  22.480  -4.997
120.923  22.434  -5.002
120.902  22.390  -5.011
120.884  22.345  -5.000
121.048  22.699   0.000
121.025  22.656   0.000
121.005  22.612   0.000
120.983  22.568   0.000
120.966  22.522   0.000
120.950  22.476   0.000
120.935  22.430   0.000
120.914  22.386   0.000
120.896  22.340   0.000
