0.731857951621204
0
0.752444673185795
0.740092640247041
0.740092640247041
0.731857951621204
0.753988677303139
0.741636644364385
0.748327328872877
0.741636644364385
0.752444673185795
0.777148739063304
0.753988677303139
0.922799794132784
0.922799794132784
0.748327328872877
1
0.73031394750386
0.735460627895008
0.740092640247041
0.740092640247041
0.73031394750386
0.731857951621204
0
0.73031394750386
0.735460627895008
0
0
0.73031394750386
0.731857951621204
0
0.731857951621204
0.735460627895008
0.740092640247041
0.740092640247041
0.752444673185795
0.735460627895008
0.735460627895008
0.748327328872877
0.740092640247041
0.735975295934122
0.748327328872877
0.741636644364385
0.740092640247041
0.753988677303139
0.741636644364385
0.748327328872877
1
0.753988677303139
1
1
1
1
0.753988677303139
1
1
0.752444673185795
0.922799794132784
0.922799794132784
1
0.741636644364385
0.748327328872877
0.752444673185795
0.753988677303139
0.922799794132784
1
0.752444673185795
0.753988677303139
1
0.922799794132784
1
1
1
1
0.748327328872877
0.752444673185795
0.922799794132784
1
0.753988677303139
0.731857951621204
0
0.741636644364385
0.735460627895008
0.752444673185795
0.741636644364385
0.731857951621204
0.735460627895008
0.73031394750386
0.741636644364385
0.748327328872877
0
0.73031394750386
0
0.731857951621204
0
0.73031394750386
