120.800  23.280 -40.000
120.805  23.231 -40.000
120.809  23.181 -40.000
120.817  23.133 -40.000
120.834  23.086 -40.000
120.828  23.036 -40.000
120.823  22.987 -40.000
120.758  23.277 -37.500
120.764  23.228 -37.500
120.768  23.178 -37.500
120.776  23.129 -37.501
120.792  23.082 -37.499
120.787  23.033 -37.500
120.782  22.984 -37.500
120.717  23.273 -35.000
120.723  23.224 -35.000
120.726  23.175 -35.000
120.734  23.126 -35.001
120.751  23.079 -34.999
120.746  23.030 -35.000
120.741  22.981 -35.000
120.676  23.270 -32.500
120.681  23.221 -32.500
120.685  23.172 -32.500
120.693  23.123 -32.501
120.710  23.076 -32.499
120.704  23.026 -32.500
120.699  22.977 -32.500
120.634  23.267 -30.000
120.640  23.217 -30.000
120.644  23.168 -30.000
120.652  23.119 -30.001
120.668  23.072 -29.999
120.663  23.023 -30.000
120.658  22.974 -30.000
120.593  23.263 -27.500
120.598  23.214 -27.500
120.602  23.165 -27.500
120.610  23.116 -27.501
120.627  23.069 -27.499
120.622  23.020 -27.500
120.617  22.970 -27.500
120.551  23.260 -25.000
120.557  23.211 -25.000
120.561  23.161 -25.000
120.569  23.112 -25.001
120.586  23.065 -24.999
120.580  23.016 -25.000
120.575  22.967 -25.000
120.510  23.256 -22.500
120.516  23.207 -22.500
120.519  23.158 -22.500
120.528  23.109 -22.501
120.544  23.062 -22.499
120.539  23.013 -22.500
120.534  22.964 -22.500
120.469  23.253 -20.000
120.474  23.204 -20.000
120.478  23.154 -20.000
120.486  23.106 -20.001
120.503  23.059 -19.999
120.498  23.009 -20.000
120.493  22.960 -20.000
120.427  23.250 -17.500
120.433  23.200 -17.500
120.437  23.151 -17.500
120.445  23.102 -17.501
120.462  23.055 -17.499
120.456  23.006 -17.500
120.452  22.957 -17.500
120.386  23.246 -15.000
120.392  23.197 -15.000
120.395  23.148 -15.000
120.404  23.099 -15.001
120.420  23.052 -14.999
120.415  23.003 -15.000
120.410  22.953 -15.000
120.344  23.243 -12.500
120.350  23.193 -12.500
120.354  23.144 -12.500
120.362  23.095 -12.501
120.379  23.048 -12.499
120.374  22.999 -12.500
120.369  22.950 -12.500
120.303  23.239 -10.000
120.309  23.190 -10.000
120.313  23.141 -10.000
120.321  23.092 -10.001
120.338  23.045  -9.999
120.333  22.996 -10.000
120.328  22.946 -10.000
120.262  23.236  -7.500
120.267  23.187  -7.500
120.271  23.137  -7.500
120.280  23.088  -7.501
120.296  23.041  -7.499
120.291  22.992  -7.500
120.286  22.943  -7.500
120.220  23.232  -5.000
120.226  23.183  -5.000
120.230  23.134  -5.000
120.238  23.085  -5.001
120.255  23.038  -4.999
120.250  22.989  -5.000
120.245  22.939  -5.000
120.179  23.229  -2.500
120.185  23.180  -2.500
120.189  23.130  -2.500
120.197  23.081  -2.501
120.214  23.034  -2.499
120.209  22.985  -2.500
120.204  22.936  -2.500
120.138  23.225   0.000
120.143  23.176   0.000
120.147  23.126   0.000
120.156  23.078   0.000
120.172  23.031   0.000
120.167  22.982   0.000
120.162  22.932   0.000
