121.521  24.195 -40.000
121.475  24.172 -40.000
121.447  24.133 -40.000
121.414  24.098 -40.000
121.390  24.059 -40.000
121.390  24.014 -40.000
121.391  23.967 -40.000
121.393  23.920 -40.000
121.371  23.879 -40.000
121.374  23.833 -40.000
121.386  23.790 -40.000
121.405  23.748 -40.000
121.396  23.707 -40.000
121.386  23.663 -40.000
121.479  24.201 -37.143
121.435  24.180 -37.175
121.407  24.142 -37.130
121.375  24.108 -36.905
121.350  24.068 -37.202
121.348  24.023 -37.207
121.349  23.977 -37.124
121.351  23.932 -36.984
121.332  23.890 -37.358
121.332  23.845 -37.273
121.342  23.801 -37.085
121.361  23.759 -37.507
121.355  23.714 -37.041
121.344  23.670 -37.143
121.437  24.208 -34.286
121.393  24.186 -34.329
121.365  24.149 -34.270
121.333  24.114 -34.060
121.308  24.075 -34.346
121.307  24.029 -34.337
121.307  23.984 -34.267
121.309  23.938 -34.128
121.291  23.896 -34.502
121.290  23.851 -34.413
121.301  23.807 -34.229
121.320  23.765 -34.621
121.313  23.720 -34.184
121.302  23.676 -34.286
121.395  24.214 -31.429
121.352  24.192 -31.461
121.323  24.155 -31.416
121.291  24.120 -31.188
121.266  24.081 -31.491
121.265  24.035 -31.496
121.266  23.990 -31.409
121.267  23.944 -31.267
121.249  23.903 -31.644
121.248  23.857 -31.562
121.259  23.813 -31.371
121.278  23.771 -31.798
121.271  23.726 -31.328
121.260  23.682 -31.429
121.353  24.220 -28.571
121.310  24.198 -28.615
121.282  24.161 -28.556
121.249  24.126 -28.342
121.224  24.087 -28.635
121.223  24.042 -28.625
121.224  23.996 -28.552
121.226  23.950 -28.412
121.207  23.909 -28.787
121.207  23.864 -28.702
121.217  23.819 -28.514
121.236  23.777 -28.911
121.230  23.732 -28.472
121.219  23.688 -28.571
121.312  24.226 -25.714
121.268  24.204 -25.747
121.240  24.167 -25.702
121.208  24.132 -25.470
121.183  24.093 -25.779
121.181  24.048 -25.783
121.182  24.002 -25.695
121.184  23.957 -25.550
121.165  23.915 -25.930
121.165  23.870 -25.850
121.175  23.825 -25.657
121.194  23.783 -26.088
121.188  23.738 -25.616
121.177  23.694 -25.714
121.270  24.232 -22.857
121.226  24.210 -22.901
121.198  24.173 -22.842
121.166  24.138 -22.625
121.141  24.099 -22.924
121.139  24.054 -22.912
121.140  24.008 -22.838
121.142  23.963 -22.695
121.123  23.921 -23.074
121.123  23.876 -22.989
121.134  23.831 -22.800
121.153  23.789 -23.200
121.146  23.745 -22.760
121.135  23.700 -22.857
121.228  24.238 -20.000
121.184  24.216 -20.033
121.156  24.179 -19.988
121.124  24.144 -19.754
121.099  24.105 -20.068
121.098  24.060 -20.070
121.098  24.014 -19.980
121.100  23.969 -19.834
121.082  23.927 -20.217
121.081  23.882 -20.137
121.092  23.837 -19.942
121.111  23.795 -20.377
121.104  23.751 -19.904
121.094  23.706 -20.000
121.186  24.244 -17.143
121.142  24.223 -17.187
121.114  24.185 -17.128
121.082  24.151 -16.908
121.057  24.111 -17.212
121.056  24.066 -17.200
121.057  24.021 -17.123
121.058  23.975 -16.979
121.040  23.933 -17.361
121.039  23.888 -17.275
121.050  23.843 -17.084
121.069  23.801 -17.489
121.063  23.757 -17.048
121.052  23.712 -17.143
121.144  24.250 -14.286
121.101  24.229 -14.319
121.072  24.191 -14.273
121.040  24.157 -14.037
121.015  24.117 -14.356
121.014  24.072 -14.357
121.015  24.027 -14.266
121.017  23.981 -14.118
120.998  23.939 -14.505
120.998  23.894 -14.422
121.008  23.850 -14.227
121.027  23.808 -14.666
121.021  23.763 -14.192
121.010  23.718 -14.286
121.102  24.257 -11.429
121.059  24.235 -11.473
121.031  24.197 -11.413
120.998  24.163 -11.191
120.973  24.123 -11.500
120.972  24.078 -11.486
120.973  24.033 -11.408
120.975  23.987 -11.263
120.956  23.945 -11.649
120.956  23.900 -11.560
120.967  23.856 -11.369
120.986  23.814 -11.777
120.979  23.769 -11.337
120.968  23.724 -11.429
121.060  24.263  -8.571
121.017  24.241  -8.605
120.989  24.203  -8.559
120.957  24.169  -8.320
120.932  24.130  -8.644
120.930  24.084  -8.644
120.931  24.039  -8.551
120.933  23.993  -8.403
120.915  23.951  -8.794
120.914  23.906  -8.706
120.925  23.862  -8.511
120.944  23.820  -8.954
120.937  23.775  -8.481
120.927  23.730  -8.571
121.018  24.269  -5.714
120.975  24.247  -5.759
120.947  24.209  -5.699
120.915  24.175  -5.475
120.890  24.136  -5.788
120.888  24.090  -5.773
120.889  24.045  -5.694
120.891  23.999  -5.547
120.873  23.957  -5.938
120.872  23.912  -5.844
120.883  23.868  -5.653
120.902  23.826  -6.065
120.896  23.781  -5.625
120.885  23.736  -5.714
120.976  24.275  -2.857
120.933  24.253  -2.891
120.905  24.216  -2.844
120.873  24.181  -2.604
120.848  24.142  -2.931
120.846  24.096  -2.932
120.847  24.051  -2.836
120.849  24.005  -2.688
120.831  23.963  -3.083
120.830  23.918  -2.989
120.841  23.874  -2.795
120.860  23.832  -3.242
120.854  23.787  -2.769
120.843  23.742  -2.857
120.935  24.281   0.000
120.889  24.258   0.000
120.861  24.219   0.000
120.828  24.183   0.000
120.804  24.144   0.000
120.805  24.099   0.000
120.806  24.052   0.000
120.808  24.005   0.000
120.786  23.964   0.000
120.789  23.917   0.000
120.801  23.874   0.000
120.821  23.833   0.000
120.812  23.792   0.000
120.802  23.748   0.000
