0.057143
1
1
1
0.6974
0.80909
1
1
0.7
0.10779
1
0.62208
0.05974
0
0
0.99221
0
1
0
1
0.81299
1
1
1
0.074026
1
1
1
0.7
0.85714
0
1
0
0
0
0
0
0
0.83636
0
0.85714
1
0.05974
1
1
1
1
1
1
0.72078
1
1
1
0.81299
0
1
1
0.13766
1
1
1
1
1
1
0.72078
1
1
0.6974
1
0.87143
1
0.92857
0
1
1
0
0.05974
0
0.057143
0
0
0
0
0
0
0
0
0
0
0
0.8
0.85584
0.1013
0.77013
1
1
1
0.64416
1
0.72987
1
1
0.045455
1
1
1
1
1
1
1
0.68182
1
1
1
0.68442
0.66364
1
1
1
1
1
1
1
1
0.045455
1
0
0.057143
0
0.81299
0.87013
1
0
0
0
0
0
0
0
0.098701
