0.0277330260885225
0.0277330260885225
0.0277330260885225
0.0277330260885225
0.0277330260885225
0.0277330260885225
0.0277330260885225
0.0277330260885225
0.0277330260885225
0.0277330260885225
0.0277330260885225
0.0277330260885225
0.0277330260885225
0.0277330260885225
0.0277330260885225
0.0277330260885225
0.0277330260885225
0.0277330260885225
0.0277330260885225
0.0277330260885225
0.0277330260885225
0.0277330260885225
0.0277330260885225
0.0277330260885225
0.0277330260885225
0.0277330260885225
0.0277330260885225
0.0277330260885225
0.0277330260885225
0.0277330260885225
0.0277330260885225
0.0277330260885225
0.0277330260885225
0.0277330260885225
0.0277330260885225
0.0277330260885225
0.0277330260885225
0.0277330260885225
0.0277330260885225
0.0277330260885225
0.0277330260885225
0.0277330260885225
0.0277330260885225
0.0277330260885225
0.0277330260885225
0.0277330260885225
0.0277330260885225
0.0277330260885225
0.0277330260885225
0.0277330260885225
0.0277330260885225
0.0277330260885225
0.0277330260885225
0.0277330260885225
0.0277330260885225
0.0277330260885225
0.0277330260885225
0.0277330260885225
0.0277330260885225
0.0277330260885225
0.0277330260885225
0.0277330260885225
0.0277330260885225
0.0277330260885225
0.0277330260885225
0.0277330260885225
0.0277330260885225
0.0277330260885225
0.0277330260885225
0.0277330260885225
0.0277330260885225
0.0277330260885225
0.0277330260885225
0.0277330260885225
0.0277330260885225
0.0277330260885225
0.0277330260885225
0.0277330260885225
0.0277330260885225
0.0277330260885225
0.0277330260885225
0.0277330260885225
0.0277330260885225
0.0277330260885225
0.0277330260885225
0.0277330260885225
0.0277330260885225
0.0277330260885225
0.0277330260885225
0.0277330260885225
0.0277330260885225
0.0277330260885225
0.0277330260885225
