0.0152537007771489
0.0152537007771489
0.0152537007771489
0.0152537007771489
0.0152537007771489
0.0152537007771489
0.0152537007771489
0.0152537007771489
0.0152537007771489
0.0152537007771489
0.0152537007771489
0.0152537007771489
0.0152537007771489
0.0152537007771489
0.0152537007771489
0.0152537007771489
0.0152537007771489
0.0152537007771489
0.0152537007771489
0.0152537007771489
0.0152537007771489
0.0152537007771489
0.0152537007771489
0.0152537007771489
0.0152537007771489
0.0152537007771489
0.0152537007771489
0.0152537007771489
0.0152537007771489
0.0152537007771489
0.0152537007771489
0.0152537007771489
0.0152537007771489
0.0152537007771489
0.0152537007771489
0.0152537007771489
0.0152537007771489
0.0152537007771489
0.0152537007771489
0.0152537007771489
0.0152537007771489
0.0152537007771489
0.0152537007771489
0.0152537007771489
0.0152537007771489
0.0152537007771489
0.0152537007771489
0.0152537007771489
0.0152537007771489
0.0152537007771489
0.0152537007771489
0.0152537007771489
0.0152537007771489
0.0152537007771489
0.0152537007771489
0.0152537007771489
0.0152537007771489
0.0152537007771489
0.0152537007771489
0.0152537007771489
0.0152537007771489
0.0152537007771489
0.0152537007771489
0.0152537007771489
0.0152537007771489
0.0152537007771489
0.0152537007771489
0.0152537007771489
0.0152537007771489
0.0152537007771489
0.0152537007771489
0.0152537007771489
0.0152537007771489
0.0152537007771489
0.0152537007771489
0.0152537007771489
0.0152537007771489
0.0152537007771489
0.0152537007771489
0.0152537007771489
0.0152537007771489
0.0152537007771489
0.0152537007771489
0.0152537007771489
0.0152537007771489
0.0152537007771489
0.0152537007771489
0.0152537007771489
0.0152537007771489
0.0152537007771489
0.0152537007771489
0.0152537007771489
0.0152537007771489
