0.308286155429748
0.318579516212043
0.333504889346372
0.318064848172928
0.299022130725682
0.315491507977355
0.343798250128667
0.232115285640762
0.355635615028307
0.149253731343284
0.14668039114771
0.237261966031909
0.222336592897581
0.318579516212043
0.353576942871848
0.353576942871848
0.357179619145651
0.307256819351518
0.307771487390633
0.323726196603191
0.00102933607822954
0.35923829130211
0.356150283067422
0.220792588780237
0.193000514668039
0.0859495625321667
0.311374163664436
0.283582089552239
0.355120946989192
0.330416881111683
0.343283582089552
