120.076  24.454 -40.000
120.110  24.516 -40.000
120.114  24.587 -40.000
120.118  24.449 -37.551
120.141  24.491 -37.896
120.153  24.535 -37.580
120.156  24.582 -37.500
120.159  24.444 -35.000
120.182  24.486 -35.397
120.195  24.530 -35.080
120.197  24.577 -35.000
120.201  24.439 -32.500
120.224  24.481 -32.898
120.236  24.525 -32.580
120.239  24.572 -32.500
120.242  24.434 -30.204
120.265  24.476 -30.399
120.278  24.520 -30.080
120.280  24.567 -30.000
120.284  24.429 -27.500
120.307  24.471 -27.899
120.319  24.515 -27.580
120.322  24.561 -27.500
120.325  24.424 -25.000
120.348  24.465 -25.400
120.361  24.510 -25.080
120.363  24.556 -25.000
120.367  24.419 -22.500
120.389  24.460 -22.901
120.402  24.505 -22.580
120.405  24.551 -22.500
120.408  24.413 -20.000
120.431  24.455 -20.402
120.443  24.499 -20.080
120.446  24.546 -20.000
120.450  24.408 -17.143
120.472  24.450 -17.902
120.485  24.494 -17.580
120.488  24.541 -17.500
120.491  24.403 -15.000
120.514  24.445 -15.403
120.526  24.489 -15.080
120.529  24.536 -15.000
120.532  24.398 -12.500
120.555  24.440 -12.904
120.568  24.484 -12.580
120.571  24.531 -12.500
120.574  24.393 -10.000
120.597  24.435 -10.405
120.609  24.479 -10.080
120.612  24.525 -10.000
120.615  24.388  -7.500
120.638  24.429  -7.906
120.651  24.474  -7.580
120.653  24.520  -7.500
120.657  24.382  -5.000
120.680  24.424  -5.406
120.692  24.468  -5.080
120.695  24.515  -5.000
120.698  24.377  -2.500
120.721  24.419  -2.907
120.734  24.463  -2.580
120.736  24.510  -2.500
120.740  24.372   0.000
120.774  24.434   0.000
120.778  24.505   0.000
