0.0440905054966544
0.0440905054966544
0.0440905054966544
0.0440905054966544
0.0440905054966544
0.0440905054966544
0.0440905054966544
0.0440905054966544
0.0440905054966544
0.0440905054966544
0.0440905054966544
0.0440905054966544
0.0440905054966544
0.0440905054966544
0.0440905054966544
0.0440905054966544
0.0440905054966544
0.0440905054966544
0.0440905054966544
0.0440905054966544
0.0440905054966544
0.0440905054966544
0.0440905054966544
0.0440905054966544
0.0440905054966544
0.0440905054966544
0.0440905054966544
0.0440905054966544
0.0440905054966544
0.0440905054966544
0.0440905054966544
0.0440905054966544
0.0440905054966544
0.0440905054966544
0.0440905054966544
0.0440905054966544
0.0440905054966544
0.0440905054966544
0.0440905054966544
0.0440905054966544
0.0440905054966544
0.0440905054966544
0.0440905054966544
0.0440905054966544
0.0440905054966544
0.0440905054966544
0.0440905054966544
0.0440905054966544
0.0440905054966544
0.0440905054966544
0.0440905054966544
0.0440905054966544
0.0440905054966544
0.0440905054966544
0.0440905054966544
0.0440905054966544
0.0440905054966544
0.0440905054966544
0.0440905054966544
0.0440905054966544
0.0440905054966544
0.0440905054966544
0.0440905054966544
0.0440905054966544
0.0440905054966544
0.0440905054966544
0.0440905054966544
0.0440905054966544
0.0440905054966544
0.0440905054966544
0.0440905054966544
0.0440905054966544
0.0440905054966544
0.0440905054966544
0.0440905054966544
0.0440905054966544
0.0440905054966544
0.0440905054966544
0.0440905054966544
0.0440905054966544
0.0440905054966544
0.0440905054966544
0.0440905054966544
0.0440905054966544
0.0440905054966544
0.0440905054966544
0.0440905054966544
