0.07874420998456
0.0859495625321667
0.108594956253217
0.0581574884199691
0.0849202264539372
0.0864642305712815
0.0761708697889861
0.0411734431291817
0.0838908903757077
0.0859495625321667
0.0735975295934122
0.0586721564590839
0.109109624292331
0.0936695831188883
0.092125579001544
0.0833762223365929
0.0849202264539372
0.0849202264539372
0.0838908903757077
0.0833762223365929
0.0874935666495111
0.0730828615542975
0.0833762223365929
0.0375707668553783
0.0735975295934122
0.074112197632527
0.0586721564590839
0.107050952135872
0.0885229027277406
