-0.0267919885795166
-0.0267919885795166
-0.0267919885795166
-0.0267919885795166
-0.0267919885795166
-0.0267919885795166
-0.0267919885795166
-0.0267919885795166
-0.0267919885795166
-0.0267919885795166
-0.0267919885795166
-0.0267919885795166
-0.0267919885795166
-0.0267919885795166
-0.0267919885795166
-0.0267919885795166
-0.0267919885795166
-0.0267919885795166
-0.0267919885795166
-0.0267919885795166
-0.0267919885795166
-0.0267919885795166
-0.0267919885795166
-0.0267919885795166
-0.0267919885795166
-0.0267919885795166
-0.0267919885795166
-0.0267919885795166
-0.0267919885795166
-0.0267919885795166
-0.0267919885795166
-0.0267919885795166
-0.0267919885795166
-0.0267919885795166
-0.0267919885795166
-0.0267919885795166
-0.0267919885795166
-0.0267919885795166
-0.0267919885795166
-0.0267919885795166
-0.0267919885795166
-0.0267919885795166
-0.0267919885795166
-0.0267919885795166
-0.0267919885795166
-0.0267919885795166
-0.0267919885795166
-0.0267919885795166
-0.0267919885795166
-0.0267919885795166
-0.0267919885795166
-0.0267919885795166
-0.0267919885795166
-0.0267919885795166
-0.0267919885795166
-0.0267919885795166
-0.0267919885795166
-0.0267919885795166
-0.0267919885795166
-0.0267919885795166
-0.0267919885795166
-0.0267919885795166
-0.0267919885795166
-0.0267919885795166
-0.0267919885795166
-0.0267919885795166
-0.0267919885795166
-0.0267919885795166
-0.0267919885795166
-0.0267919885795166
-0.0267919885795166
-0.0267919885795166
-0.0267919885795166
-0.0267919885795166
-0.0267919885795166
-0.0267919885795166
-0.0267919885795166
-0.0267919885795166
-0.0267919885795166
-0.0267919885795166
-0.0267919885795166
-0.0267919885795166
-0.0267919885795166
-0.0267919885795166
-0.0267919885795166
-0.0267919885795166
-0.0267919885795166
