0.0260992930211015
0.0260992930211015
0.0260992930211015
0.0260992930211015
0.0260992930211015
0.0260992930211015
0.0260992930211015
0.0260992930211015
0.0260992930211015
0.0260992930211015
0.0260992930211015
0.0260992930211015
0.0260992930211015
0.0260992930211015
0.0260992930211015
0.0260992930211015
0.0260992930211015
0.0260992930211015
0.0260992930211015
0.0260992930211015
0.0260992930211015
0.0260992930211015
0.0260992930211015
0.0260992930211015
0.0260992930211015
0.0260992930211015
0.0260992930211015
0.0260992930211015
0.0260992930211015
0.0260992930211015
0.0260992930211015
0.0260992930211015
0.0260992930211015
0.0260992930211015
0.0260992930211015
0.0260992930211015
0.0260992930211015
0.0260992930211015
0.0260992930211015
0.0260992930211015
0.0260992930211015
0.0260992930211015
0.0260992930211015
0.0260992930211015
0.0260992930211015
0.0260992930211015
0.0260992930211015
0.0260992930211015
0.0260992930211015
0.0260992930211015
0.0260992930211015
0.0260992930211015
0.0260992930211015
0.0260992930211015
0.0260992930211015
0.0260992930211015
0.0260992930211015
0.0260992930211015
0.0260992930211015
0.0260992930211015
0.0260992930211015
0.0260992930211015
0.0260992930211015
0.0260992930211015
0.0260992930211015
0.0260992930211015
0.0260992930211015
0.0260992930211015
0.0260992930211015
0.0260992930211015
0.0260992930211015
0.0260992930211015
0.0260992930211015
0.0260992930211015
0.0260992930211015
0.0260992930211015
0.0260992930211015
0.0260992930211015
0.0260992930211015
0.0260992930211015
0.0260992930211015
0.0260992930211015
0.0260992930211015
0.0260992930211015
0.0260992930211015
0.0260992930211015
0.0260992930211015
