11.9507229348123
11.9507229348123
11.9507229348123
11.9507229348123
11.9507229348123
11.9507229348123
11.9507229348123
11.9507229348123
11.9507229348123
11.9507229348123
11.9507229348123
11.9507229348123
11.9507229348123
11.9507229348123
11.9507229348123
11.9507229348123
11.9507229348123
11.9507229348123
11.9507229348123
11.9507229348123
11.9507229348123
11.9507229348123
11.9507229348123
11.9507229348123
11.9507229348123
11.9507229348123
11.9507229348123
11.9507229348123
11.9507229348123
11.9507229348123
11.9507229348123
11.9507229348123
11.9507229348123
11.9507229348123
11.9507229348123
11.9507229348123
11.9507229348123
11.9507229348123
11.9507229348123
11.9507229348123
11.9507229348123
11.9507229348123
11.9507229348123
11.9507229348123
11.9507229348123
11.9507229348123
11.9507229348123
11.9507229348123
11.9507229348123
11.9507229348123
11.9507229348123
11.9507229348123
11.9507229348123
11.9507229348123
11.9507229348123
11.9507229348123
11.9507229348123
11.9507229348123
11.9507229348123
11.9507229348123
11.9507229348123
11.9507229348123
11.9507229348123
11.9507229348123
11.9507229348123
11.9507229348123
11.9507229348123
11.9507229348123
11.9507229348123
11.9507229348123
11.9507229348123
11.9507229348123
11.9507229348123
11.9507229348123
11.9507229348123
11.9507229348123
11.9507229348123
11.9507229348123
11.9507229348123
11.9507229348123
11.9507229348123
11.9507229348123
11.9507229348123
11.9507229348123
11.9507229348123
11.9507229348123
11.9507229348123
