0.165028294168811
0.165028294168811
0.165028294168811
0.165028294168811
0.165028294168811
0.165028294168811
0.165028294168811
0.165028294168811
0.165028294168811
0.165028294168811
0.165028294168811
0.165028294168811
0.165028294168811
0.165028294168811
0.165028294168811
0.165028294168811
0.165028294168811
0.165028294168811
0.165028294168811
0.165028294168811
0.165028294168811
0.165028294168811
0.165028294168811
0.165028294168811
0.165028294168811
0.165028294168811
0.165028294168811
0.165028294168811
0.165028294168811
0.165028294168811
0.165028294168811
0.165028294168811
0.165028294168811
0.165028294168811
0.165028294168811
0.165028294168811
0.165028294168811
0.165028294168811
0.165028294168811
0.165028294168811
0.165028294168811
0.165028294168811
0.165028294168811
0.165028294168811
0.165028294168811
0.165028294168811
0.165028294168811
0.165028294168811
0.165028294168811
0.165028294168811
0.165028294168811
0.165028294168811
0.165028294168811
0.165028294168811
0.165028294168811
0.165028294168811
0.165028294168811
0.165028294168811
0.165028294168811
0.165028294168811
0.165028294168811
0.165028294168811
0.165028294168811
0.165028294168811
0.165028294168811
0.165028294168811
0.165028294168811
0.165028294168811
0.165028294168811
