-2.33585592500772
-2.33585592500772
-2.33585592500772
-2.33585592500772
-2.33585592500772
-2.33585592500772
-2.33585592500772
-2.33585592500772
-2.33585592500772
-2.33585592500772
-2.33585592500772
-2.33585592500772
-2.33585592500772
-2.33585592500772
-2.33585592500772
-2.33585592500772
-2.33585592500772
-2.33585592500772
-2.33585592500772
-2.33585592500772
-2.33585592500772
-2.33585592500772
-2.33585592500772
-2.33585592500772
-2.33585592500772
-2.33585592500772
-2.33585592500772
-2.33585592500772
-2.33585592500772
-2.33585592500772
-2.33585592500772
-2.33585592500772
-2.33585592500772
-2.33585592500772
-2.33585592500772
-2.33585592500772
-2.33585592500772
-2.33585592500772
-2.33585592500772
-2.33585592500772
-2.33585592500772
-2.33585592500772
-2.33585592500772
-2.33585592500772
-2.33585592500772
-2.33585592500772
-2.33585592500772
-2.33585592500772
-2.33585592500772
-2.33585592500772
-2.33585592500772
-2.33585592500772
-2.33585592500772
-2.33585592500772
-2.33585592500772
-2.33585592500772
-2.33585592500772
-2.33585592500772
-2.33585592500772
-2.33585592500772
-2.33585592500772
-2.33585592500772
-2.33585592500772
-2.33585592500772
-2.33585592500772
-2.33585592500772
-2.33585592500772
-2.33585592500772
-2.33585592500772
