12.4539056120382
12.4539056120382
12.4539056120382
12.4539056120382
12.4539056120382
12.4539056120382
12.4539056120382
12.4539056120382
12.4539056120382
12.4539056120382
12.4539056120382
12.4539056120382
12.4539056120382
12.4539056120382
12.4539056120382
12.4539056120382
12.4539056120382
12.4539056120382
12.4539056120382
12.4539056120382
12.4539056120382
12.4539056120382
12.4539056120382
12.4539056120382
12.4539056120382
12.4539056120382
12.4539056120382
12.4539056120382
12.4539056120382
12.4539056120382
12.4539056120382
12.4539056120382
12.4539056120382
12.4539056120382
12.4539056120382
12.4539056120382
12.4539056120382
12.4539056120382
12.4539056120382
12.4539056120382
12.4539056120382
12.4539056120382
12.4539056120382
12.4539056120382
12.4539056120382
12.4539056120382
12.4539056120382
12.4539056120382
