9.83903207291817
9.83903207291817
9.83903207291817
9.83903207291817
9.83903207291817
9.83903207291817
9.83903207291817
9.83903207291817
9.83903207291817
9.83903207291817
9.83903207291817
9.83903207291817
9.83903207291817
9.83903207291817
9.83903207291817
9.83903207291817
9.83903207291817
9.83903207291817
9.83903207291817
9.83903207291817
9.83903207291817
9.83903207291817
9.83903207291817
9.83903207291817
9.83903207291817
9.83903207291817
9.83903207291817
9.83903207291817
9.83903207291817
9.83903207291817
9.83903207291817
9.83903207291817
9.83903207291817
9.83903207291817
9.83903207291817
9.83903207291817
9.83903207291817
9.83903207291817
9.83903207291817
9.83903207291817
9.83903207291817
9.83903207291817
9.83903207291817
9.83903207291817
9.83903207291817
9.83903207291817
9.83903207291817
9.83903207291817
