220.77,148.28,-30
216.98,144.97,-30
213.2,141.65,-30
209.42,138.34,-30
205.63,135.03,-30
201.85,131.72,-30
198.06,128.41,-30
194.28,125.1,-30
190.5,121.78,-30
186.71,118.47,-30
182.93,115.16,-30
179.14,111.85,-30
175.36,108.54,-30
171.58,105.23,-30
167.79,101.91,-30
164.01,98.602,-30
160.23,95.29,-30
156.44,91.978,-30
152.66,88.667,-30
148.87,85.355,-30
145.09,82.043,-30
141.31,78.732,-30
137.52,75.42,-30
133.74,72.108,-30
129.95,68.797,-30
126.19,65.458,-30
122.44,62.106,-30
118.7,58.755,-30
114.95,55.404,-30
111.2,52.053,-30
107.45,48.702,-30
103.7,45.351,-30
99.95,42,-30
96.2,38.649,-30
92.451,35.298,-30
88.702,31.946,-30
85.545,28.245,-30
84.408,23.347,-30
83.27,18.448,-30
82.133,13.55,-30
80.996,8.6519,-30
79.859,3.7537,-30
78.721,-1.1445,-30
77.584,-6.0427,-30
76.447,-10.941,-30
75.31,-15.839,-30
74.172,-20.737,-30
72.748,-25.557,-30
71.233,-30.352,-30
69.718,-35.147,-30
68.204,-39.942,-30
66.689,-44.737,-30
65.175,-49.532,-30
63.66,-54.327,-30
62.145,-59.122,-30
60.631,-63.917,-30
59.116,-68.712,-30
57.601,-73.507,-30
56.087,-78.302,-30
54.572,-83.097,-30
53.058,-87.892,-30
51.543,-92.687,-30
50.028,-97.482,-30
48.313,-102.21,-30
46.59,-106.93,-30
44.868,-111.66,-30
43.145,-116.38,-30
41.422,-121.11,-30
39.699,-125.83,-30
37.976,-130.55,-30
36.254,-135.28,-30
34.531,-140,-30
32.808,-144.73,-30
31.085,-149.45,-30
30.08,-154.37,-30
29.152,-159.31,-30
28.225,-164.26,-30
27.297,-169.2,-30
26.37,-174.14,-30
25.442,-179.08,-30
24.515,-184.02,-30
23.587,-188.97,-30
22.66,-193.91,-30
21.732,-198.85,-30
20.805,-203.79,-30
19.877,-208.74,-30
18.95,-213.68,-30
18.022,-218.62,-30
17.095,-223.56,-30
16.167,-228.5,-30
15.694,-233.46,-30
16.41,-238.43,-30
17.126,-243.41,-30
17.842,-248.39,-30
18.557,-253.37,-30
19.273,-258.34,-30
19.989,-263.32,-30
20.704,-268.3,-30
21.42,-273.27,-30
22.136,-278.25,-30
22.851,-283.23,-30
23.567,-288.21,-30
24.283,-293.18,-30
24.998,-298.16,-30
26.472,-302.97,-30
27.982,-307.76,-30
29.492,-312.56,-30
31.002,-317.36,-30
32.512,-322.15,-30
34.022,-326.95,-30
35.532,-331.74,-30
37.042,-336.54,-30
38.552,-341.34,-30
40.062,-346.13,-30
41.572,-350.93,-30
43.081,-355.73,-30
44.591,-360.52,-30
46.101,-365.32,-30
47.611,-370.12,-30
49.121,-374.91,-30
50.631,-379.71,-30
215.99,149.69,-25.848
212.21,146.38,-26.24
208.43,143.07,-26.305
204.64,139.76,-25.885
200.86,136.45,-26.256
197.08,133.14,-26.307
193.3,129.83,-25.965
189.51,126.52,-26.456
185.73,123.21,-25.966
181.95,119.9,-26.135
178.17,116.59,-26.274
174.38,113.28,-25.871
170.6,109.97,-26.269
166.82,106.66,-26.434
163.04,103.35,-25.927
159.25,100.04,-26.461
155.47,96.726,-26.086
151.69,93.416,-26.096
147.91,90.105,-26.336
144.12,86.795,-25.858
140.34,83.484,-26.314
136.56,80.174,-26.388
132.78,76.863,-25.897
128.99,73.553,-26.347
125.21,70.243,-26.207
121.45,66.905,-25.965
117.7,63.555,-25.879
113.96,60.206,-25.861
110.21,56.856,-25.918
106.46,53.506,-25.938
102.71,50.156,-25.904
98.966,46.806,-25.873
95.218,43.456,-25.851
91.471,40.106,-25.968
87.723,36.757,-25.962
83.975,33.407,-25.904
80.747,29.568,-25.848
79.61,24.672,-25.848
78.473,19.776,-25.848
77.336,14.879,-25.848
76.199,9.9828,-25.848
75.063,5.0865,-25.848
73.926,0.19011,-25.848
72.789,-4.7062,-25.848
71.652,-9.6026,-25.848
70.515,-14.499,-25.848
69.374,-19.394,-25.845
67.948,-24.214,-25.848
66.434,-29.007,-25.848
64.92,-33.8,-25.848
63.406,-38.594,-25.848
61.892,-43.387,-25.848
60.378,-48.18,-25.848
58.864,-52.973,-25.848
57.35,-57.766,-25.848
55.835,-62.559,-25.848
54.321,-67.353,-25.848
52.807,-72.146,-25.848
51.293,-76.939,-25.848
49.779,-81.732,-25.848
48.265,-86.525,-25.848
46.751,-91.318,-25.848
45.235,-96.111,-25.847
43.521,-100.84,-25.848
41.799,-105.56,-25.848
40.076,-110.28,-25.848
38.354,-115,-25.848
36.632,-119.73,-25.848
34.91,-124.45,-25.848
33.188,-129.17,-25.848
31.466,-133.89,-25.848
29.744,-138.61,-25.848
28.021,-143.34,-25.848
26.303,-148.06,-25.851
25.297,-152.99,-25.851
24.37,-157.93,-25.849
23.443,-162.87,-25.852
22.516,-167.81,-25.85
21.589,-172.75,-25.853
20.661,-177.69,-25.851
19.734,-182.63,-25.852
18.807,-187.57,-25.852
17.88,-192.51,-25.851
16.953,-197.45,-25.852
16.026,-202.39,-25.849
15.099,-207.33,-25.851
14.172,-212.27,-25.848
13.244,-217.21,-25.851
12.317,-222.15,-25.849
11.39,-227.09,-25.852
10.925,-232.09,-25.899
11.641,-237.07,-25.864
12.356,-242.05,-25.902
13.072,-247.02,-25.906
13.787,-252,-25.861
14.503,-256.97,-25.893
15.218,-261.95,-25.914
15.933,-266.92,-25.858
16.649,-271.9,-25.885
17.364,-276.87,-25.921
18.08,-281.85,-25.854
18.795,-286.82,-25.876
19.51,-291.8,-25.929
20.23,-296.77,-25.855
21.705,-301.58,-26.083
23.214,-306.37,-25.903
24.723,-311.17,-26.03
26.233,-315.96,-25.986
27.742,-320.76,-26.029
29.251,-325.55,-26.072
30.761,-330.35,-25.947
32.27,-335.14,-26.16
33.779,-339.94,-25.945
35.289,-344.73,-26.24
36.798,-349.53,-25.896
38.308,-354.32,-26.122
39.817,-359.12,-25.883
41.326,-363.91,-26.129
42.836,-368.7,-25.868
44.345,-373.5,-26.151
45.854,-378.29,-25.848
211.22,151.11,-23.679
207.43,147.8,-23.901
203.65,144.49,-23.692
199.87,141.18,-23.97
196.08,137.87,-23.785
192.3,134.56,-23.679
188.52,131.25,-24.261
184.74,127.94,-23.737
180.95,124.63,-23.679
177.17,121.32,-23.984
173.39,118,-23.704
169.61,114.69,-23.866
165.82,111.38,-23.816
162.04,108.07,-23.679
158.26,104.76,-24.157
154.48,101.45,-23.749
150.69,98.142,-23.679
146.91,94.832,-24.097
143.13,91.521,-23.716
139.35,88.211,-23.763
135.56,84.9,-23.855
131.78,81.59,-23.682
128,78.279,-24.054
124.22,74.969,-23.761
120.43,71.658,-23.679
116.68,68.321,-23.754
112.93,64.971,-23.802
109.18,61.621,-23.719
105.43,58.272,-23.679
101.68,54.922,-23.712
97.937,51.572,-23.803
94.189,48.222,-23.773
90.442,44.872,-23.69
86.694,41.522,-23.679
82.946,38.172,-23.735
79.199,34.823,-23.826
75.97,30.984,-23.679
74.833,26.087,-23.679
73.696,21.191,-23.679
72.559,16.295,-23.679
71.422,11.398,-23.679
70.286,6.502,-23.679
69.149,1.6057,-23.679
68.012,-3.2907,-23.679
66.875,-8.1871,-23.679
65.738,-13.083,-23.679
64.597,-17.979,-23.679
63.171,-22.799,-23.679
61.657,-27.592,-23.679
60.143,-32.385,-23.679
58.629,-37.178,-23.679
57.115,-41.971,-23.679
55.601,-46.764,-23.679
54.087,-51.557,-23.679
52.573,-56.351,-23.679
51.059,-61.144,-23.679
49.545,-65.937,-23.679
48.031,-70.73,-23.679
46.517,-75.523,-23.679
45.002,-80.316,-23.679
43.488,-85.11,-23.679
41.974,-89.903,-23.679
40.458,-94.695,-23.679
38.744,-99.42,-23.679
37.022,-104.14,-23.679
35.3,-108.87,-23.679
33.577,-113.59,-23.679
31.855,-118.31,-23.679
30.133,-123.03,-23.679
28.411,-127.75,-23.679
26.689,-132.48,-23.679
24.967,-137.2,-23.679
23.245,-141.92,-23.679
21.526,-146.65,-23.68
20.52,-151.57,-23.679
19.593,-156.51,-23.679
18.666,-161.45,-23.679
17.739,-166.39,-23.679
16.812,-171.33,-23.679
15.885,-176.27,-23.679
14.957,-181.21,-23.679
14.03,-186.15,-23.679
13.103,-191.09,-23.679
12.176,-196.03,-23.679
11.249,-200.97,-23.679
10.322,-205.91,-23.679
9.3947,-210.85,-23.679
8.4676,-215.79,-23.679
7.5405,-220.73,-23.679
6.6136,-225.68,-23.679
6.1486,-230.68,-23.679
6.8641,-235.65,-23.701
7.5795,-240.63,-23.753
8.2949,-245.61,-23.68
9.0103,-250.58,-23.696
9.7257,-255.56,-23.749
10.441,-260.53,-23.688
11.157,-265.51,-23.692
11.872,-270.48,-23.745
12.587,-275.46,-23.696
13.303,-280.43,-23.688
14.018,-285.41,-23.74
14.734,-290.38,-23.704
15.454,-295.36,-23.684
16.928,-300.16,-23.777
18.437,-304.96,-23.679
19.947,-309.75,-23.826
21.456,-314.55,-23.679
22.965,-319.34,-23.904
24.475,-324.14,-23.679
25.984,-328.93,-24.047
27.493,-333.73,-23.681
29.003,-338.52,-23.974
30.512,-343.32,-23.7
32.021,-348.11,-23.9
33.531,-352.9,-23.718
35.04,-357.7,-23.827
36.55,-362.49,-23.737
38.059,-367.29,-23.753
39.568,-372.08,-23.756
41.078,-376.88,-23.679
206.44,152.52,-23.348
202.66,149.21,-23.348
198.87,145.9,-23.348
195.09,142.59,-23.348
191.31,139.28,-23.348
187.53,135.97,-23.348
183.74,132.66,-23.348
179.96,129.35,-23.348
176.18,126.04,-23.348
172.4,122.73,-23.348
168.61,119.42,-23.348
164.83,116.11,-23.348
161.05,112.8,-23.348
157.27,109.49,-23.348
153.48,106.18,-23.348
149.7,102.87,-23.348
145.92,99.558,-23.348
142.14,96.247,-23.348
138.35,92.937,-23.348
134.57,89.626,-23.348
130.79,86.316,-23.348
127.01,83.006,-23.348
123.22,79.695,-23.348
119.44,76.385,-23.348
115.66,73.074,-23.348
111.9,69.737,-23.348
108.15,66.387,-23.348
104.4,63.037,-23.348
100.66,59.687,-23.348
96.908,56.338,-23.348
93.16,52.988,-23.348
89.413,49.638,-23.348
85.665,46.288,-23.348
81.917,42.938,-23.348
78.17,39.588,-23.348
74.422,36.239,-23.348
71.193,32.399,-23.348
70.056,27.503,-23.348
68.919,22.607,-23.348
67.782,17.71,-23.348
66.646,12.814,-23.348
65.509,7.9175,-23.348
64.372,3.0212,-23.348
63.235,-1.8752,-23.348
62.098,-6.7715,-23.348
60.962,-11.668,-23.348
59.82,-16.563,-23.348
58.394,-21.383,-23.348
56.88,-26.176,-23.348
55.366,-30.969,-23.348
53.852,-35.762,-23.348
52.338,-40.556,-23.348
50.824,-45.349,-23.348
49.31,-50.142,-23.348
47.796,-54.935,-23.348
46.282,-59.728,-23.348
44.768,-64.521,-23.348
43.254,-69.314,-23.348
41.74,-74.108,-23.348
40.226,-78.901,-23.348
38.712,-83.694,-23.348
37.198,-88.487,-23.348
35.682,-93.28,-23.348
33.967,-98.005,-23.348
32.245,-102.73,-23.348
30.523,-107.45,-23.348
28.801,-112.17,-23.348
27.078,-116.89,-23.348
25.356,-121.62,-23.348
23.634,-126.34,-23.348
21.912,-131.06,-23.348
20.19,-135.78,-23.348
18.468,-140.51,-23.348
16.749,-145.23,-23.348
15.743,-150.15,-23.348
14.816,-155.09,-23.348
13.889,-160.04,-23.348
12.962,-164.98,-23.348
12.035,-169.92,-23.348
11.108,-174.86,-23.348
10.181,-179.8,-23.348
9.2535,-184.74,-23.348
8.3264,-189.68,-23.348
7.3993,-194.62,-23.348
6.4722,-199.56,-23.348
5.5451,-204.5,-23.348
4.6179,-209.44,-23.348
3.6908,-214.38,-23.348
2.7637,-219.32,-23.348
1.8368,-224.26,-23.348
1.3719,-229.26,-23.348
2.0873,-234.24,-23.348
2.8027,-239.21,-23.348
3.5181,-244.19,-23.348
4.2335,-249.16,-23.348
4.9489,-254.14,-23.348
5.6644,-259.12,-23.348
6.3798,-264.09,-23.348
7.0952,-269.07,-23.348
7.8106,-274.04,-23.348
8.526,-279.02,-23.348
9.2414,-283.99,-23.348
9.9569,-288.97,-23.348
10.677,-293.94,-23.348
12.151,-298.75,-23.348
13.66,-303.54,-23.348
15.17,-308.34,-23.348
16.679,-313.13,-23.348
18.188,-317.93,-23.348
19.698,-322.72,-23.348
21.207,-327.52,-23.348
22.717,-332.31,-23.348
24.226,-337.11,-23.348
25.735,-341.9,-23.348
27.245,-346.69,-23.348
28.754,-351.49,-23.348
30.263,-356.28,-23.348
31.773,-361.08,-23.348
33.282,-365.87,-23.348
34.791,-370.67,-23.348
36.301,-375.46,-23.348
201.66,153.94,-23.248
197.88,150.63,-23.248
194.1,147.32,-23.248
190.31,144.01,-23.248
186.53,140.7,-23.248
182.75,137.39,-23.248
178.97,134.08,-23.248
175.18,130.77,-23.248
171.4,127.46,-23.248
167.62,124.15,-23.248
163.84,120.84,-23.248
160.05,117.53,-23.248
156.27,114.22,-23.248
152.49,110.9,-23.248
148.71,107.59,-23.248
144.92,104.28,-23.248
141.14,100.97,-23.248
137.36,97.663,-23.248
133.58,94.353,-23.248
129.79,91.042,-23.248
126.01,87.732,-23.248
122.23,84.421,-23.248
118.45,81.111,-23.248
114.66,77.801,-23.248
110.88,74.49,-23.248
107.12,71.153,-23.248
103.37,67.803,-23.248
99.627,64.453,-23.248
95.879,61.103,-23.248
92.131,57.753,-23.248
88.384,54.404,-23.248
84.636,51.054,-23.248
80.888,47.704,-23.248
77.141,44.354,-23.248
73.393,41.004,-23.248
69.645,37.654,-23.248
66.416,33.815,-23.248
65.279,28.918,-23.248
64.142,24.022,-23.248
63.006,19.126,-23.248
61.869,14.229,-23.248
60.732,9.3331,-23.248
59.595,4.4367,-23.248
58.458,-0.45961,-23.248
57.322,-5.3559,-23.248
56.185,-10.252,-23.248
55.044,-15.148,-23.248
53.617,-19.967,-23.248
52.103,-24.761,-23.248
50.589,-29.554,-23.248
49.075,-34.347,-23.248
47.561,-39.14,-23.248
46.047,-43.933,-23.248
44.533,-48.726,-23.248
43.019,-53.519,-23.248
41.505,-58.313,-23.248
39.991,-63.106,-23.248
38.477,-67.899,-23.248
36.963,-72.692,-23.248
35.449,-77.485,-23.248
33.935,-82.278,-23.248
32.421,-87.071,-23.248
30.905,-91.864,-23.248
29.19,-96.589,-23.248
27.468,-101.31,-23.248
25.746,-106.03,-23.248
24.024,-110.76,-23.248
22.302,-115.48,-23.248
20.579,-120.2,-23.248
18.857,-124.92,-23.248
17.135,-129.65,-23.248
15.413,-134.37,-23.248
13.691,-139.09,-23.248
11.973,-143.81,-23.248
10.967,-148.74,-23.248
10.039,-153.68,-23.248
9.1123,-158.62,-23.248
8.1852,-163.56,-23.248
7.2581,-168.5,-23.248
6.331,-173.44,-23.248
5.4039,-178.38,-23.248
4.4767,-183.32,-23.248
3.5496,-188.26,-23.248
2.6225,-193.2,-23.248
1.6954,-198.14,-23.248
0.76825,-203.08,-23.248
-0.15887,-208.02,-23.248
-1.086,-212.96,-23.248
-2.0131,-217.9,-23.248
-2.94,-222.84,-23.248
-3.4049,-227.85,-23.248
-2.6895,-232.82,-23.248
-1.9741,-237.8,-23.248
-1.2587,-242.77,-23.248
-0.54324,-247.75,-23.248
0.17217,-252.72,-23.248
0.88759,-257.7,-23.248
1.603,-262.68,-23.248
2.3184,-267.65,-23.248
3.0338,-272.63,-23.248
3.7492,-277.6,-23.248
4.4647,-282.58,-23.248
5.1801,-287.55,-23.248
5.9,-292.53,-23.248
7.3742,-297.33,-23.248
8.8836,-302.13,-23.248
10.393,-306.92,-23.248
11.902,-311.72,-23.248
13.412,-316.51,-23.248
14.921,-321.31,-23.248
16.43,-326.1,-23.248
17.94,-330.89,-23.248
19.449,-335.69,-23.248
20.958,-340.48,-23.248
22.468,-345.28,-23.248
23.977,-350.07,-23.248
25.487,-354.87,-23.248
26.996,-359.66,-23.248
28.505,-364.46,-23.248
30.015,-369.25,-23.248
31.524,-374.05,-23.248
196.88,155.36,-23.147
193.1,152.05,-23.147
189.32,148.74,-23.147
185.54,145.43,-23.147
181.75,142.11,-23.147
177.97,138.8,-23.147
174.19,135.49,-23.147
170.41,132.18,-23.147
166.62,128.87,-23.147
162.84,125.56,-23.147
159.06,122.25,-23.147
155.28,118.94,-23.147
151.49,115.63,-23.147
147.71,112.32,-23.147
143.93,109.01,-23.147
140.15,105.7,-23.147
136.36,102.39,-23.147
132.58,99.079,-23.147
128.8,95.769,-23.147
125.02,92.458,-23.147
121.23,89.148,-23.147
117.45,85.837,-23.147
113.67,82.527,-23.147
109.89,79.216,-23.147
106.1,75.906,-23.147
102.35,72.569,-23.147
98.598,69.219,-23.147
94.85,65.869,-23.147
91.102,62.519,-23.147
87.355,59.169,-23.147
83.607,55.819,-23.147
79.859,52.47,-23.147
76.112,49.12,-23.147
72.364,45.77,-23.147
68.616,42.42,-23.147
64.869,39.07,-23.147
61.639,35.23,-23.147
60.502,30.334,-23.147
59.366,25.438,-23.147
58.229,20.541,-23.147
57.092,15.645,-23.147
55.955,10.749,-23.147
54.818,5.8523,-23.147
53.682,0.95594,-23.147
52.545,-3.9404,-23.147
51.408,-8.8367,-23.147
50.267,-13.732,-23.147
48.84,-18.552,-23.147
47.326,-23.345,-23.147
45.812,-28.138,-23.147
44.298,-32.931,-23.147
42.784,-37.724,-23.147
41.27,-42.518,-23.147
39.756,-47.311,-23.147
38.242,-52.104,-23.147
36.728,-56.897,-23.147
35.214,-61.69,-23.147
33.7,-66.483,-23.147
32.186,-71.276,-23.147
30.672,-76.07,-23.147
29.158,-80.863,-23.147
27.644,-85.656,-23.147
26.128,-90.448,-23.147
24.413,-95.173,-23.147
22.691,-99.896,-23.147
20.969,-104.62,-23.147
19.247,-109.34,-23.147
17.525,-114.06,-23.147
15.803,-118.79,-23.147
14.081,-123.51,-23.147
12.358,-128.23,-23.147
10.636,-132.95,-23.147
8.9141,-137.67,-23.147
7.1958,-142.4,-23.148
6.1898,-147.32,-23.147
5.2626,-152.26,-23.147
4.3355,-157.2,-23.147
3.4084,-162.14,-23.147
2.4813,-167.08,-23.147
1.5542,-172.02,-23.147
0.62704,-176.97,-23.147
-0.30008,-181.91,-23.147
-1.2272,-186.85,-23.147
-2.1543,-191.79,-23.147
-3.0814,-196.73,-23.147
-4.0086,-201.67,-23.147
-4.9357,-206.61,-23.147
-5.8628,-211.55,-23.147
-6.7899,-216.49,-23.147
-7.7168,-221.43,-23.147
-8.1817,-226.43,-23.147
-7.4663,-231.41,-23.147
-6.7509,-236.38,-23.147
-6.0354,-241.36,-23.147
-5.32,-246.33,-23.147
-4.6046,-251.31,-23.147
-3.8892,-256.28,-23.147
-3.1738,-261.26,-23.147
-2.4584,-266.24,-23.147
-1.743,-271.21,-23.147
-1.0275,-276.19,-23.147
-0.31212,-281.16,-23.147
0.4033,-286.14,-23.147
1.1232,-291.11,-23.148
2.5975,-295.92,-23.147
4.1068,-300.71,-23.147
5.6162,-305.51,-23.147
7.1255,-310.3,-23.147
8.6349,-315.1,-23.147
10.144,-319.89,-23.147
11.654,-324.68,-23.147
13.163,-329.48,-23.147
14.672,-334.27,-23.147
16.182,-339.07,-23.147
17.691,-343.86,-23.147
19.2,-348.66,-23.147
20.71,-353.45,-23.147
22.219,-358.25,-23.147
23.729,-363.04,-23.147
25.238,-367.84,-23.147
26.747,-372.63,-23.147
192.11,156.77,-23.042
188.33,153.46,-23.042
184.54,150.15,-23.042
180.76,146.84,-23.042
176.98,143.53,-23.042
173.2,140.22,-23.042
169.41,136.91,-23.042
165.63,133.6,-23.042
161.85,130.29,-23.042
158.07,126.98,-23.042
154.28,123.67,-23.042
150.5,120.36,-23.042
146.72,117.05,-23.042
142.94,113.74,-23.042
139.15,110.43,-23.042
135.37,107.12,-23.042
131.59,103.81,-23.042
127.81,100.49,-23.042
124.02,97.184,-23.042
120.24,93.874,-23.042
116.46,90.564,-23.042
112.68,87.253,-23.042
108.89,83.943,-23.042
105.11,80.632,-23.042
101.33,77.322,-23.042
97.569,73.984,-23.042
93.821,70.635,-23.042
90.073,67.285,-23.042
86.326,63.935,-23.042
82.578,60.585,-23.042
78.83,57.235,-23.042
75.083,53.886,-23.042
71.335,50.536,-23.042
67.587,47.186,-23.042
63.84,43.836,-23.042
60.092,40.486,-23.042
56.862,36.646,-23.042
55.725,31.75,-23.042
54.589,26.853,-23.042
53.452,21.957,-23.042
52.315,17.06,-23.042
51.178,12.164,-23.042
50.041,7.2678,-23.042
48.905,2.3715,-23.042
47.768,-2.5248,-23.042
46.631,-7.4212,-23.042
45.49,-12.316,-23.042
44.063,-17.136,-23.042
42.549,-21.929,-23.042
41.035,-26.723,-23.042
39.521,-31.516,-23.042
38.007,-36.309,-23.042
36.493,-41.102,-23.042
34.979,-45.895,-23.042
33.465,-50.688,-23.042
31.951,-55.481,-23.042
30.437,-60.274,-23.042
28.923,-65.068,-23.042
27.409,-69.861,-23.042
25.895,-74.654,-23.042
24.381,-79.447,-23.042
22.867,-84.24,-23.042
21.351,-89.033,-23.042
19.636,-93.758,-23.042
17.914,-98.48,-23.042
16.192,-103.2,-23.042
14.47,-107.92,-23.042
12.748,-112.65,-23.042
11.026,-117.37,-23.042
9.3037,-122.09,-23.042
7.5815,-126.81,-23.042
5.8594,-131.54,-23.042
4.1373,-136.26,-23.042
2.419,-140.98,-23.042
1.4129,-145.91,-23.042
0.48582,-150.85,-23.042
-0.4413,-155.79,-23.042
-1.3684,-160.73,-23.042
-2.2955,-165.67,-23.042
-3.2227,-170.61,-23.042
-4.1498,-175.55,-23.042
-5.0769,-180.49,-23.042
-6.004,-185.43,-23.042
-6.9311,-190.37,-23.042
-7.8582,-195.31,-23.042
-8.7854,-200.25,-23.042
-9.7125,-205.19,-23.042
-10.64,-210.13,-23.042
-11.567,-215.07,-23.042
-12.494,-220.01,-23.042
-12.958,-225.02,-23.042
-12.243,-229.99,-23.042
-11.528,-234.97,-23.042
-10.812,-239.94,-23.042
-10.097,-244.92,-23.042
-9.3814,-249.89,-23.042
-8.666,-254.87,-23.042
-7.9506,-259.84,-23.042
-7.2351,-264.82,-23.042
-6.5197,-269.79,-23.042
-5.8043,-274.77,-23.042
-5.0889,-279.75,-23.042
-4.3735,-284.72,-23.042
-3.6535,-289.7,-23.042
-2.1793,-294.5,-23.042
-0.66995,-299.3,-23.042
0.83941,-304.09,-23.042
2.3488,-308.88,-23.042
3.8581,-313.68,-23.042
5.3675,-318.47,-23.042
6.8769,-323.27,-23.042
8.3862,-328.06,-23.042
9.8956,-332.86,-23.042
11.405,-337.65,-23.042
12.914,-342.45,-23.042
14.424,-347.24,-23.042
15.933,-352.04,-23.042
17.442,-356.83,-23.042
18.952,-361.63,-23.042
20.461,-366.42,-23.042
21.97,-371.21,-23.042
187.33,158.19,-22.908
183.55,154.88,-22.908
179.77,151.57,-22.908
175.98,148.26,-22.908
172.2,144.95,-22.908
168.42,141.64,-22.908
164.64,138.33,-22.908
160.85,135.02,-22.908
157.07,131.7,-22.908
153.29,128.39,-22.908
149.51,125.08,-22.908
145.72,121.77,-22.908
141.94,118.46,-22.908
138.16,115.15,-22.908
134.38,111.84,-22.908
130.59,108.53,-22.908
126.81,105.22,-22.908
123.03,101.91,-22.908
119.25,98.6,-22.908
115.46,95.29,-22.908
111.68,91.979,-22.908
107.9,88.669,-22.908
104.12,85.359,-22.908
100.33,82.048,-22.908
96.551,78.738,-22.908
92.792,75.4,-22.908
89.044,72.051,-22.908
85.297,68.701,-22.908
81.549,65.351,-22.908
77.801,62.001,-22.908
74.054,58.651,-22.908
70.306,55.301,-22.908
66.558,51.952,-22.908
62.811,48.602,-22.908
59.063,45.252,-22.908
55.315,41.902,-22.908
52.085,38.061,-22.908
50.949,33.165,-22.908
49.812,28.269,-22.908
48.675,23.372,-22.908
47.538,18.476,-22.908
46.401,13.58,-22.908
45.265,8.6834,-22.908
44.128,3.787,-22.908
42.991,-1.1093,-22.908
41.854,-6.0056,-22.908
40.713,-10.901,-22.908
39.287,-15.721,-22.908
37.773,-20.514,-22.908
36.259,-25.307,-22.908
34.744,-30.1,-22.908
33.23,-34.893,-22.908
31.716,-39.686,-22.908
30.202,-44.48,-22.908
28.688,-49.273,-22.908
27.174,-54.066,-22.908
25.66,-58.859,-22.908
24.146,-63.652,-22.908
22.632,-68.445,-22.908
21.118,-73.238,-22.908
19.604,-78.031,-22.908
18.09,-82.825,-22.908
16.574,-87.617,-22.908
14.86,-92.342,-22.908
13.137,-97.064,-22.908
11.415,-101.79,-22.908
9.6932,-106.51,-22.908
7.9711,-111.23,-22.908
6.249,-115.95,-22.908
4.5268,-120.68,-22.908
2.8047,-125.4,-22.908
1.0826,-130.12,-22.908
-0.63957,-134.84,-22.908
-2.3578,-139.57,-22.909
-3.3639,-144.49,-22.908
-4.291,-149.43,-22.908
-5.2181,-154.37,-22.908
-6.1452,-159.31,-22.908
-7.0723,-164.25,-22.908
-7.9995,-169.19,-22.908
-8.9266,-174.13,-22.908
-9.8537,-179.07,-22.908
-10.781,-184.01,-22.908
-11.708,-188.95,-22.908
-12.635,-193.89,-22.908
-13.562,-198.84,-22.908
-14.489,-203.78,-22.908
-15.416,-208.72,-22.908
-16.344,-213.66,-22.908
-17.27,-218.6,-22.908
-17.735,-223.6,-22.908
-17.02,-228.58,-22.908
-16.304,-233.55,-22.908
-15.589,-238.53,-22.908
-14.874,-243.5,-22.908
-14.158,-248.48,-22.908
-13.443,-253.45,-22.908
-12.727,-258.43,-22.908
-12.012,-263.4,-22.908
-11.297,-268.38,-22.908
-10.581,-273.35,-22.908
-9.8657,-278.33,-22.908
-9.1503,-283.31,-22.908
-8.4303,-288.28,-22.909
-6.9561,-293.09,-22.908
-5.4467,-297.88,-22.908
-3.9374,-302.67,-22.908
-2.428,-307.47,-22.908
-0.91864,-312.26,-22.908
0.59072,-317.06,-22.908
2.1001,-321.85,-22.908
3.6094,-326.65,-22.908
5.1188,-331.44,-22.908
6.6282,-336.24,-22.908
8.1375,-341.03,-22.908
9.6469,-345.83,-22.908
11.156,-350.62,-22.908
12.666,-355.42,-22.908
14.175,-360.21,-22.908
15.684,-365,-22.908
17.194,-369.8,-22.908
182.55,159.6,-22.775
178.77,156.29,-22.775
174.99,152.98,-22.775
171.21,149.67,-22.775
167.42,146.36,-22.775
163.64,143.05,-22.775
159.86,139.74,-22.775
156.08,136.43,-22.775
152.29,133.12,-22.775
148.51,129.81,-22.775
144.73,126.5,-22.775
140.95,123.19,-22.775
137.16,119.88,-22.775
133.38,116.57,-22.775
129.6,113.26,-22.775
125.82,109.95,-22.775
122.03,106.64,-22.775
118.25,103.33,-22.775
114.47,100.02,-22.775
110.69,96.706,-22.775
106.9,93.395,-22.775
103.12,90.085,-22.775
99.339,86.774,-22.775
95.557,83.464,-22.775
91.774,80.154,-22.775
88.015,76.816,-22.775
84.268,73.466,-22.775
80.52,70.117,-22.775
76.772,66.767,-22.775
73.025,63.417,-22.775
69.277,60.067,-22.775
65.529,56.717,-22.775
61.782,53.367,-22.775
58.034,50.018,-22.775
54.286,46.668,-22.775
50.539,43.318,-22.775
47.309,39.477,-22.775
46.172,34.581,-22.775
45.035,29.684,-22.775
43.898,24.788,-22.775
42.761,19.892,-22.775
41.625,14.995,-22.775
40.488,10.099,-22.775
39.351,5.2026,-22.775
38.214,0.30626,-22.775
37.077,-4.5901,-22.775
35.936,-9.4853,-22.774
34.51,-14.305,-22.775
32.996,-19.098,-22.775
31.482,-23.891,-22.775
29.968,-28.685,-22.775
28.454,-33.478,-22.775
26.94,-38.271,-22.775
25.426,-43.064,-22.775
23.912,-47.857,-22.775
22.398,-52.65,-22.775
20.883,-57.443,-22.775
19.369,-62.236,-22.775
17.855,-67.03,-22.775
16.341,-71.823,-22.775
14.827,-76.616,-22.775
13.313,-81.409,-22.775
11.797,-86.201,-22.775
10.083,-90.926,-22.775
8.3606,-95.649,-22.775
6.6385,-100.37,-22.775
4.9164,-105.09,-22.775
3.1942,-109.82,-22.775
1.4721,-114.54,-22.775
-0.25001,-119.26,-22.775
-1.9721,-123.98,-22.775
-3.6943,-128.71,-22.775
-5.4164,-133.43,-22.775
-7.1346,-138.15,-22.775
-8.1407,-143.08,-22.775
-9.0678,-148.02,-22.775
-9.9949,-152.96,-22.775
-10.922,-157.9,-22.775
-11.849,-162.84,-22.775
-12.776,-167.78,-22.775
-13.703,-172.72,-22.775
-14.631,-177.66,-22.775
-15.558,-182.6,-22.775
-16.485,-187.54,-22.775
-17.412,-192.48,-22.775
-18.339,-197.42,-22.775
-19.266,-202.36,-22.775
-20.193,-207.3,-22.775
-21.12,-212.24,-22.775
-22.047,-217.18,-22.775
-22.512,-222.18,-22.775
-21.797,-227.16,-22.775
-21.081,-232.14,-22.775
-20.366,-237.11,-22.775
-19.65,-242.09,-22.775
-18.935,-247.06,-22.775
-18.22,-252.04,-22.775
-17.504,-257.01,-22.775
-16.789,-261.99,-22.775
-16.073,-266.96,-22.775
-15.358,-271.94,-22.775
-14.642,-276.91,-22.775
-13.927,-281.89,-22.775
-13.207,-286.86,-22.775
-11.733,-291.67,-22.775
-10.223,-296.46,-22.775
-8.7141,-301.26,-22.775
-7.2048,-306.05,-22.775
-5.6954,-310.85,-22.775
-4.1861,-315.64,-22.775
-2.6767,-320.44,-22.775
-1.1673,-325.23,-22.775
0.34201,-330.03,-22.775
1.8514,-334.82,-22.775
3.3607,-339.62,-22.775
4.8701,-344.41,-22.775
6.3794,-349.2,-22.775
7.8888,-354,-22.775
9.3982,-358.79,-22.775
10.908,-363.59,-22.775
12.417,-368.38,-22.775
177.78,161.02,-22.551
173.99,157.71,-22.551
170.21,154.4,-22.519
166.43,151.09,-22.551
162.65,147.78,-22.551
158.86,144.47,-22.533
155.08,141.16,-22.551
151.3,137.85,-22.54
147.52,134.54,-22.546
143.73,131.23,-22.551
139.95,127.92,-22.519
136.17,124.6,-22.551
132.39,121.29,-22.551
128.6,117.98,-22.528
124.82,114.67,-22.551
121.04,111.36,-22.547
117.26,108.05,-22.542
113.47,104.74,-22.551
109.69,101.43,-22.526
105.91,98.121,-22.551
102.13,94.811,-22.551
98.345,91.501,-22.523
94.562,88.19,-22.551
90.78,84.88,-22.551
86.997,81.569,-22.537
83.239,78.232,-22.551
79.491,74.882,-22.551
75.743,71.532,-22.551
71.996,68.183,-22.551
68.248,64.833,-22.551
64.5,61.483,-22.551
60.753,58.133,-22.551
57.005,54.783,-22.551
53.257,51.433,-22.551
49.51,48.084,-22.551
45.762,44.734,-22.551
42.532,40.892,-22.551
41.395,35.996,-22.551
40.258,31.1,-22.551
39.121,26.203,-22.551
37.985,21.307,-22.551
36.848,16.411,-22.551
35.711,11.514,-22.551
34.574,6.6181,-22.551
33.437,1.7218,-22.551
32.301,-3.1745,-22.551
31.159,-8.0697,-22.551
29.733,-12.89,-22.551
28.219,-17.683,-22.551
26.705,-22.476,-22.551
25.191,-27.269,-22.551
23.677,-32.062,-22.551
22.163,-36.855,-22.551
20.649,-41.648,-22.551
19.135,-46.441,-22.551
17.621,-51.235,-22.551
16.107,-56.028,-22.551
14.593,-60.821,-22.551
13.079,-65.614,-22.551
11.565,-70.407,-22.551
10.051,-75.2,-22.551
8.5365,-79.993,-22.551
7.0205,-84.786,-22.551
5.3059,-89.511,-22.551
3.5838,-94.233,-22.551
1.8617,-98.956,-22.551
0.13954,-103.68,-22.551
-1.5826,-108.4,-22.551
-3.3047,-113.12,-22.551
-5.0269,-117.84,-22.551
-6.749,-122.57,-22.551
-8.4711,-127.29,-22.551
-10.193,-132.01,-22.551
-11.911,-136.74,-22.551
-12.918,-141.66,-22.551
-13.845,-146.6,-22.551
-14.772,-151.54,-22.551
-15.699,-156.48,-22.551
-16.626,-161.42,-22.551
-17.553,-166.36,-22.551
-18.48,-171.3,-22.551
-19.407,-176.24,-22.551
-20.334,-181.18,-22.551
-21.262,-186.12,-22.551
-22.189,-191.06,-22.551
-23.116,-196,-22.551
-24.043,-200.94,-22.551
-24.97,-205.88,-22.551
-25.897,-210.82,-22.551
-26.824,-215.77,-22.551
-27.289,-220.77,-22.551
-26.573,-225.74,-22.551
-25.858,-230.72,-22.551
-25.143,-235.7,-22.551
-24.427,-240.67,-22.551
-23.712,-245.65,-22.551
-22.996,-250.62,-22.551
-22.281,-255.6,-22.551
-21.565,-260.57,-22.551
-20.85,-265.55,-22.551
-20.135,-270.52,-22.551
-19.419,-275.5,-22.551
-18.704,-280.47,-22.551
-17.984,-285.45,-22.552
-16.51,-290.25,-22.551
-15,-295.05,-22.546
-13.491,-299.84,-22.551
-11.982,-304.64,-22.539
-10.472,-309.43,-22.551
-8.9628,-314.23,-22.531
-7.4535,-319.02,-22.551
-5.9441,-323.82,-22.524
-4.4348,-328.61,-22.551
-2.9254,-333.41,-22.516
-1.4161,-338.2,-22.551
0.0933,-342.99,-22.528
1.6027,-347.79,-22.551
3.112,-352.58,-22.539
4.6214,-357.38,-22.551
6.1307,-362.17,-22.551
7.6401,-366.97,-22.551
173,162.44,-22.182
169.22,159.12,-22.177
165.44,155.81,-22.156
161.65,152.5,-22.171
157.87,149.19,-22.191
154.09,145.88,-22.157
150.31,142.57,-22.159
146.52,139.26,-22.181
142.74,135.95,-22.183
138.96,132.64,-22.172
135.18,129.33,-22.167
131.39,126.02,-22.179
127.61,122.71,-22.186
123.83,119.4,-22.148
120.05,116.09,-22.158
116.26,112.78,-22.186
112.48,109.47,-22.174
108.7,106.16,-22.167
104.92,102.85,-22.172
101.13,99.537,-22.186
97.351,96.227,-22.181
93.568,92.916,-22.145
89.786,89.606,-22.165
86.003,86.296,-22.19
82.221,82.985,-22.165
78.462,79.648,-22.188
74.714,76.298,-22.192
70.966,72.948,-22.192
67.219,69.598,-22.182
63.471,66.249,-22.17
59.724,62.899,-22.192
55.976,59.549,-22.192
52.228,56.199,-22.192
48.481,52.849,-22.175
44.733,49.5,-22.18
40.985,46.15,-22.192
37.755,42.308,-22.192
36.618,37.412,-22.192
35.481,32.515,-22.192
34.344,27.619,-22.192
33.208,22.723,-22.192
32.071,17.826,-22.192
30.934,12.93,-22.192
29.797,8.0337,-22.192
28.661,3.1374,-22.192
27.524,-1.7589,-22.192
26.382,-6.6541,-22.192
24.956,-11.474,-22.192
23.442,-16.267,-22.192
21.928,-21.06,-22.192
20.414,-25.853,-22.192
18.9,-30.647,-22.192
17.386,-35.44,-22.192
15.872,-40.233,-22.192
14.358,-45.026,-22.192
12.844,-49.819,-22.192
11.33,-54.612,-22.192
9.8158,-59.405,-22.192
8.3018,-64.198,-22.192
6.7877,-68.991,-22.192
5.2737,-73.785,-22.192
3.7597,-78.578,-22.192
2.2437,-83.37,-22.192
0.52908,-88.095,-22.192
-1.193,-92.818,-22.192
-2.9152,-97.54,-22.192
-4.6373,-102.26,-22.192
-6.3594,-106.98,-22.192
-8.0816,-111.71,-22.192
-9.8037,-116.43,-22.192
-11.526,-121.15,-22.192
-13.248,-125.87,-22.192
-14.97,-130.6,-22.192
-16.688,-135.32,-22.193
-17.694,-140.24,-22.192
-18.621,-145.19,-22.192
-19.549,-150.13,-22.192
-20.476,-155.07,-22.192
-21.403,-160.01,-22.192
-22.33,-164.95,-22.192
-23.257,-169.89,-22.192
-24.184,-174.83,-22.192
-25.111,-179.77,-22.192
-26.038,-184.71,-22.192
-26.965,-189.65,-22.192
-27.893,-194.59,-22.192
-28.82,-199.53,-22.192
-29.747,-204.47,-22.192
-30.674,-209.41,-22.192
-31.601,-214.35,-22.192
-32.066,-219.35,-22.192
-31.35,-224.33,-22.192
-30.635,-229.3,-22.192
-29.919,-234.28,-22.192
-29.204,-239.26,-22.192
-28.488,-244.23,-22.192
-27.773,-249.21,-22.192
-27.058,-254.18,-22.192
-26.342,-259.16,-22.192
-25.627,-264.13,-22.192
-24.911,-269.11,-22.192
-24.196,-274.08,-22.192
-23.481,-279.06,-22.192
-22.761,-284.03,-22.193
-21.286,-288.84,-22.192
-19.777,-293.63,-22.189
-18.268,-298.43,-22.184
-16.758,-303.22,-22.183
-15.249,-308.02,-22.177
-13.74,-312.81,-22.178
-12.23,-317.61,-22.169
-10.721,-322.4,-22.172
-9.2115,-327.19,-22.162
-7.7022,-331.99,-22.166
-6.1928,-336.78,-22.157
-4.6835,-341.58,-22.173
-3.1741,-346.37,-22.169
-1.6648,-351.17,-22.181
-0.15542,-355.96,-22.181
1.3539,-360.76,-22.188
2.8633,-365.55,-22.192
168.22,163.85,-21.618
164.44,160.54,-21.584
160.66,157.23,-21.539
156.88,153.92,-21.581
153.09,150.61,-21.556
149.31,147.3,-21.578
145.53,143.99,-21.548
141.75,140.68,-21.516
137.96,137.37,-21.6
134.18,134.06,-21.574
130.4,130.75,-21.526
126.62,127.44,-21.594
122.83,124.13,-21.566
119.05,120.82,-21.564
115.27,117.51,-21.556
111.49,114.19,-21.535
107.7,110.88,-21.602
103.92,107.57,-21.565
100.14,104.26,-21.512
96.356,100.95,-21.607
92.574,97.643,-21.576
88.791,94.332,-21.55
85.009,91.022,-21.57
81.226,87.711,-21.548
77.444,84.401,-21.589
73.685,81.064,-21.596
69.937,77.714,-21.589
66.19,74.364,-21.608
62.442,71.014,-21.615
58.694,67.665,-21.606
54.947,64.315,-21.59
51.199,60.965,-21.596
47.452,57.615,-21.615
43.704,54.265,-21.616
39.956,50.915,-21.6
36.209,47.566,-21.585
32.978,43.723,-21.618
31.841,38.827,-21.618
30.704,33.931,-21.618
29.568,29.034,-21.618
28.431,24.138,-21.618
27.294,19.242,-21.618
26.157,14.346,-21.618
25.02,9.4492,-21.618
23.884,4.5529,-21.618
22.747,-0.34339,-21.618
21.606,-5.2386,-21.617
20.179,-10.058,-21.618
18.665,-14.852,-21.618
17.151,-19.645,-21.618
15.637,-24.438,-21.618
14.123,-29.231,-21.618
12.609,-34.024,-21.618
11.095,-38.817,-21.618
9.581,-43.61,-21.618
8.067,-48.403,-21.618
6.5529,-53.196,-21.618
5.0389,-57.99,-21.618
3.5249,-62.783,-21.618
2.0109,-67.576,-21.618
0.49687,-72.369,-21.618
-1.0172,-77.162,-21.618
-2.5332,-81.955,-21.618
-4.2478,-86.68,-21.618
-5.9699,-91.402,-21.618
-7.692,-96.124,-21.618
-9.4141,-100.85,-21.618
-11.136,-105.57,-21.618
-12.858,-110.29,-21.618
-14.581,-115.01,-21.618
-16.303,-119.74,-21.618
-18.025,-124.46,-21.618
-19.747,-129.18,-21.618
-21.465,-133.9,-21.619
-22.471,-138.83,-21.618
-23.398,-143.77,-21.618
-24.325,-148.71,-21.618
-25.252,-153.65,-21.618
-26.18,-158.59,-21.618
-27.107,-163.53,-21.618
-28.034,-168.47,-21.618
-28.961,-173.41,-21.618
-29.888,-178.35,-21.618
-30.815,-183.29,-21.618
-31.742,-188.23,-21.618
-32.669,-193.17,-21.618
-33.597,-198.11,-21.618
-34.524,-203.05,-21.618
-35.451,-207.99,-21.618
-36.378,-212.93,-21.618
-36.842,-217.94,-21.616
-36.127,-222.91,-21.606
-35.412,-227.89,-21.59
-34.696,-232.86,-21.614
-33.981,-237.84,-21.608
-33.265,-242.81,-21.588
-32.55,-247.79,-21.612
-31.834,-252.77,-21.611
-31.119,-257.74,-21.586
-30.404,-262.72,-21.61
-29.688,-267.69,-21.613
-28.973,-272.67,-21.584
-28.257,-277.64,-21.608
-27.537,-282.62,-21.616
-26.063,-287.42,-21.553
-24.554,-292.22,-21.606
-23.044,-297.01,-21.569
-21.535,-301.81,-21.61
-20.026,-306.6,-21.584
-18.516,-311.4,-21.598
-17.007,-316.19,-21.59
-15.498,-320.98,-21.586
-13.988,-325.78,-21.596
-12.479,-330.57,-21.574
-10.97,-335.37,-21.601
-9.4603,-340.16,-21.563
-7.9509,-344.96,-21.607
-6.4416,-349.75,-21.551
-4.9322,-354.55,-21.612
-3.4229,-359.34,-21.543
-1.9135,-364.14,-21.618
163.45,165.27,-20.674
159.66,161.96,-20.539
155.88,158.65,-20.574
152.1,155.34,-20.641
148.32,152.03,-20.572
144.53,148.71,-20.575
140.75,145.4,-20.597
136.97,142.09,-20.501
133.19,138.78,-20.651
129.4,135.47,-20.528
125.62,132.16,-20.551
121.84,128.85,-20.657
118.06,125.54,-20.571
114.27,122.23,-20.573
110.49,118.92,-20.613
106.71,115.61,-20.532
102.93,112.3,-20.624
99.145,108.99,-20.553
95.362,105.68,-20.529
91.58,102.37,-20.669
87.797,99.059,-20.553
84.015,95.748,-20.592
80.232,92.438,-20.628
76.45,89.127,-20.555
72.667,85.817,-20.596
68.908,82.48,-20.657
65.161,79.13,-20.629
61.413,75.78,-20.667
57.665,72.43,-20.664
53.918,69.08,-20.637
50.17,65.731,-20.646
46.422,62.381,-20.642
42.675,59.031,-20.676
38.927,55.681,-20.654
35.18,52.331,-20.647
31.432,48.982,-20.635
28.201,45.139,-20.678
27.064,40.243,-20.678
25.928,35.346,-20.678
24.791,30.45,-20.678
23.654,25.554,-20.678
22.517,20.657,-20.678
21.38,15.761,-20.678
20.244,10.865,-20.678
19.107,5.9685,-20.678
17.97,1.0722,-20.678
16.829,-3.823,-20.677
15.402,-8.6429,-20.678
13.888,-13.436,-20.678
12.374,-18.229,-20.678
10.86,-23.022,-20.678
9.3462,-27.815,-20.678
7.8322,-32.608,-20.678
6.3182,-37.402,-20.678
4.8041,-42.195,-20.678
3.2901,-46.988,-20.678
1.7761,-51.781,-20.678
0.26208,-56.574,-20.678
-1.2519,-61.367,-20.678
-2.766,-66.16,-20.678
-4.28,-70.953,-20.678
-5.794,-75.746,-20.678
-7.31,-80.539,-20.678
-9.0246,-85.264,-20.678
-10.747,-89.986,-20.678
-12.469,-94.709,-20.678
-14.191,-99.431,-20.678
-15.913,-104.15,-20.678
-17.635,-108.88,-20.678
-19.357,-113.6,-20.678
-21.079,-118.32,-20.678
-22.802,-123.04,-20.678
-24.524,-127.76,-20.678
-26.242,-132.49,-20.679
-27.248,-137.41,-20.678
-28.175,-142.35,-20.678
-29.102,-147.29,-20.678
-30.029,-152.23,-20.678
-30.956,-157.17,-20.678
-31.884,-162.11,-20.678
-32.811,-167.06,-20.678
-33.738,-172,-20.678
-34.665,-176.94,-20.678
-35.592,-181.88,-20.678
-36.519,-186.82,-20.678
-37.446,-191.76,-20.678
-38.373,-196.7,-20.678
-39.3,-201.64,-20.678
-40.228,-206.58,-20.678
-41.154,-211.52,-20.678
-41.619,-216.52,-20.653
-40.904,-221.5,-20.662
-40.188,-226.47,-20.645
-39.473,-231.45,-20.65
-38.757,-236.42,-20.667
-38.042,-241.4,-20.642
-37.327,-246.37,-20.647
-36.611,-251.35,-20.671
-35.896,-256.33,-20.638
-35.18,-261.3,-20.643
-34.465,-266.28,-20.675
-33.75,-271.25,-20.634
-33.034,-276.23,-20.64
-32.314,-281.2,-20.678
-30.84,-286.01,-20.589
-29.331,-290.8,-20.663
-27.821,-295.6,-20.593
-26.312,-300.39,-20.64
-24.803,-305.18,-20.614
-23.293,-309.98,-20.618
-21.784,-314.77,-20.621
-20.274,-319.57,-20.598
-18.765,-324.36,-20.602
-17.256,-329.16,-20.623
-15.746,-333.95,-20.612
-14.237,-338.75,-20.632
-12.728,-343.54,-20.636
-11.218,-348.34,-20.615
-9.709,-353.13,-20.661
-8.1996,-357.93,-20.599
-6.6903,-362.72,-20.678
158.67,166.68,-19.135
154.89,163.37,-18.89
151.11,160.06,-19.074
147.32,156.75,-19.051
143.54,153.44,-18.947
139.76,150.13,-19.117
135.98,146.82,-19.014
132.19,143.51,-18.97
128.41,140.2,-19.142
124.63,136.89,-18.923
120.85,133.58,-19.051
117.06,130.27,-19.085
113.28,126.96,-18.944
109.5,123.65,-19.106
105.72,120.34,-18.987
101.93,117.03,-18.951
98.15,113.72,-19.13
94.368,110.41,-18.957
90.585,107.1,-19.021
86.803,103.78,-19.113
83.02,100.47,-18.913
79.238,97.164,-19.088
75.455,93.854,-19.021
71.673,90.543,-18.942
67.89,87.233,-19.123
64.132,83.895,-19.102
60.384,80.546,-19.087
56.636,77.196,-19.11
52.889,73.846,-19.117
49.141,70.496,-19.074
45.393,67.146,-19.089
41.646,63.797,-19.104
37.898,60.447,-19.128
34.15,57.097,-19.098
30.403,53.747,-19.089
26.655,50.397,-19.075
23.424,46.554,-19.135
22.288,41.658,-19.135
21.151,36.762,-19.135
20.014,31.866,-19.135
18.877,26.969,-19.135
17.74,22.073,-19.135
16.604,17.177,-19.135
15.467,12.28,-19.135
14.33,7.384,-19.135
13.193,2.4877,-19.135
12.052,-2.4075,-19.133
10.625,-7.2273,-19.135
9.1114,-12.02,-19.135
7.5974,-16.814,-19.135
6.0834,-21.607,-19.135
4.5693,-26.4,-19.135
3.0553,-31.193,-19.135
1.5413,-35.986,-19.135
0.027283,-40.779,-19.135
-1.4867,-45.572,-19.135
-3.0008,-50.365,-19.135
-4.5148,-55.158,-19.135
-6.0288,-59.951,-19.135
-7.5428,-64.745,-19.135
-9.0568,-69.538,-19.135
-10.571,-74.331,-19.135
-12.087,-79.123,-19.134
-13.801,-83.848,-19.135
-15.524,-88.571,-19.135
-17.246,-93.293,-19.135
-18.968,-98.015,-19.135
-20.69,-102.74,-19.135
-22.412,-107.46,-19.135
-24.134,-112.18,-19.135
-25.856,-116.9,-19.135
-27.578,-121.63,-19.135
-29.301,-126.35,-19.135
-31.019,-131.07,-19.136
-32.025,-136,-19.129
-32.952,-140.94,-19.134
-33.879,-145.88,-19.127
-34.806,-150.82,-19.131
-35.733,-155.76,-19.124
-36.66,-160.7,-19.131
-37.587,-165.64,-19.126
-38.515,-170.58,-19.134
-39.442,-175.52,-19.129
-40.369,-180.46,-19.133
-41.296,-185.4,-19.131
-42.223,-190.34,-19.131
-43.15,-195.28,-19.134
-44.077,-200.22,-19.128
-45.004,-205.16,-19.133
-45.931,-210.1,-19.126
-46.396,-215.11,-19.111
-45.68,-220.08,-19.104
-44.965,-225.06,-19.089
-44.25,-230.03,-19.107
-43.534,-235.01,-19.11
-42.819,-239.98,-19.084
-42.103,-244.96,-19.102
-41.388,-249.93,-19.116
-40.673,-254.91,-19.079
-39.957,-259.88,-19.098
-39.242,-264.86,-19.122
-38.526,-269.84,-19.074
-37.811,-274.81,-19.094
-37.091,-279.79,-19.13
-35.617,-284.59,-19.034
-34.107,-289.39,-19.136
-32.598,-294.18,-19.014
-31.089,-298.97,-19.117
-29.579,-303.77,-18.998
-28.07,-308.56,-19.1
-26.561,-313.36,-19.033
-25.051,-318.15,-19.082
-23.542,-322.95,-19.026
-22.033,-327.74,-19.056
-20.523,-332.54,-19.041
-19.014,-337.33,-19.027
-17.504,-342.13,-19.08
-15.995,-346.92,-19.011
-14.486,-351.71,-19.108
-12.976,-356.51,-19.02
-11.467,-361.3,-19.135
153.89,168.1,-17.069
150.11,164.79,-17.304
146.33,161.48,-17.211
142.55,158.17,-17.152
138.76,154.86,-17.379
134.98,151.55,-17.235
131.2,148.24,-17.239
127.42,144.93,-17.381
123.63,141.62,-17.101
119.85,138.3,-17.321
116.07,134.99,-17.247
112.29,131.68,-17.123
108.5,128.37,-17.338
104.72,125.06,-17.217
100.94,121.75,-17.2
97.156,118.44,-17.434
93.374,115.13,-17.147
89.591,111.82,-17.31
85.809,108.51,-17.286
82.026,105.2,-17.093
78.244,101.89,-17.298
74.461,98.58,-17.19
70.679,95.269,-17.161
66.896,91.959,-17.411
63.114,88.649,-17.196
59.355,85.311,-17.188
55.607,81.962,-17.126
51.86,78.612,-17.1
48.112,75.262,-17.082
44.364,71.912,-17.13
40.617,68.562,-17.172
36.869,65.213,-17.133
33.121,61.863,-17.078
29.374,58.513,-17.096
25.626,55.163,-17.159
21.878,51.813,-17.147
18.647,47.97,-17.069
17.511,43.074,-17.069
16.374,38.177,-17.069
15.237,33.281,-17.069
14.1,28.385,-17.069
12.963,23.488,-17.069
11.827,18.592,-17.069
10.69,13.696,-17.069
9.5531,8.7996,-17.069
8.4163,3.9033,-17.069
7.275,-0.9919,-17.068
5.8485,-5.8118,-17.069
4.3345,-10.605,-17.069
2.8205,-15.398,-17.069
1.3065,-20.191,-17.069
-0.20752,-24.984,-17.069
-1.7215,-29.777,-17.069
-3.2356,-34.57,-17.069
-4.7496,-39.363,-17.069
-6.2636,-44.157,-17.069
-7.7776,-48.95,-17.069
-9.2916,-53.743,-17.069
-10.806,-58.536,-17.069
-12.32,-63.329,-17.069
-13.834,-68.122,-17.069
-15.348,-72.915,-17.069
-16.864,-77.708,-17.069
-18.578,-82.433,-17.069
-20.3,-87.155,-17.069
-22.023,-91.877,-17.069
-23.745,-96.6,-17.069
-25.467,-101.32,-17.069
-27.189,-106.04,-17.069
-28.911,-110.77,-17.069
-30.633,-115.49,-17.069
-32.355,-120.21,-17.069
-34.077,-124.93,-17.069
-35.796,-129.66,-17.071
-36.802,-134.58,-17.069
-37.729,-139.52,-17.069
-38.656,-144.46,-17.069
-39.583,-149.4,-17.069
-40.51,-154.34,-17.069
-41.437,-159.28,-17.069
-42.364,-164.22,-17.069
-43.291,-169.16,-17.069
-44.218,-174.1,-17.069
-45.146,-179.04,-17.069
-46.073,-183.99,-17.069
-47,-188.93,-17.069
-47.927,-193.87,-17.069
-48.854,-198.81,-17.069
-49.781,-203.75,-17.069
-50.708,-208.69,-17.07
-51.173,-213.69,-17.098
-50.457,-218.67,-17.108
-49.742,-223.64,-17.103
-49.026,-228.62,-17.104
-48.311,-233.59,-17.1
-47.596,-238.57,-17.098
-46.88,-243.54,-17.11
-46.165,-248.52,-17.093
-45.449,-253.49,-17.094
-44.734,-258.47,-17.117
-44.019,-263.44,-17.085
-43.303,-268.42,-17.097
-42.588,-273.4,-17.123
-41.868,-278.37,-17.079
-40.393,-283.18,-17.218
-38.884,-287.97,-17.082
-37.375,-292.76,-17.265
-35.865,-297.56,-17.11
-34.356,-302.35,-17.272
-32.847,-307.15,-17.145
-31.337,-311.94,-17.23
-29.828,-316.74,-17.181
-28.319,-321.53,-17.188
-26.809,-326.33,-17.235
-25.3,-331.12,-17.155
-23.791,-335.92,-17.271
-22.281,-340.71,-17.148
-20.772,-345.5,-17.235
-19.263,-350.3,-17.109
-17.753,-355.09,-17.199
-16.244,-359.89,-17.069
149.12,169.51,-16.04
145.33,166.2,-16.124
141.55,162.89,-16.191
137.77,159.58,-16.117
133.99,156.27,-16.1
130.2,152.96,-16.111
126.42,149.65,-16.195
122.64,146.34,-16.141
118.86,143.03,-16.051
115.07,139.72,-16.146
111.29,136.41,-16.181
107.51,133.1,-16.09
103.73,129.79,-16.094
99.944,126.48,-16.14
96.162,123.17,-16.167
92.379,119.86,-16.126
88.597,116.55,-16.062
84.814,113.24,-16.177
81.032,109.93,-16.167
77.249,106.62,-16.062
73.467,103.31,-16.11
69.685,99.996,-16.168
65.902,96.685,-16.14
62.12,93.375,-16.111
58.337,90.064,-16.088
54.578,86.727,-16.076
50.831,83.377,-16.075
47.083,80.028,-16.051
43.335,76.678,-16.04
39.588,73.328,-16.054
35.84,69.978,-16.088
32.092,66.628,-16.066
28.345,63.279,-16.043
24.597,59.929,-16.04
20.849,56.579,-16.066
17.102,53.229,-16.081
13.871,49.386,-16.04
12.734,44.489,-16.04
11.597,39.593,-16.04
10.46,34.697,-16.04
9.3234,29.8,-16.04
8.1867,24.904,-16.04
7.0499,20.008,-16.04
5.9131,15.111,-16.04
4.7763,10.215,-16.04
3.6395,5.3188,-16.04
2.4982,0.42367,-16.039
1.0717,-4.3962,-16.04
-0.44233,-9.1893,-16.04
-1.9563,-13.982,-16.04
-3.4704,-18.775,-16.04
-4.9844,-23.569,-16.04
-6.4984,-28.362,-16.04
-8.0124,-33.155,-16.04
-9.5264,-37.948,-16.04
-11.04,-42.741,-16.04
-12.554,-47.534,-16.04
-14.068,-52.327,-16.04
-15.582,-57.12,-16.04
-17.096,-61.913,-16.04
-18.611,-66.706,-16.04
-20.125,-71.5,-16.04
-21.641,-76.292,-16.04
-23.355,-81.017,-16.04
-25.077,-85.739,-16.04
-26.799,-90.462,-16.04
-28.522,-95.184,-16.04
-30.244,-99.906,-16.04
-31.966,-104.63,-16.04
-33.688,-109.35,-16.04
-35.41,-114.07,-16.04
-37.132,-118.8,-16.04
-38.854,-123.52,-16.04
-40.572,-128.24,-16.041
-41.578,-133.17,-16.04
-42.506,-138.11,-16.04
-43.433,-143.05,-16.04
-44.36,-147.99,-16.04
-45.287,-152.93,-16.04
-46.214,-157.87,-16.04
-47.141,-162.81,-16.04
-48.068,-167.75,-16.04
-48.995,-172.69,-16.04
-49.922,-177.63,-16.04
-50.85,-182.57,-16.04
-51.777,-187.51,-16.04
-52.704,-192.45,-16.04
-53.631,-197.39,-16.04
-54.558,-202.33,-16.04
-55.485,-207.27,-16.04
-55.949,-212.28,-16.04
-55.234,-217.25,-16.054
-54.519,-222.23,-16.088
-53.803,-227.2,-16.04
-53.088,-232.18,-16.051
-52.372,-237.15,-16.087
-51.657,-242.13,-16.041
-50.942,-247.1,-16.049
-50.226,-252.08,-16.084
-49.511,-257.05,-16.045
-48.795,-262.03,-16.046
-48.08,-267,-16.081
-47.365,-271.98,-16.05
-46.644,-276.95,-16.044
-45.17,-281.76,-16.083
-43.661,-286.55,-16.051
-42.152,-291.35,-16.099
-40.642,-296.14,-16.061
-39.133,-300.94,-16.125
-37.624,-305.73,-16.052
-36.114,-310.53,-16.124
-34.605,-315.32,-16.042
-33.095,-320.12,-16.107
-31.586,-324.91,-16.048
-30.077,-329.71,-16.09
-28.567,-334.5,-16.057
-27.058,-339.29,-16.074
-25.549,-344.09,-16.067
-24.039,-348.88,-16.057
-22.53,-353.68,-16.077
-21.021,-358.47,-16.04
144.34,170.93,-15.586
140.56,167.62,-15.61
136.77,164.31,-15.586
132.99,161,-15.627
129.21,157.69,-15.586
125.43,154.38,-15.586
121.65,151.07,-15.668
117.86,147.76,-15.586
114.08,144.45,-15.586
110.3,141.14,-15.621
106.52,137.83,-15.586
102.73,134.52,-15.613
98.95,131.21,-15.59
95.168,127.89,-15.586
91.385,124.58,-15.653
87.603,121.27,-15.586
83.82,117.96,-15.586
80.038,114.65,-15.633
76.255,111.34,-15.586
72.473,108.03,-15.598
68.69,104.72,-15.601
64.908,101.41,-15.586
61.125,98.101,-15.639
57.343,94.791,-15.586
53.56,91.48,-15.586
49.802,88.143,-15.586
46.054,84.793,-15.586
42.306,81.443,-15.586
38.559,78.094,-15.586
34.811,74.744,-15.586
31.063,71.394,-15.586
27.316,68.044,-15.586
23.568,64.694,-15.586
19.82,61.345,-15.586
16.073,57.995,-15.586
12.325,54.645,-15.586
9.0937,50.801,-15.586
7.957,45.905,-15.586
6.8202,41.008,-15.586
5.6834,36.112,-15.586
4.5466,31.216,-15.586
3.4098,26.32,-15.586
2.273,21.423,-15.586
1.1362,16.527,-15.586
-0.00055898,11.631,-15.586
-1.1374,6.7344,-15.586
-2.2787,1.8392,-15.586
-3.7052,-2.9806,-15.586
-5.2192,-7.7737,-15.586
-6.7332,-12.567,-15.586
-8.2472,-17.36,-15.586
-9.7612,-22.153,-15.586
-11.275,-26.946,-15.586
-12.789,-31.739,-15.586
-14.303,-36.532,-15.586
-15.817,-41.325,-15.586
-17.331,-46.118,-15.586
-18.845,-50.912,-15.586
-20.359,-55.705,-15.586
-21.873,-60.498,-15.586
-23.387,-65.291,-15.586
-24.901,-70.084,-15.586
-26.417,-74.876,-15.586
-28.132,-79.601,-15.586
-29.854,-84.324,-15.586
-31.576,-89.046,-15.586
-33.298,-93.768,-15.586
-35.02,-98.491,-15.586
-36.743,-103.21,-15.586
-38.465,-107.94,-15.586
-40.187,-112.66,-15.586
-41.909,-117.38,-15.586
-43.631,-122.1,-15.586
-45.349,-126.83,-15.586
-46.355,-131.75,-15.586
-47.282,-136.69,-15.586
-48.209,-141.63,-15.586
-49.137,-146.57,-15.586
-50.064,-151.51,-15.586
-50.991,-156.45,-15.586
-51.918,-161.39,-15.586
-52.845,-166.33,-15.586
-53.772,-171.27,-15.586
-54.699,-176.21,-15.586
-55.626,-181.15,-15.586
-56.553,-186.09,-15.586
-57.481,-191.03,-15.586
-58.408,-195.97,-15.586
-59.335,-200.91,-15.586
-60.262,-205.86,-15.586
-60.726,-210.86,-15.586
-60.011,-215.83,-15.586
-59.295,-220.81,-15.586
-58.58,-225.79,-15.586
-57.865,-230.76,-15.586
-57.149,-235.74,-15.586
-56.434,-240.71,-15.586
-55.718,-245.69,-15.586
-55.003,-250.66,-15.586
-54.288,-255.64,-15.586
-53.572,-260.61,-15.586
-52.857,-265.59,-15.586
-52.141,-270.56,-15.586
-51.421,-275.54,-15.587
-49.947,-280.34,-15.586
-48.438,-285.14,-15.586
-46.928,-289.93,-15.593
-45.419,-294.73,-15.586
-43.91,-299.52,-15.611
-42.4,-304.32,-15.586
-40.891,-309.11,-15.628
-39.382,-313.91,-15.586
-37.872,-318.7,-15.624
-36.363,-323.49,-15.586
-34.854,-328.29,-15.615
-33.344,-333.08,-15.586
-31.835,-337.88,-15.605
-30.326,-342.67,-15.586
-28.816,-347.47,-15.596
-27.307,-352.26,-15.586
-25.797,-357.06,-15.586
139.56,172.35,-15.395
135.78,169.04,-15.395
132,165.73,-15.395
128.22,162.41,-15.395
124.43,159.1,-15.395
120.65,155.79,-15.395
116.87,152.48,-15.395
113.09,149.17,-15.395
109.3,145.86,-15.395
105.52,142.55,-15.395
101.74,139.24,-15.395
97.956,135.93,-15.395
94.173,132.62,-15.395
90.391,129.31,-15.395
86.608,126,-15.395
82.826,122.69,-15.395
79.043,119.38,-15.395
75.261,116.07,-15.395
71.479,112.76,-15.395
67.696,109.45,-15.395
63.914,106.14,-15.395
60.131,102.83,-15.395
56.349,99.517,-15.395
52.566,96.207,-15.395
48.784,92.896,-15.395
45.025,89.559,-15.395
41.277,86.209,-15.395
37.53,82.859,-15.395
33.782,79.51,-15.395
30.034,76.16,-15.395
26.287,72.81,-15.395
22.539,69.46,-15.395
18.791,66.11,-15.395
15.044,62.761,-15.395
11.296,59.411,-15.395
7.5485,56.061,-15.395
4.3169,52.217,-15.395
3.1801,47.32,-15.395
2.0433,42.424,-15.395
0.90653,37.528,-15.395
-0.23026,32.631,-15.395
-1.367,27.735,-15.395
-2.5038,22.839,-15.395
-3.6406,17.943,-15.395
-4.7774,13.046,-15.395
-5.9142,8.15,-15.395
-7.0556,3.2548,-15.395
-8.482,-1.5651,-15.395
-9.996,-6.3582,-15.395
-11.51,-11.151,-15.395
-13.024,-15.944,-15.395
-14.538,-20.737,-15.395
-16.052,-25.531,-15.395
-17.566,-30.324,-15.395
-19.08,-35.117,-15.395
-20.594,-39.91,-15.395
-22.108,-44.703,-15.395
-23.622,-49.496,-15.395
-25.136,-54.289,-15.395
-26.65,-59.082,-15.395
-28.164,-63.875,-15.395
-29.678,-68.668,-15.395
-31.194,-73.461,-15.395
-32.909,-78.186,-15.395
-34.631,-82.908,-15.395
-36.353,-87.63,-15.395
-38.075,-92.353,-15.395
-39.797,-97.075,-15.395
-41.519,-101.8,-15.395
-43.242,-106.52,-15.395
-44.964,-111.24,-15.395
-46.686,-115.96,-15.395
-48.408,-120.69,-15.395
-50.126,-125.41,-15.395
-51.132,-130.34,-15.395
-52.059,-135.28,-15.395
-52.986,-140.22,-15.395
-53.913,-145.16,-15.395
-54.84,-150.1,-15.395
-55.768,-155.04,-15.395
-56.695,-159.98,-15.395
-57.622,-164.92,-15.395
-58.549,-169.86,-15.395
-59.476,-174.8,-15.395
-60.403,-179.74,-15.395
-61.33,-184.68,-15.395
-62.257,-189.62,-15.395
-63.184,-194.56,-15.395
-64.112,-199.5,-15.395
-65.038,-204.44,-15.395
-65.503,-209.44,-15.395
-64.788,-214.42,-15.395
-64.072,-219.39,-15.395
-63.357,-224.37,-15.395
-62.641,-229.35,-15.395
-61.926,-234.32,-15.395
-61.211,-239.3,-15.395
-60.495,-244.27,-15.395
-59.78,-249.25,-15.395
-59.064,-254.22,-15.395
-58.349,-259.2,-15.395
-57.634,-264.17,-15.395
-56.918,-269.15,-15.393
-56.198,-274.12,-15.393
-54.724,-278.93,-15.395
-53.214,-283.72,-15.395
-51.705,-288.52,-15.395
-50.196,-293.31,-15.395
-48.686,-298.11,-15.395
-47.177,-302.9,-15.395
-45.668,-307.7,-15.395
-44.158,-312.49,-15.395
-42.649,-317.28,-15.395
-41.14,-322.08,-15.395
-39.63,-326.87,-15.395
-38.121,-331.67,-15.395
-36.612,-336.46,-15.395
-35.102,-341.26,-15.395
-33.593,-346.05,-15.395
-32.084,-350.85,-15.395
-30.574,-355.64,-15.395
134.79,173.76,-15.331
131,170.45,-15.331
127.22,167.14,-15.331
123.44,163.83,-15.331
119.66,160.52,-15.331
115.87,157.21,-15.331
112.09,153.9,-15.331
108.31,150.59,-15.331
104.53,147.28,-15.331
100.74,143.97,-15.331
96.962,140.66,-15.331
93.179,137.35,-15.331
89.397,134.04,-15.331
85.614,130.73,-15.331
81.832,127.42,-15.331
78.049,124.11,-15.331
74.267,120.8,-15.331
70.484,117.48,-15.331
66.702,114.17,-15.331
62.919,110.86,-15.331
59.137,107.55,-15.331
55.354,104.24,-15.331
51.572,100.93,-15.331
47.789,97.622,-15.331
44.007,94.312,-15.331
40.248,90.975,-15.331
36.5,87.625,-15.331
32.753,84.275,-15.331
29.005,80.925,-15.331
25.258,77.576,-15.331
21.51,74.226,-15.331
17.762,70.876,-15.331
14.015,67.526,-15.331
10.267,64.176,-15.331
6.5194,60.827,-15.331
2.7718,57.477,-15.331
-0.45997,53.632,-15.329
-1.5968,48.736,-15.331
-2.7335,43.84,-15.331
-3.8703,38.943,-15.331
-5.0071,34.047,-15.331
-6.1439,29.151,-15.331
-7.2807,24.254,-15.331
-8.4175,19.358,-15.331
-9.5542,14.462,-15.331
-10.691,9.5655,-15.331
-11.832,4.6704,-15.331
-13.259,-0.1495,-15.331
-14.773,-4.9426,-15.331
-16.287,-9.7357,-15.331
-17.801,-14.529,-15.331
-19.315,-19.322,-15.331
-20.829,-24.115,-15.331
-22.343,-28.908,-15.331
-23.857,-33.701,-15.331
-25.371,-38.494,-15.331
-26.885,-43.287,-15.331
-28.399,-48.08,-15.331
-29.913,-52.873,-15.331
-31.427,-57.667,-15.331
-32.941,-62.46,-15.331
-34.455,-67.253,-15.331
-35.971,-72.045,-15.331
-37.686,-76.77,-15.331
-39.408,-81.492,-15.331
-41.13,-86.215,-15.331
-42.852,-90.937,-15.331
-44.574,-95.659,-15.331
-46.296,-100.38,-15.331
-48.018,-105.1,-15.331
-49.741,-109.83,-15.331
-51.463,-114.55,-15.331
-53.185,-119.27,-15.331
-54.903,-123.99,-15.331
-55.909,-128.92,-15.331
-56.836,-133.86,-15.331
-57.763,-138.8,-15.331
-58.69,-143.74,-15.331
-59.617,-148.68,-15.331
-60.544,-153.62,-15.331
-61.471,-158.56,-15.331
-62.399,-163.5,-15.331
-63.326,-168.44,-15.331
-64.253,-173.38,-15.331
-65.18,-178.32,-15.331
-66.107,-183.26,-15.331
-67.034,-188.2,-15.331
-67.961,-193.14,-15.331
-68.888,-198.08,-15.331
-69.815,-203.02,-15.331
-70.28,-208.03,-15.331
-69.564,-213,-15.331
-68.849,-217.98,-15.331
-68.134,-222.95,-15.331
-67.418,-227.93,-15.331
-66.703,-232.9,-15.331
-65.987,-237.88,-15.331
-65.272,-242.86,-15.331
-64.557,-247.83,-15.331
-63.841,-252.81,-15.331
-63.126,-257.78,-15.331
-62.41,-262.76,-15.331
-61.695,-267.73,-15.331
-60.975,-272.71,-15.325
-59.501,-277.51,-15.331
-57.991,-282.31,-15.331
-56.482,-287.1,-15.331
-54.973,-291.9,-15.331
-53.463,-296.69,-15.331
-51.954,-301.49,-15.331
-50.444,-306.28,-15.331
-48.935,-311.07,-15.331
-47.426,-315.87,-15.331
-45.916,-320.66,-15.331
-44.407,-325.46,-15.331
-42.898,-330.25,-15.331
-41.388,-335.05,-15.331
-39.879,-339.84,-15.331
-38.37,-344.64,-15.331
-36.86,-349.43,-15.331
-35.351,-354.23,-15.331
130.01,175.18,-15.267
126.23,171.87,-15.267
122.44,168.56,-15.267
118.66,165.25,-15.267
114.88,161.94,-15.267
111.1,158.63,-15.267
107.31,155.32,-15.267
103.53,152,-15.267
99.75,148.69,-15.267
95.967,145.38,-15.267
92.185,142.07,-15.267
88.402,138.76,-15.267
84.62,135.45,-15.267
80.837,132.14,-15.267
77.055,128.83,-15.267
73.272,125.52,-15.267
69.49,122.21,-15.267
65.708,118.9,-15.267
61.925,115.59,-15.267
58.143,112.28,-15.267
54.36,108.97,-15.267
50.578,105.66,-15.267
46.795,102.35,-15.267
43.013,99.038,-15.267
39.23,95.728,-15.267
35.472,92.391,-15.267
31.724,89.041,-15.267
27.976,85.691,-15.267
24.229,82.341,-15.267
20.481,78.991,-15.267
16.733,75.642,-15.267
12.986,72.292,-15.267
9.238,68.942,-15.267
5.4904,65.592,-15.267
1.7427,62.242,-15.267
-2.0049,58.893,-15.267
-5.2368,55.048,-15.261
-6.3736,50.151,-15.267
-7.5104,45.255,-15.267
-8.6472,40.359,-15.267
-9.784,35.462,-15.267
-10.921,30.566,-15.267
-12.058,25.67,-15.267
-13.194,20.774,-15.267
-14.331,15.877,-15.267
-15.468,10.981,-15.267
-16.609,6.0859,-15.267
-18.036,1.2661,-15.267
-19.55,-3.527,-15.267
-21.064,-8.3201,-15.267
-22.578,-13.113,-15.267
-24.092,-17.906,-15.267
-25.606,-22.699,-15.267
-27.12,-27.492,-15.267
-28.634,-32.285,-15.267
-30.148,-37.079,-15.267
-31.662,-41.872,-15.267
-33.176,-46.665,-15.267
-34.69,-51.458,-15.267
-36.204,-56.251,-15.267
-37.718,-61.044,-15.267
-39.232,-65.837,-15.267
-40.748,-70.629,-15.267
-42.463,-75.355,-15.267
-44.185,-80.077,-15.267
-45.907,-84.799,-15.267
-47.629,-89.521,-15.267
-49.351,-94.244,-15.267
-51.073,-98.966,-15.267
-52.795,-103.69,-15.267
-54.517,-108.41,-15.267
-56.239,-113.13,-15.267
-57.962,-117.86,-15.267
-59.68,-122.58,-15.267
-60.686,-127.5,-15.267
-61.613,-132.44,-15.267
-62.54,-137.38,-15.267
-63.467,-142.32,-15.267
-64.394,-147.26,-15.267
-65.321,-152.21,-15.267
-66.248,-157.15,-15.267
-67.175,-162.09,-15.267
-68.103,-167.03,-15.267
-69.03,-171.97,-15.267
-69.957,-176.91,-15.267
-70.884,-181.85,-15.267
-71.811,-186.79,-15.267
-72.738,-191.73,-15.267
-73.665,-196.67,-15.267
-74.592,-201.61,-15.267
-75.057,-206.61,-15.267
-74.341,-211.59,-15.267
-73.626,-216.56,-15.267
-72.91,-221.54,-15.267
-72.195,-226.51,-15.267
-71.479,-231.49,-15.267
-70.764,-236.46,-15.267
-70.049,-241.44,-15.267
-69.333,-246.42,-15.267
-68.618,-251.39,-15.267
-67.902,-256.37,-15.267
-67.187,-261.34,-15.267
-66.472,-266.32,-15.267
-65.752,-271.29,-15.258
-64.277,-276.1,-15.267
-62.768,-280.89,-15.267
-61.259,-285.69,-15.267
-59.749,-290.48,-15.267
-58.24,-295.27,-15.267
-56.731,-300.07,-15.267
-55.221,-304.86,-15.267
-53.712,-309.66,-15.267
-52.203,-314.45,-15.267
-50.693,-319.25,-15.267
-49.184,-324.04,-15.267
-47.675,-328.84,-15.267
-46.165,-333.63,-15.267
-44.656,-338.43,-15.267
-43.147,-343.22,-15.267
-41.637,-348.01,-15.267
-40.128,-352.81,-15.267
125.23,176.59,-15.075
121.45,173.28,-15.204
117.67,169.97,-15.204
113.89,166.66,-15.204
110.1,163.35,-15.204
106.32,160.04,-15.204
102.54,156.73,-15.204
98.755,153.42,-15.204
94.973,150.11,-15.204
91.191,146.8,-15.204
87.408,143.49,-15.204
83.626,140.18,-15.204
79.843,136.87,-15.204
76.061,133.56,-15.204
72.278,130.25,-15.204
68.496,126.94,-15.204
64.713,123.63,-15.204
60.931,120.32,-15.204
57.148,117.01,-15.204
53.366,113.7,-15.204
49.583,110.39,-15.204
45.801,107.07,-15.204
42.018,103.76,-15.204
38.236,100.45,-15.203
34.453,97.144,-15.203
30.695,93.806,-15.204
26.947,90.457,-15.204
23.199,87.107,-15.204
19.452,83.757,-15.204
15.704,80.407,-15.204
11.957,77.058,-15.204
8.2089,73.708,-15.204
4.4613,70.358,-15.204
0.71367,67.008,-15.204
-3.034,63.658,-15.204
-6.7816,60.309,-15.203
-10.014,56.463,-15.192
-11.15,51.567,-15.204
-12.287,46.671,-15.204
-13.424,41.774,-15.204
-14.561,36.878,-15.204
-15.698,31.982,-15.204
-16.834,27.085,-15.204
-17.971,22.189,-15.204
-19.108,17.293,-15.204
-20.245,12.397,-15.204
-21.386,7.5015,-15.204
-22.813,2.6816,-15.204
-24.327,-2.1114,-15.204
-25.841,-6.9045,-15.204
-27.355,-11.698,-15.204
-28.869,-16.491,-15.204
-30.383,-21.284,-15.204
-31.897,-26.077,-15.204
-33.411,-30.87,-15.204
-34.925,-35.663,-15.204
-36.439,-40.456,-15.204
-37.953,-45.249,-15.204
-39.467,-50.042,-15.204
-40.981,-54.835,-15.204
-42.495,-59.628,-15.204
-44.009,-64.421,-15.204
-45.525,-69.214,-15.204
-47.239,-73.939,-15.204
-48.962,-78.661,-15.204
-50.684,-83.383,-15.204
-52.406,-88.106,-15.204
-54.128,-92.828,-15.204
-55.85,-97.55,-15.204
-57.572,-102.27,-15.204
-59.294,-106.99,-15.204
-61.016,-111.72,-15.204
-62.738,-116.44,-15.204
-64.456,-121.16,-15.204
-65.462,-126.09,-15.204
-66.39,-131.03,-15.204
-67.317,-135.97,-15.204
-68.244,-140.91,-15.204
-69.171,-145.85,-15.204
-70.098,-150.79,-15.204
-71.025,-155.73,-15.204
-71.952,-160.67,-15.204
-72.879,-165.61,-15.204
-73.806,-170.55,-15.204
-74.734,-175.49,-15.204
-75.661,-180.43,-15.204
-76.588,-185.37,-15.204
-77.515,-190.31,-15.204
-78.442,-195.25,-15.204
-79.369,-200.19,-15.204
-79.833,-205.2,-15.204
-79.118,-210.17,-15.204
-78.402,-215.15,-15.204
-77.687,-220.12,-15.204
-76.972,-225.1,-15.204
-76.256,-230.07,-15.204
-75.541,-235.05,-15.204
-74.825,-240.02,-15.204
-74.11,-245,-15.204
-73.395,-249.97,-15.204
-72.679,-254.95,-15.204
-71.964,-259.93,-15.204
-71.248,-264.9,-15.204
-70.528,-269.88,-15.198
-69.054,-274.68,-15.2
-67.545,-279.48,-15.204
-66.035,-284.27,-15.204
-64.526,-289.06,-15.204
-63.017,-293.86,-15.204
-61.507,-298.65,-15.204
-59.998,-303.45,-15.204
-58.489,-308.24,-15.204
-56.979,-313.04,-15.204
-55.47,-317.83,-15.204
-53.961,-322.63,-15.204
-52.451,-327.42,-15.204
-50.942,-332.22,-15.204
-49.433,-337.01,-15.204
-47.923,-341.8,-15.204
-46.414,-346.6,-15.204
-44.905,-351.39,-15.204
120.46,178.01,-14.928
116.67,174.7,-15.14
112.89,171.39,-15.14
109.11,168.08,-15.14
105.33,164.77,-15.14
101.54,161.46,-15.14
97.761,158.15,-15.14
93.979,154.84,-15.14
90.196,151.53,-15.14
86.414,148.22,-15.14
82.631,144.91,-15.14
78.849,141.59,-15.14
75.066,138.28,-15.14
71.284,134.97,-15.14
67.501,131.66,-15.14
63.719,128.35,-15.14
59.937,125.04,-15.14
56.154,121.73,-15.14
52.372,118.42,-15.14
48.589,115.11,-15.14
44.807,111.8,-15.14
41.024,108.49,-15.14
37.242,105.18,-15.14
33.459,101.87,-15.14
29.677,98.56,-15.14
25.918,95.222,-15.14
22.17,91.873,-15.14
18.423,88.523,-15.14
14.675,85.173,-15.14
10.927,81.823,-15.14
7.1799,78.473,-15.14
3.4322,75.124,-15.14
-0.31539,71.774,-15.14
-4.063,68.424,-15.14
-7.8106,65.074,-15.14
-11.558,61.724,-15.134
-14.791,57.879,-15.124
-15.927,52.982,-15.14
-17.064,48.086,-15.14
-18.201,43.19,-15.14
-19.338,38.294,-15.14
-20.474,33.397,-15.14
-21.611,28.501,-15.14
-22.748,23.605,-15.14
-23.885,18.708,-15.14
-25.022,13.812,-15.14
-26.163,8.917,-15.14
-27.589,4.0972,-15.14
-29.103,-0.69587,-15.14
-30.617,-5.4889,-15.14
-32.131,-10.282,-15.14
-33.646,-15.075,-15.14
-35.16,-19.868,-15.14
-36.674,-24.661,-15.14
-38.188,-29.454,-15.14
-39.702,-34.247,-15.14
-41.216,-39.04,-15.14
-42.73,-43.834,-15.14
-44.244,-48.627,-15.14
-45.758,-53.42,-15.14
-47.272,-58.213,-15.14
-48.786,-63.006,-15.14
-50.302,-67.798,-15.14
-52.016,-72.523,-15.14
-53.738,-77.246,-15.14
-55.46,-81.968,-15.14
-57.183,-86.69,-15.14
-58.905,-91.412,-15.14
-60.627,-96.135,-15.14
-62.349,-100.86,-15.14
-64.071,-105.58,-15.14
-65.793,-110.3,-15.14
-67.515,-115.02,-15.14
-69.233,-119.75,-15.14
-70.239,-124.67,-15.14
-71.166,-129.61,-15.14
-72.093,-134.55,-15.14
-73.021,-139.49,-15.14
-73.948,-144.43,-15.14
-74.875,-149.37,-15.14
-75.802,-154.31,-15.14
-76.729,-159.25,-15.14
-77.656,-164.19,-15.14
-78.583,-169.13,-15.14
-79.51,-174.08,-15.14
-80.437,-179.02,-15.14
-81.365,-183.96,-15.14
-82.292,-188.9,-15.14
-83.219,-193.84,-15.14
-84.146,-198.78,-15.14
-84.61,-203.78,-15.14
-83.895,-208.76,-15.14
-83.179,-213.73,-15.14
-82.464,-218.71,-15.14
-81.748,-223.68,-15.14
-81.033,-228.66,-15.14
-80.318,-233.63,-15.14
-79.602,-238.61,-15.14
-78.887,-243.58,-15.14
-78.171,-248.56,-15.14
-77.456,-253.53,-15.14
-76.741,-258.51,-15.14
-76.025,-263.49,-15.14
-75.305,-268.46,-15.137
-73.831,-273.27,-15.137
-72.322,-278.06,-15.14
-70.812,-282.85,-15.14
-69.303,-287.65,-15.14
-67.794,-292.44,-15.14
-66.284,-297.24,-15.14
-64.775,-302.03,-15.14
-63.265,-306.83,-15.14
-61.756,-311.62,-15.14
-60.247,-316.42,-15.14
-58.737,-321.21,-15.14
-57.228,-326.01,-15.14
-55.719,-330.8,-15.14
-54.209,-335.59,-15.14
-52.7,-340.39,-15.14
-51.191,-345.18,-15.14
-49.681,-349.98,-15.14
115.68,179.42,-14.767
111.9,176.11,-15.066
108.11,172.8,-15.066
104.33,169.49,-15.066
100.55,166.18,-15.066
96.767,162.87,-15.066
92.984,159.56,-15.066
89.202,156.25,-15.066
85.419,152.94,-15.062
81.637,149.63,-15.066
77.855,146.32,-15.066
74.072,143.01,-15.066
70.29,139.7,-15.066
66.507,136.39,-15.066
62.725,133.08,-15.066
58.942,129.77,-15.066
55.16,126.46,-15.066
51.377,123.15,-15.066
47.595,119.84,-15.066
43.812,116.53,-15.066
40.03,113.22,-15.066
36.247,109.91,-15.066
32.465,106.6,-15.066
28.683,103.29,-15.066
24.9,99.975,-15.066
21.141,96.638,-15.066
17.394,93.288,-15.066
13.646,89.939,-15.066
9.8984,86.589,-15.066
6.1508,83.239,-15.066
2.4032,79.889,-15.066
-1.3445,76.539,-15.066
-5.0921,73.19,-15.066
-8.8397,69.84,-15.066
-12.587,66.49,-15.066
-16.335,63.14,-15.066
-19.567,59.294,-15.066
-20.704,54.398,-15.066
-21.841,49.502,-15.066
-22.978,44.605,-15.066
-24.115,39.709,-15.066
-25.251,34.813,-15.066
-26.388,29.917,-15.066
-27.525,25.02,-15.066
-28.662,20.124,-15.066
-29.798,15.228,-15.066
-30.94,10.333,-15.065
-32.366,5.5128,-15.066
-33.88,0.7197,-15.066
-35.394,-4.0734,-15.066
-36.908,-8.8664,-15.066
-38.422,-13.66,-15.066
-39.936,-18.453,-15.066
-41.45,-23.246,-15.066
-42.964,-28.039,-15.066
-44.478,-32.832,-15.066
-45.992,-37.625,-15.066
-47.506,-42.418,-15.066
-49.02,-47.211,-15.066
-50.534,-52.004,-15.066
-52.048,-56.797,-15.066
-53.562,-61.59,-15.066
-55.078,-66.383,-15.065
-56.793,-71.108,-15.066
-58.515,-75.83,-15.066
-60.237,-80.552,-15.066
-61.959,-85.274,-15.066
-63.682,-89.997,-15.066
-65.404,-94.719,-15.066
-67.126,-99.441,-15.066
-68.848,-104.16,-15.066
-70.57,-108.89,-15.066
-72.292,-113.61,-15.066
-74.01,-118.33,-15.066
-75.016,-123.26,-15.066
-75.943,-128.2,-15.066
-76.87,-133.14,-15.066
-77.797,-138.08,-15.066
-78.725,-143.02,-15.066
-79.652,-147.96,-15.066
-80.579,-152.9,-15.066
-81.506,-157.84,-15.066
-82.433,-162.78,-15.066
-83.36,-167.72,-15.066
-84.287,-172.66,-15.066
-85.214,-177.6,-15.066
-86.141,-182.54,-15.066
-87.068,-187.48,-15.066
-87.996,-192.42,-15.066
-88.922,-197.36,-15.066
-89.387,-202.37,-15.066
-88.671,-207.34,-15.066
-87.956,-212.32,-15.066
-87.241,-217.29,-15.066
-86.525,-222.27,-15.066
-85.81,-227.24,-15.066
-85.094,-232.22,-15.066
-84.379,-237.19,-15.066
-83.664,-242.17,-15.066
-82.948,-247.14,-15.066
-82.233,-252.12,-15.066
-81.517,-257.09,-15.066
-80.802,-262.07,-15.066
-80.082,-267.04,-15.066
-78.608,-271.85,-15.066
-77.098,-276.64,-15.066
-75.589,-281.44,-15.066
-74.08,-286.23,-15.066
-72.57,-291.03,-15.066
-71.061,-295.82,-15.066
-69.552,-300.62,-15.066
-68.042,-305.41,-15.066
-66.533,-310.21,-15.066
-65.024,-315,-15.066
-63.514,-319.79,-15.066
-62.005,-324.59,-15.066
-60.496,-329.38,-15.066
-58.986,-334.18,-15.066
-57.477,-338.97,-15.066
-55.968,-343.77,-15.066
-54.458,-348.56,-15.066
110.9,180.84,-14.707
107.12,177.53,-14.879
103.34,174.22,-14.828
99.555,170.91,-14.879
95.773,167.6,-14.85
91.99,164.29,-14.85
88.208,160.98,-14.879
84.425,157.67,-14.8
80.643,154.36,-14.871
76.86,151.05,-14.879
73.078,147.74,-14.82
69.295,144.43,-14.879
65.513,141.12,-14.868
61.73,137.81,-14.842
57.948,134.5,-14.879
54.165,131.18,-14.817
50.383,127.87,-14.863
46.601,124.56,-14.879
42.818,121.25,-14.812
39.036,117.94,-14.879
35.253,114.63,-14.879
31.471,111.32,-14.834
27.688,108.01,-14.879
23.906,104.7,-14.835
20.123,101.39,-14.856
16.365,98.054,-14.879
12.617,94.704,-14.879
8.8693,91.354,-14.879
5.1217,88.005,-14.879
1.3741,84.655,-14.879
-2.3735,81.305,-14.879
-6.1211,77.955,-14.879
-9.8688,74.606,-14.879
-13.616,71.256,-14.879
-17.364,67.906,-14.879
-21.112,64.556,-14.879
-24.344,60.71,-14.879
-25.481,55.813,-14.879
-26.618,50.917,-14.879
-27.755,46.021,-14.879
-28.891,41.125,-14.879
-30.028,36.228,-14.879
-31.165,31.332,-14.879
-32.302,26.436,-14.879
-33.438,21.54,-14.879
-34.575,16.643,-14.879
-35.717,11.748,-14.879
-37.143,6.9283,-14.879
-38.657,2.1353,-14.879
-40.171,-2.6578,-14.879
-41.685,-7.4509,-14.879
-43.199,-12.244,-14.879
-44.713,-17.037,-14.879
-46.227,-21.83,-14.879
-47.741,-26.623,-14.879
-49.255,-31.416,-14.879
-50.769,-36.209,-14.879
-52.283,-41.002,-14.879
-53.797,-45.795,-14.879
-55.311,-50.588,-14.879
-56.825,-55.381,-14.879
-58.339,-60.175,-14.879
-59.855,-64.967,-14.879
-61.57,-69.692,-14.879
-63.292,-74.414,-14.879
-65.014,-79.137,-14.879
-66.736,-83.859,-14.879
-68.458,-88.581,-14.879
-70.18,-93.303,-14.879
-71.903,-98.026,-14.879
-73.625,-102.75,-14.879
-75.347,-107.47,-14.879
-77.069,-112.19,-14.879
-78.787,-116.92,-14.879
-79.793,-121.84,-14.879
-80.72,-126.78,-14.879
-81.647,-131.72,-14.879
-82.574,-136.66,-14.879
-83.501,-141.6,-14.879
-84.428,-146.54,-14.879
-85.356,-151.48,-14.879
-86.283,-156.42,-14.879
-87.21,-161.36,-14.879
-88.137,-166.3,-14.879
-89.064,-171.24,-14.879
-89.991,-176.18,-14.879
-90.918,-181.12,-14.879
-91.845,-186.06,-14.879
-92.772,-191,-14.879
-93.699,-195.95,-14.879
-94.164,-200.95,-14.879
-93.448,-205.93,-14.879
-92.733,-210.9,-14.879
-92.017,-215.88,-14.879
-91.302,-220.85,-14.879
-90.587,-225.83,-14.879
-89.871,-230.8,-14.879
-89.156,-235.78,-14.879
-88.44,-240.75,-14.879
-87.725,-245.73,-14.879
-87.01,-250.7,-14.879
-86.294,-255.68,-14.879
-85.579,-260.65,-14.879
-84.859,-265.63,-14.879
-83.384,-270.43,-14.879
-81.875,-275.23,-14.879
-80.366,-280.02,-14.879
-78.856,-284.82,-14.879
-77.347,-289.61,-14.879
-75.838,-294.41,-14.879
-74.328,-299.2,-14.879
-72.819,-304,-14.879
-71.31,-308.79,-14.879
-69.8,-313.58,-14.879
-68.291,-318.38,-14.879
-66.782,-323.17,-14.879
-65.272,-327.97,-14.879
-63.763,-332.76,-14.879
-62.254,-337.56,-14.879
-60.744,-342.35,-14.879
-59.235,-347.15,-14.879
106.13,182.26,-14.637
102.34,178.95,-14.568
98.561,175.64,-14.633
94.778,172.33,-14.587
90.996,169.01,-14.59
87.213,165.7,-14.604
83.431,162.39,-14.539
79.648,159.08,-14.612
75.866,155.77,-14.616
72.083,152.46,-14.561
68.301,149.15,-14.634
64.519,145.84,-14.605
60.736,142.53,-14.582
56.954,139.22,-14.619
53.171,135.91,-14.555
49.389,132.6,-14.604
45.606,129.29,-14.595
41.824,125.98,-14.553
38.041,122.67,-14.626
34.259,119.36,-14.623
30.476,116.05,-14.575
26.694,112.74,-14.627
22.912,109.43,-14.573
19.129,106.12,-14.596
15.347,102.81,-14.581
11.588,99.47,-14.637
7.8402,96.12,-14.637
4.0926,92.77,-14.637
0.345,89.421,-14.623
-3.4026,86.071,-14.637
-7.1502,82.721,-14.637
-10.898,79.371,-14.637
-14.645,76.021,-14.637
-18.393,72.672,-14.619
-22.141,69.322,-14.637
-25.888,65.972,-14.637
-29.121,62.125,-14.637
-30.258,57.229,-14.637
-31.395,52.333,-14.637
-32.531,47.436,-14.637
-33.668,42.54,-14.637
-34.805,37.644,-14.637
-35.942,32.748,-14.637
-37.079,27.851,-14.637
-38.215,22.955,-14.637
-39.352,18.059,-14.637
-40.494,13.164,-14.637
-41.92,8.3439,-14.637
-43.434,3.5508,-14.637
-44.948,-1.2422,-14.637
-46.462,-6.0353,-14.637
-47.976,-10.828,-14.637
-49.49,-15.621,-14.637
-51.004,-20.414,-14.637
-52.518,-25.208,-14.637
-54.032,-30.001,-14.637
-55.546,-34.794,-14.637
-57.06,-39.587,-14.637
-58.574,-44.38,-14.637
-60.088,-49.173,-14.637
-61.602,-53.966,-14.637
-63.116,-58.759,-14.637
-64.632,-63.551,-14.637
-66.347,-68.276,-14.637
-68.069,-72.999,-14.637
-69.791,-77.721,-14.637
-71.513,-82.443,-14.637
-73.235,-87.165,-14.637
-74.957,-91.888,-14.637
-76.679,-96.61,-14.637
-78.402,-101.33,-14.637
-80.124,-106.05,-14.637
-81.846,-110.78,-14.637
-83.564,-115.5,-14.638
-84.57,-120.43,-14.637
-85.497,-125.37,-14.637
-86.424,-130.31,-14.637
-87.351,-135.25,-14.637
-88.278,-140.19,-14.637
-89.205,-145.13,-14.637
-90.132,-150.07,-14.637
-91.059,-155.01,-14.637
-91.987,-159.95,-14.637
-92.914,-164.89,-14.637
-93.841,-169.83,-14.637
-94.768,-174.77,-14.637
-95.695,-179.71,-14.637
-96.622,-184.65,-14.637
-97.549,-189.59,-14.637
-98.476,-194.53,-14.637
-98.94,-199.53,-14.637
-98.225,-204.51,-14.637
-97.51,-209.48,-14.637
-96.794,-214.46,-14.637
-96.079,-219.44,-14.637
-95.363,-224.41,-14.637
-94.648,-229.39,-14.637
-93.933,-234.36,-14.637
-93.217,-239.34,-14.637
-92.502,-244.31,-14.637
-91.786,-249.29,-14.637
-91.071,-254.26,-14.637
-90.356,-259.24,-14.637
-89.635,-264.21,-14.638
-88.161,-269.02,-14.637
-86.652,-273.81,-14.632
-85.143,-278.61,-14.637
-83.633,-283.4,-14.624
-82.124,-288.2,-14.637
-80.614,-292.99,-14.617
-79.105,-297.79,-14.637
-77.596,-302.58,-14.626
-76.086,-307.37,-14.637
-74.577,-312.17,-14.637
-73.068,-316.96,-14.637
-71.558,-321.76,-14.637
-70.049,-326.55,-14.637
-68.54,-331.35,-14.637
-67.03,-336.14,-14.637
-65.521,-340.94,-14.637
-64.012,-345.73,-14.637
101.35,183.67,-14.102
97.566,180.36,-13.889
93.784,177.05,-13.992
90.001,173.74,-14.067
86.219,170.43,-13.93
82.437,167.12,-14.039
78.654,163.81,-14.009
74.872,160.5,-13.988
71.089,157.19,-14.085
67.307,153.88,-13.927
63.524,150.57,-13.978
59.742,147.26,-14.087
55.959,143.95,-13.909
52.177,140.64,-14.022
48.394,137.33,-14.029
44.612,134.02,-13.967
40.83,130.71,-14.069
37.047,127.4,-13.964
33.265,124.09,-14.004
29.482,120.77,-14.096
25.7,117.46,-13.888
21.917,114.15,-14.005
18.135,110.84,-14.05
14.352,107.53,-13.946
10.57,104.22,-14.052
6.8112,100.89,-14.059
3.0635,97.536,-14.084
-0.68409,94.186,-14.093
-4.4317,90.836,-14.092
-8.1793,87.487,-14.072
-11.927,84.137,-14.066
-15.675,80.787,-14.094
-19.422,77.437,-14.097
-23.17,74.088,-14.085
-26.917,70.738,-14.065
-30.665,67.388,-14.076
-33.898,63.541,-14.102
-35.035,58.644,-14.102
-36.171,53.748,-14.102
-37.308,48.852,-14.102
-38.445,43.956,-14.102
-39.582,39.059,-14.102
-40.719,34.163,-14.102
-41.855,29.267,-14.102
-42.992,24.371,-14.102
-44.129,19.474,-14.102
-45.27,14.579,-14.101
-46.697,9.7595,-14.102
-48.211,4.9664,-14.102
-49.725,0.17336,-14.102
-51.239,-4.6197,-14.102
-52.753,-9.4128,-14.102
-54.267,-14.206,-14.102
-55.781,-18.999,-14.102
-57.295,-23.792,-14.102
-58.809,-28.585,-14.102
-60.323,-33.378,-14.102
-61.837,-38.171,-14.102
-63.351,-42.964,-14.102
-64.865,-47.757,-14.102
-66.379,-52.55,-14.102
-67.893,-57.343,-14.102
-69.409,-62.136,-14.102
-71.124,-66.861,-14.102
-72.846,-71.583,-14.102
-74.568,-76.305,-14.102
-76.29,-81.028,-14.102
-78.012,-85.75,-14.102
-79.734,-90.472,-14.102
-81.456,-95.194,-14.102
-83.178,-99.917,-14.102
-84.9,-104.64,-14.102
-86.623,-109.36,-14.102
-88.341,-114.08,-14.103
-89.347,-119.01,-14.102
-90.274,-123.95,-14.102
-91.201,-128.89,-14.102
-92.128,-133.83,-14.102
-93.055,-138.77,-14.102
-93.982,-143.71,-14.102
-94.909,-148.65,-14.102
-95.836,-153.59,-14.102
-96.763,-158.53,-14.102
-97.69,-163.47,-14.102
-98.618,-168.41,-14.102
-99.545,-173.35,-14.102
-100.47,-178.29,-14.102
-101.4,-183.23,-14.102
-102.33,-188.17,-14.102
-103.25,-193.11,-14.102
-103.72,-198.12,-14.084
-103,-203.09,-14.102
-102.29,-208.07,-14.067
-101.57,-213.04,-14.082
-100.86,-218.02,-14.102
-100.14,-223,-14.07
-99.425,-227.97,-14.079
-98.709,-232.95,-14.102
-97.994,-237.92,-14.073
-97.279,-242.9,-14.077
-96.563,-247.87,-14.102
-95.848,-252.85,-14.077
-95.132,-257.82,-14.074
-94.412,-262.8,-14.103
-92.938,-267.6,-14.062
-91.429,-272.4,-14.085
-89.919,-277.19,-14.07
-88.41,-281.99,-14.059
-86.901,-286.78,-14.078
-85.391,-291.57,-14.033
-83.882,-296.37,-14.086
-82.373,-301.16,-14.007
-80.863,-305.96,-14.093
-79.354,-310.75,-13.981
-77.845,-315.55,-14.101
-76.335,-320.34,-14.009
-74.826,-325.14,-14.095
-73.317,-329.93,-14.034
-71.807,-334.73,-14.09
-70.298,-339.52,-14.056
-68.789,-344.31,-14.102
96.572,185.09,-13
92.788,181.78,-13
89.004,178.46,-13
85.22,175.15,-13
81.436,171.84,-13
77.652,168.53,-13
73.868,165.22,-13
70.084,161.91,-13
66.3,158.59,-13
62.516,155.28,-13
58.732,151.97,-13
54.948,148.66,-13
51.164,145.35,-13
47.38,142.04,-13
43.596,138.72,-13
39.812,135.41,-13
36.028,132.1,-13
32.245,128.79,-13
28.461,125.48,-13
24.677,122.17,-13
20.893,118.85,-13
17.109,115.54,-13
13.325,112.23,-13
9.5407,108.92,-13
5.7567,105.61,-13
1.9968,102.27,-13
-1.7523,98.917,-13
-5.5014,95.566,-13
-9.2506,92.215,-13
-13,88.864,-13
-16.749,85.512,-13
-20.498,82.161,-13
-24.247,78.81,-13
-27.996,75.459,-13
-31.745,72.108,-13
-35.494,68.757,-13
-38.652,65.055,-13
-39.789,60.157,-13
-40.926,55.259,-13
-42.064,50.361,-13
-43.201,45.462,-13
-44.338,40.564,-13
-45.475,35.666,-13
-46.612,30.768,-13
-47.75,25.869,-13
-48.887,20.971,-13
-50.024,16.073,-13
-51.449,11.253,-13
-52.964,6.4585,-13
-54.478,1.6635,-13
-55.993,-3.1315,-13
-57.507,-7.9264,-13
-59.022,-12.721,-13
-60.537,-17.516,-13
-62.051,-22.311,-13
-63.566,-27.106,-13
-65.08,-31.901,-13
-66.595,-36.696,-13
-68.11,-41.491,-13
-69.624,-46.286,-13
-71.139,-51.081,-13
-72.654,-55.876,-13
-74.168,-60.671,-13
-75.883,-65.398,-13
-77.606,-70.122,-13
-79.329,-74.846,-13
-81.052,-79.571,-13
-82.774,-84.295,-13
-84.497,-89.019,-13
-86.22,-93.743,-13
-87.943,-98.467,-13
-89.666,-103.19,-13
-91.388,-107.92,-13
-93.111,-112.64,-13
-94.117,-117.56,-13
-95.045,-122.5,-13
-95.972,-127.44,-13
-96.899,-132.39,-13
-97.827,-137.33,-13
-98.754,-142.27,-13
-99.682,-147.21,-13
-100.61,-152.16,-13
-101.54,-157.1,-13
-102.46,-162.04,-13
-103.39,-166.98,-13
-104.32,-171.93,-13
-105.25,-176.87,-13
-106.17,-181.81,-13
-107.1,-186.75,-13
-108.03,-191.69,-13
-108.5,-196.65,-13
-107.79,-201.62,-13
-107.07,-206.6,-13
-106.36,-211.58,-13
-105.64,-216.56,-13
-104.92,-221.53,-13
-104.21,-226.51,-13
-103.49,-231.49,-13
-102.78,-236.46,-13
-102.06,-241.44,-13
-101.35,-246.42,-13
-100.63,-251.4,-13
-99.914,-256.37,-13
-99.198,-261.35,-13
-97.724,-266.16,-13
-96.214,-270.95,-13
-94.705,-275.75,-13
-93.195,-280.55,-13
-91.685,-285.34,-13
-90.175,-290.14,-13
-88.665,-294.93,-13
-87.155,-299.73,-13
-85.645,-304.53,-13
-84.135,-309.32,-13
-82.625,-314.12,-13
-81.115,-318.92,-13
-79.605,-323.71,-13
-78.095,-328.51,-13
-76.585,-333.31,-13
-75.075,-338.1,-13
-73.565,-342.9,-13
