1942,1943,2063
697,696,576
2486,2485,2365
2066,1945,1946
1696,1575,1576
1703,1582,1583
2335,2456,2455
2502,2381,2382
1737,1617,1738
1672,1673,1793
1630,1751,1750
2422,2423,2543
1393,1513,1392
725,604,605
1139,1138,1018
400,401,521
743,622,623
348,468,347
357,358,478
249,250,370
159,39,160
261,262,382
278,157,158
379,259,380
279,278,158
24,145,144
537,416,417
280,279,159
251,130,131
613,612,492
375,374,254
645,524,525
854,734,855
610,611,731
875,874,754
292,293,413
534,533,413
762,882,761
1076,1075,955
751,750,630
931,1051,930
372,493,492
1733,1613,1734
1232,1111,1112
2115,2116,2236
1472,1592,1471
2324,2325,2445
2239,2360,2359
1876,1756,1877
1602,1723,1722
695,574,575
666,787,786
1292,1291,1171
1458,1579,1578
1914,1915,2035
2136,2016,2137
1654,1775,1774
1468,1589,1588
2332,2333,2453
1561,1681,1560
2185,2306,2305
2145,2265,2144
2258,2379,2378
2055,1934,1935
2155,2034,2035
2006,2007,2127
1564,1685,1684
1687,1567,1688
2636,2756,2635
1083,1204,1203
1390,1269,1270
962,1083,1082
1185,1184,1064
1017,1018,1138
1180,1181,1301
1069,1070,1190
1308,1188,1309
589,709,588
938,1058,937
327,206,207
757,636,637
445,446,566
830,831,951
723,602,603
85,206,205
365,244,245
156,276,155
144,23,24
367,368,488
504,624,503
752,631,632
151,272,271
509,630,629
634,635,755
255,135,256
133,132,12
152,31,32
37,157,36
295,175,296
159,38,39
285,164,165
409,288,289
449,329,450
166,287,286
389,269,390
270,391,390
155,275,154
30,151,150
161,162,282
408,287,288
633,512,513
761,760,640
756,757,877
897,1018,1017
645,646,766
764,885,884
651,652,772
896,775,776
1254,1253,1133
1031,910,911
1119,1239,1118
1297,1296,1176
993,994,1114
880,881,1001
1501,1381,1502
981,1102,1101
1342,1462,1341
1507,1386,1387
1240,1361,1360
1092,1093,1213
977,976,856
1128,1129,1249
737,857,736
739,618,619
871,872,992
1116,995,996
734,735,855
616,736,615
730,610,731
740,860,739
1228,1107,1108
971,1091,970
615,736,735
737,616,617
856,855,735
987,866,867
1583,1462,1463
1216,1337,1336
1464,1465,1585
1588,1589,1709
1585,1465,1586
1589,1590,1710
1476,1477,1597
1603,1482,1483
1954,1953,1833
2013,1892,1893
1951,1950,1830
1860,1739,1740
2183,2182,2062
2544,2424,2545
2322,2201,2202
1833,1832,1712
1707,1586,1587
2312,2313,2433
2666,2667,2787
2545,2546,2666
2789,2669,2790
2791,2790,2670
2667,2668,2788
2803,2923,2802
2789,2668,2669
2677,2798,2797
2707,2706,2586
2546,2426,2547
2554,2675,2674
2557,2436,2437
2565,2445,2566
2197,2198,2318
2465,2344,2345
2219,2340,2339
2479,2359,2480
2329,2328,2208
2580,2581,2701
2912,2791,2792
2432,2433,2553
2583,2703,2582
2457,2578,2577
2826,2825,2705
2702,2581,2582
2225,2224,2104
2230,2231,2351
1841,1720,1721
1712,1711,1591
2339,2218,2219
2219,2220,2340
1958,1837,1838
1712,1832,1711
1972,1852,1973
1852,1732,1853
1839,1718,1719
1713,1592,1593
1478,1599,1598
1844,1723,1724
1488,1609,1608
1613,1614,1734
1378,1499,1498
1493,1494,1614
1612,1491,1492
1738,1739,1859
1564,1443,1444
1648,1649,1769
1867,1988,1987
2134,2133,2013
1875,1995,1874
1752,1751,1631
1882,1883,2003
2053,2052,1932
2002,2123,2122
2068,2067,1947
2239,2238,2118
2369,2370,2490
2229,2109,2230
2233,2234,2354
1874,1995,1994
1987,1988,2108
2704,2583,2584
2518,2517,2397
2244,2245,2365
2481,2360,2361
2829,2949,2828
2826,2706,2827
2752,2753,2873
2365,2245,2366
2369,2489,2368
2238,2359,2358
2363,2364,2484
2242,2243,2363
2367,2488,2487
2385,2265,2386
2493,2494,2614
2252,2131,2132
2396,2395,2275
2401,2522,2521
2588,2709,2708
2880,2881,3001
3005,3004,2884
2509,2388,2389
2157,2277,2156
2762,2883,2882
2634,2754,2633
2524,2403,2404
2888,2768,2889
2041,2162,2161
2170,2169,2049
2654,2655,2775
1767,1887,1766
2023,1902,1903
2041,2042,2162
2134,2014,2135
1550,1551,1671
1807,1806,1686
1689,1568,1569
1930,1929,1809
1437,1558,1557
1202,1322,1201
1675,1674,1554
1813,1693,1814
1809,1808,1688
1550,1430,1551
1329,1328,1208
1079,1200,1199
1086,1085,965
790,910,789
1568,1447,1448
1209,1089,1210
1045,1166,1165
1305,1185,1306
1081,1201,1080
1314,1313,1193
1146,1267,1266
1305,1426,1425
1418,1297,1298
1446,1445,1325
1202,1323,1322
1323,1324,1444
1293,1173,1294
1140,1139,1019
1146,1266,1145
1302,1422,1301
1371,1251,1372
1512,1391,1392
1257,1377,1256
1392,1513,1512
786,907,906
1161,1040,1041
1153,1032,1033
1029,908,909
1039,919,1040
914,915,1035
788,908,787
1081,961,1082
788,789,909
1081,960,961
664,544,665
967,847,968
597,717,596
431,432,552
963,843,964
673,794,793
407,286,287
673,553,674
181,180,60
168,167,47
190,189,69
195,196,316
425,424,304
690,569,570
453,333,454
302,301,181
220,341,340
582,462,583
450,329,330
455,575,454
224,344,223
345,346,466
603,483,604
224,223,103
107,108,228
351,472,471
234,354,233
225,345,224
131,10,11
134,254,133
125,124,4
262,142,263
134,133,13
137,138,258
259,260,380
258,138,259
266,146,267
123,124,244
132,133,253
256,376,255
486,487,607
629,508,509
606,486,607
489,369,490
486,366,487
730,609,610
736,856,735
608,488,609
615,735,614
739,860,859
858,857,737
493,614,613
487,366,367
136,137,257
502,382,503
505,385,506
381,382,502
266,387,386
508,507,387
389,388,268
508,387,388
494,614,493
376,497,496
625,504,505
385,505,384
632,633,753
757,878,877
633,632,512
764,765,885
630,510,631
658,537,538
268,147,148
513,393,514
527,406,407
392,512,391
386,385,265
139,259,138
274,154,275
25,145,24
259,139,260
142,143,263
141,142,262
264,384,263
28,149,148
150,271,270
149,270,269
151,30,31
156,35,36
157,37,158
278,277,157
156,277,276
397,396,276
154,274,153
405,404,284
281,160,161
285,284,164
290,291,411
160,39,40
164,43,44
58,178,57
187,308,307
185,306,305
181,301,180
161,160,40
297,177,298
429,309,430
167,46,47
170,290,169
293,292,172
291,170,171
171,172,292
537,417,538
412,411,291
280,281,401
543,423,544
537,657,536
408,529,528
660,539,540
415,416,536
546,547,667
421,422,542
671,551,672
545,546,666
668,788,667
654,653,533
662,782,661
664,663,543
539,418,419
662,542,663
907,786,787
634,633,513
655,656,776
887,767,888
766,646,767
408,407,287
402,403,523
410,530,409
409,530,529
516,396,517
399,398,278
524,523,403
401,400,280
645,644,524
515,394,395
760,639,640
639,638,518
765,645,766
644,643,523
756,636,757
761,882,881
886,1006,885
880,759,760
1131,1010,1011
879,878,758
1131,1011,1132
1003,882,883
1138,1137,1017
1002,1001,881
771,891,770
768,767,647
892,891,771
767,646,647
895,894,774
531,652,651
904,783,784
839,959,838
1028,907,908
783,903,782
667,788,787
934,813,814
1030,909,910
908,788,909
1151,1150,1030
1027,1026,906
1141,1142,1262
1029,909,1030
1022,1142,1021
1018,897,898
1025,904,905
901,780,781
1149,1148,1028
1022,1021,901
1266,1267,1387
1245,1124,1125
1152,1032,1153
1391,1270,1271
1035,1156,1155
1419,1418,1298
1389,1268,1269
1152,1273,1272
1383,1262,1263
1259,1138,1139
1267,1147,1268
1172,1293,1292
1379,1258,1259
1258,1138,1259
1268,1388,1267
1388,1389,1509
1381,1261,1382
1264,1143,1144
1136,1256,1135
1002,1123,1122
1250,1249,1129
1254,1134,1255
1132,1133,1253
1121,1120,1000
1252,1131,1132
1130,1010,1131
1243,1242,1122
1120,1119,999
1122,1123,1243
1248,1247,1127
1242,1362,1241
1366,1487,1486
1488,1368,1489
1367,1487,1366
1370,1490,1369
1125,1126,1246
1477,1357,1478
1607,1487,1608
1105,1226,1225
1241,1362,1361
1348,1227,1228
1353,1474,1473
1233,1354,1353
1355,1234,1235
1234,1233,1113
1109,1108,988
1229,1350,1349
1235,1236,1356
1236,1116,1237
1112,991,992
1356,1236,1357
1238,1358,1237
1236,1115,1116
1360,1361,1481
1112,992,1113
877,878,998
872,873,993
994,873,874
992,872,993
621,741,620
997,996,876
874,753,754
869,989,868
744,864,743
749,748,628
744,865,864
1233,1232,1112
1110,989,990
1102,981,982
863,862,742
1113,992,993
991,871,992
1228,1227,1107
1103,1102,982
1111,1231,1110
1107,987,1108
866,986,865
862,741,742
987,986,866
743,863,742
607,727,606
732,853,852
607,728,727
607,608,728
1094,1093,973
981,861,982
1105,1106,1226
859,858,738
865,986,985
981,860,861
1097,1098,1218
1458,1338,1459
1221,1220,1100
1095,975,1096
1104,1224,1103
1223,1103,1224
1228,1229,1349
983,1103,982
1222,1221,1101
1351,1471,1350
1230,1351,1350
1352,1473,1472
1095,1096,1216
1222,1102,1223
1338,1217,1218
1591,1471,1592
1110,1231,1230
1231,1352,1351
1576,1575,1455
1334,1454,1333
1465,1464,1344
1587,1588,1708
1576,1697,1696
1829,1828,1708
1584,1585,1705
1586,1706,1585
1591,1590,1470
1591,1711,1590
1472,1593,1592
1838,1718,1839
1468,1469,1589
1710,1590,1711
1346,1347,1467
1350,1471,1470
1474,1475,1595
1598,1718,1597
1477,1598,1597
1599,1720,1719
1361,1482,1481
1603,1604,1724
1361,1362,1482
1484,1363,1364
1844,1843,1723
1845,1844,1724
1601,1602,1722
1850,1849,1729
1715,1716,1836
1717,1837,1716
1715,1595,1716
1597,1718,1717
1840,1720,1841
1599,1600,1720
1840,1961,1960
1836,1716,1837
1960,1959,1839
1838,1717,1718
1842,1841,1721
1840,1719,1720
1602,1603,1723
1732,1611,1612
2095,2094,1974
2063,2183,2062
1987,1866,1867
1995,2116,2115
1838,1959,1958
2201,2081,2202
2185,2064,2065
2216,2095,2096
1842,1963,1962
2204,2084,2205
1942,1941,1821
2072,1952,2073
1939,2060,2059
1944,1943,1823
1822,1702,1823
1833,1953,1832
1836,1957,1956
2201,2080,2081
1940,1939,1819
1947,1948,2068
1576,1577,1697
1826,1946,1825
2059,1938,1939
2546,2425,2426
1944,2064,1943
2323,2202,2203
2195,2075,2196
2197,2077,2198
2305,2184,2185
2180,2181,2301
2303,2304,2424
2060,2061,2181
2061,2062,2182
2067,2068,2188
2197,2076,2077
2551,2550,2430
2434,2313,2314
2556,2555,2435
2552,2551,2431
2301,2422,2421
2664,2785,2784
2423,2303,2424
2548,2428,2549
2182,2183,2303
2306,2427,2426
2543,2544,2664
2424,2425,2545
2548,2668,2547
2666,2786,2665
2912,2911,2791
2786,2907,2906
2789,2788,2668
2913,2912,2792
2672,2673,2793
2793,2914,2913
2549,2550,2670
2552,2672,2551
2793,2913,2792
2437,2558,2557
2684,2683,2563
2680,2560,2681
2565,2686,2685
2557,2677,2556
2675,2554,2555
2555,2556,2676
2931,2810,2811
2925,2805,2926
2807,2927,2806
2930,2929,2809
2934,2933,2813
2572,2571,2451
2570,2691,2690
2569,2690,2689
2691,2812,2811
2814,2935,2934
2687,2686,2566
2444,2324,2445
2688,2568,2689
2445,2325,2446
2449,2570,2569
2316,2437,2436
2559,2439,2560
2322,2323,2443
2688,2567,2568
2309,2189,2310
2314,2315,2435
2195,2196,2316
2317,2437,2316
2316,2196,2317
2069,2190,2189
2442,2441,2321
2199,2198,2078
2330,2329,2209
2086,2206,2085
2213,2214,2334
2086,2207,2206
2338,2217,2218
2090,1969,1970
2230,2110,2231
2226,2227,2347
2098,2218,2097
2228,2229,2349
2217,2096,2097
2341,2221,2342
2210,2211,2331
2216,2336,2215
2207,2208,2328
2334,2335,2455
2212,2213,2333
2335,2336,2456
2331,2332,2452
2452,2572,2451
2577,2698,2697
2448,2569,2568
2692,2693,2813
2692,2572,2693
2693,2694,2814
2693,2572,2573
2820,2699,2700
2575,2696,2695
2814,2934,2813
2696,2697,2817
2694,2693,2573
2342,2343,2463
2337,2457,2336
2461,2460,2340
2829,2708,2709
2705,2704,2584
2591,2592,2712
2465,2586,2585
2943,2942,2822
2821,2820,2700
2947,2827,2948
2952,2831,2832
2831,2830,2710
2845,2966,2965
2612,2732,2611
2341,2461,2340
2589,2709,2588
2356,2357,2477
2341,2462,2461
2360,2480,2359
2465,2464,2344
2707,2587,2708
2710,2709,2589
2587,2707,2586
2463,2343,2464
2345,2346,2466
2225,2226,2346
2222,2101,2102
2107,2108,2228
2232,2233,2353
2111,2112,2232
2235,2236,2356
2479,2358,2359
2355,2354,2234
1990,2111,2110
2221,2220,2100
2117,2237,2116
2113,2233,2112
1863,1983,1862
2110,2111,2231
1987,1986,1866
2113,2114,2234
1986,1865,1866
1873,1874,1994
1975,1854,1855
2109,1989,2110
2218,2217,2097
1963,1964,2084
2105,2225,2104
1979,2099,1978
2226,2225,2105
2104,1983,1984
2092,1971,1972
2207,2087,2208
1977,2097,1976
2098,2219,2218
2087,2088,2208
2210,2090,2211
1973,2093,1972
2214,2213,2093
1969,1968,1848
2092,1972,2093
1850,1971,1970
1973,1974,2094
1974,1973,1853
2095,1975,2096
1854,1975,1974
1975,1976,2096
1862,1982,1861
1979,1980,2100
1971,1851,1972
1726,1727,1847
1503,1624,1623
1738,1618,1739
1729,1849,1728
1724,1604,1725
1969,1848,1849
1845,1965,1844
1485,1486,1606
1483,1362,1363
1367,1368,1488
1492,1493,1613
1493,1373,1494
1497,1618,1617
1495,1374,1375
1500,1621,1620
1378,1379,1499
1502,1622,1501
1500,1380,1501
1741,1740,1620
1384,1385,1505
1509,1510,1630
1871,1870,1750
1742,1862,1741
1872,1871,1751
1877,1878,1998
1753,1633,1754
1760,1761,1881
1876,1877,1997
1878,1879,1999
1643,1523,1644
1632,1752,1631
1754,1874,1753
1873,1872,1752
1412,1533,1532
1392,1272,1393
1643,1763,1642
1762,1883,1882
1885,2005,1884
1882,1881,1761
1879,1758,1759
1882,2002,1881
2128,2127,2007
1996,2116,1995
1645,1765,1644
1887,1767,1888
2009,1888,1889
1886,1765,1766
1768,1648,1769
1764,1885,1884
1652,1773,1772
1889,1768,1769
1771,1770,1650
1641,1762,1761
1777,1776,1656
1891,1892,2012
1777,1656,1657
1651,1530,1531
1659,1780,1779
1897,1776,1777
1780,1781,1901
2155,2035,2156
2025,1904,1905
2159,2158,2038
1646,1767,1766
1889,1769,1890
2010,2131,2130
2132,2133,2253
2022,2143,2142
2019,2020,2140
2010,2011,2131
2133,2254,2253
2251,2131,2252
2262,2263,2383
2142,2262,2141
2140,2141,2261
2258,2257,2137
2263,2264,2384
2268,2388,2267
2373,2372,2252
2269,2270,2390
2390,2511,2510
2375,2374,2254
2371,2370,2250
2382,2383,2503
2376,2377,2497
2257,2136,2137
2260,2380,2259
2375,2376,2496
2373,2494,2493
2249,2128,2129
2253,2374,2373
2247,2126,2127
2251,2372,2371
2132,2253,2252
2254,2374,2253
2244,2123,2124
2122,2242,2121
2249,2248,2128
2126,2005,2006
2238,2117,2118
2364,2244,2365
2362,2363,2483
2364,2485,2484
2364,2365,2485
2366,2487,2486
2486,2607,2606
2485,2606,2605
2367,2487,2366
2488,2608,2487
2613,2492,2493
2608,2607,2487
2498,2618,2497
2489,2488,2368
2621,2622,2742
2602,2601,2481
2743,2623,2744
2611,2610,2490
2721,2720,2600
2607,2608,2728
2485,2486,2606
2609,2610,2730
2492,2612,2491
2490,2610,2489
2853,2973,2852
2599,2600,2720
2604,2724,2603
2727,2606,2607
2964,2843,2844
2968,2847,2848
2969,2968,2848
2850,2970,2849
2733,2853,2732
2729,2728,2608
2858,2978,2857
2851,2730,2731
2976,2855,2856
2861,2740,2741
2495,2616,2615
2982,2981,2861
2739,2738,2618
2988,2987,2867
2862,2861,2741
2983,2862,2863
2990,2869,2870
2743,2742,2622
2874,2994,2873
2747,2868,2867
2747,2867,2746
2619,2739,2618
2986,2866,2987
2868,2989,2988
2866,2746,2867
2869,2989,2868
2628,2629,2749
2495,2494,2374
2630,2631,2751
2621,2620,2500
2737,2738,2858
2736,2735,2615
2740,2739,2619
2615,2614,2494
2738,2737,2617
2616,2736,2615
2376,2497,2496
2617,2616,2496
2509,2508,2388
2501,2381,2502
2390,2510,2389
2385,2506,2505
2512,2511,2391
2630,2629,2509
2391,2271,2392
2394,2514,2393
2289,2290,2410
2526,2405,2406
2399,2278,2279
2643,2523,2644
2416,2295,2296
2411,2532,2531
2400,2401,2521
2524,2404,2525
2645,2766,2765
2625,2624,2504
2389,2268,2269
2393,2514,2513
2642,2521,2522
2520,2640,2519
2517,2637,2516
2636,2637,2757
2759,2758,2638
2759,2880,2879
2996,2875,2876
2874,2753,2754
2757,2756,2636
2754,2753,2633
2997,2876,2877
2884,3004,2883
2518,2639,2638
2639,2759,2638
3000,2999,2879
2878,2757,2758
2528,2529,2649
2642,2762,2641
2894,2895,3015
2892,3012,2891
2895,2896,3016
3012,3011,2891
2886,3006,2885
2775,2895,2774
2898,2899,3019
2900,2901,3021
3020,2899,2900
3023,2902,2903
2780,2900,2779
2903,2904,3024
2780,2901,2900
2412,2533,2532
2781,2782,2902
2661,2662,2782
2782,2903,2902
2773,2772,2652
2775,2896,2895
2529,2530,2650
2778,2657,2658
2407,2528,2527
2773,2653,2774
2407,2408,2528
2051,2171,2050
2409,2410,2530
2282,2283,2403
2537,2536,2416
2410,2409,2289
2418,2538,2417
2411,2410,2290
2291,2292,2412
2417,2537,2416
2298,2418,2297
2295,2174,2175
2298,2419,2418
2540,2419,2420
2418,2417,2297
2172,2292,2171
2171,2292,2291
2173,2172,2052
2294,2174,2295
2529,2408,2409
2165,2285,2164
2280,2400,2279
2163,2162,2042
2413,2414,2534
2412,2413,2533
2276,2397,2396
2395,2394,2274
2398,2278,2399
2027,2028,2148
2388,2268,2389
2391,2511,2390
2266,2145,2146
2275,2276,2396
2157,2156,2036
2146,2267,2266
2031,1910,1911
2163,2042,2043
2163,2283,2162
2279,2278,2158
2285,2284,2164
2162,2282,2161
2169,2289,2168
2287,2166,2167
2033,1912,1913
1916,2036,1915
2159,2038,2039
2167,2047,2168
2152,2031,2032
1905,1904,1784
2154,2153,2033
2031,2030,1910
2030,1909,1910
1907,1906,1786
1791,1671,1792
1668,1547,1548
1553,1674,1673
1552,1551,1431
1678,1679,1799
1793,1794,1914
1555,1556,1676
1555,1675,1554
1684,1805,1804
1801,1800,1680
1681,1801,1680
1678,1798,1677
1922,1921,1801
1798,1797,1677
1803,1923,1802
1923,1922,1802
2041,2040,1920
1921,1800,1801
2056,2055,1935
1810,1931,1930
1805,1684,1685
1683,1682,1562
1804,1805,1925
1803,1682,1683
1927,1807,1928
1806,1685,1686
1687,1688,1808
1566,1565,1445
1689,1690,1810
1688,1567,1568
1678,1557,1558
1323,1443,1322
1564,1565,1685
1442,1563,1562
1448,1447,1327
1446,1566,1445
1570,1691,1690
1567,1447,1568
1328,1327,1207
1326,1446,1325
1450,1451,1571
1569,1568,1448
964,1085,1084
1083,1203,1082
829,828,708
845,966,965
695,694,574
843,844,964
602,723,722
724,844,723
841,720,721
959,839,960
713,833,712
839,840,960
1199,1319,1198
1186,1187,1307
1203,1202,1082
1203,1323,1202
1205,1326,1325
1324,1323,1203
1191,1311,1190
1189,1309,1188
1059,1179,1058
941,1061,940
802,922,801
921,801,922
1069,948,949
949,948,828
701,822,821
692,691,571
830,950,829
789,788,668
1303,1182,1183
1059,1180,1179
1305,1184,1185
1182,1061,1062
1176,1175,1055
934,1054,933
1416,1536,1415
1282,1403,1402
1302,1182,1303
1429,1308,1309
1430,1429,1309
1432,1311,1312
1189,1190,1310
1317,1318,1438
1435,1436,1556
1558,1559,1679
1436,1437,1557
1681,1561,1682
1665,1666,1786
1665,1664,1544
1434,1555,1554
1556,1677,1676
1797,1676,1677
1797,1796,1676
1297,1177,1298
1306,1426,1305
1659,1779,1658
1412,1532,1411
1177,1297,1176
1174,1175,1295
1408,1287,1288
1291,1290,1170
1162,1283,1282
1284,1283,1163
1408,1407,1287
1285,1164,1165
1650,1530,1651
1273,1393,1272
1412,1411,1291
1406,1527,1526
1425,1304,1305
1423,1544,1543
1516,1515,1395
1527,1528,1648
1764,1644,1765
1634,1513,1514
1393,1514,1513
1765,1645,1766
1634,1754,1633
1515,1635,1514
1274,1275,1395
1269,1268,1148
1276,1397,1396
1398,1518,1397
1277,1278,1398
1399,1400,1520
1409,1529,1408
1402,1522,1401
1400,1279,1280
1154,1155,1275
1285,1165,1286
912,913,1033
929,1049,928
1169,1048,1049
909,789,910
1039,918,919
1150,1149,1029
1146,1145,1025
671,792,791
915,916,1036
674,794,673
795,916,915
667,547,668
800,680,801
674,675,795
797,918,917
807,928,927
790,911,910
692,693,813
1054,934,1055
808,929,928
1051,931,1052
1169,1170,1290
1053,1054,1174
1170,1169,1049
1416,1296,1417
933,1054,1053
1173,1172,1052
1299,1298,1178
1175,1054,1055
683,562,563
698,699,819
936,1057,1056
1177,1176,1056
814,693,694
817,818,938
574,694,573
571,450,451
449,448,328
453,574,573
447,326,327
451,572,571
336,457,456
697,576,577
445,566,565
680,681,801
689,688,568
568,688,567
567,688,687
689,810,809
566,446,567
690,570,691
677,557,678
802,682,803
678,557,558
683,684,804
548,549,669
552,673,672
435,436,556
560,681,680
303,423,302
551,431,552
547,548,668
547,427,548
427,307,428
438,437,317
563,562,442
805,684,685
443,564,563
807,686,687
71,72,192
443,323,444
198,199,319
442,322,443
185,186,306
187,188,308
310,309,189
320,321,441
67,68,188
188,309,308
188,189,309
194,195,315
64,65,185
76,196,75
205,84,85
89,210,209
325,324,204
199,79,200
203,324,323
328,327,207
451,330,331
208,329,328
451,331,452
210,331,330
455,456,576
338,337,217
213,214,334
85,86,206
95,96,216
226,105,106
104,224,103
356,355,235
107,227,106
228,229,349
109,230,229
229,230,350
101,221,100
95,215,94
104,225,224
225,226,346
226,225,105
226,347,346
335,215,336
338,458,337
218,217,97
218,338,217
337,458,457
580,460,581
828,707,708
702,581,582
831,710,711
709,708,588
598,719,718
588,467,468
341,342,462
710,589,590
227,348,347
348,469,468
231,232,352
353,474,473
717,718,838
596,716,595
360,481,480
233,353,232
837,717,838
714,593,594
718,719,839
596,717,716
601,722,721
723,844,843
724,723,603
601,600,480
362,482,361
229,228,108
722,601,602
349,469,348
604,483,484
715,594,595
240,361,360
237,357,236
483,363,484
237,238,358
351,231,352
354,474,353
238,359,358
241,120,121
233,232,112
240,360,239
114,235,234
362,361,241
237,116,117
2,3,123
3,4,124
243,123,244
122,2,123
126,246,125
123,3,124
5,125,4
126,127,247
7,127,6
128,249,248
126,125,5
126,5,6
128,127,7
129,128,8
9,129,8
131,130,10
132,11,12
132,131,11
15,136,135
15,135,14
136,256,135
8,128,7
252,251,131
13,133,12
134,255,254
14,135,134
130,129,9
252,131,132
10,130,9
252,132,253
250,129,130
254,374,253
14,134,13
135,255,134
128,129,249
253,374,373
133,254,253
255,375,254
127,128,248
369,370,490
129,250,249
370,371,491
130,251,250
493,373,494
489,368,369
245,244,124
246,126,247
249,369,248
124,125,245
248,368,247
247,127,248
126,6,127
1,2,122
122,123,243
485,365,486
364,244,365
246,245,125
366,365,245
368,367,247
366,245,246
246,367,366
246,247,367
248,369,368
250,251,371
249,370,369
493,372,373
250,371,370
251,252,372
485,486,606
365,366,486
494,615,614
490,370,491
243,244,364
364,365,485
487,608,607
487,488,608
610,609,489
487,367,488
608,729,728
608,609,729
488,489,609
611,491,612
734,733,613
611,490,491
732,733,853
612,613,733
610,489,490
488,368,489
733,732,612
610,490,611
735,734,614
612,491,492
616,615,495
492,371,372
375,495,374
618,497,498
496,616,495
617,738,737
858,737,738
736,616,737
617,618,738
860,740,861
617,497,618
620,741,740
375,496,495
618,498,619
496,617,616
496,497,617
375,376,496
498,499,619
495,494,374
495,615,494
499,498,378
499,620,619
613,492,493
491,371,492
251,372,371
373,374,494
252,373,372
252,253,373
376,375,255
376,377,497
377,376,256
377,498,497
257,378,377
378,498,377
499,378,379
377,256,257
500,499,379
500,620,499
500,379,380
378,257,258
260,381,380
382,383,503
381,502,501
503,623,502
623,622,502
503,383,504
625,624,504
504,383,384
501,500,380
501,622,621
381,501,380
502,622,501
742,741,621
621,500,501
624,623,503
745,625,746
743,742,622
620,500,621
744,743,623
988,867,868
624,745,744
746,867,866
624,625,745
747,867,746
506,627,626
868,748,869
626,625,505
627,748,747
625,626,746
746,626,747
508,628,507
628,748,627
749,628,629
627,507,628
506,626,505
627,747,626
631,751,630
628,508,629
754,753,633
631,511,632
754,633,634
632,511,512
388,509,508
510,511,631
753,752,632
630,509,510
514,634,513
511,510,390
635,634,514
512,511,391
635,514,515
513,512,392
627,506,507
505,504,384
388,389,509
509,389,510
507,506,386
383,263,384
507,386,387
385,264,265
272,393,392
392,393,513
271,392,391
393,394,514
271,272,392
516,395,396
270,390,269
391,511,390
270,149,150
273,393,272
148,147,27
148,269,268
148,149,269
271,391,270
386,265,266
264,263,143
387,267,388
266,145,146
145,266,265
267,387,266
267,268,388
267,147,268
269,389,268
390,510,389
260,261,381
381,261,382
506,385,386
384,264,385
136,257,256
258,379,378
137,258,257
259,379,258
136,15,16
260,140,261
137,17,138
140,141,261
139,140,260
262,383,382
141,262,261
263,383,262
144,264,143
141,21,142
138,18,139
139,19,140
265,264,144
142,21,22
18,138,17
19,139,18
16,137,136
17,137,16
20,140,19
141,20,21
141,140,20
143,22,23
143,142,22
146,147,267
26,147,146
265,144,145
143,23,144
25,146,145
25,26,146
152,272,151
148,27,28
273,272,152
150,29,30
27,147,26
29,149,28
271,150,151
149,29,150
33,154,153
34,154,33
155,154,34
37,38,158
157,156,36
155,34,35
277,156,157
155,35,156
273,152,153
151,31,152
32,153,152
32,33,153
276,275,155
274,273,153
278,398,277
396,275,276
395,274,275
395,394,274
517,396,397
395,275,396
279,399,278
522,402,523
158,159,279
281,402,401
280,159,160
158,38,159
160,281,280
282,402,281
41,161,40
285,165,286
161,282,281
283,403,282
282,162,283
285,286,406
282,403,402
528,527,407
283,162,163
286,407,406
526,406,527
405,285,406
410,289,290
288,287,167
165,164,44
166,167,287
45,166,165
167,168,288
45,46,166
168,289,288
45,165,44
166,286,165
166,46,167
169,289,168
41,162,161
163,284,283
164,163,43
164,284,163
42,162,41
163,42,43
163,162,42
168,47,48
169,48,49
169,49,170
49,50,170
50,171,170
291,290,170
168,48,169
173,52,53
50,51,171
175,176,296
173,172,52
55,56,176
173,53,174
53,54,174
54,175,174
55,175,54
298,177,178
57,178,177
180,59,60
179,178,58
61,181,60
182,302,181
182,61,62
182,181,61
55,176,175
299,178,179
56,177,176
56,57,177
59,180,179
174,175,295
297,418,417
176,177,297
299,419,298
178,299,298
300,301,421
59,179,58
180,300,179
299,300,420
425,426,546
302,423,422
424,303,304
176,297,296
298,418,297
179,300,299
301,422,421
180,301,300
302,422,301
535,415,536
295,296,416
294,295,415
417,418,538
295,294,174
172,51,52
415,295,416
294,173,174
410,290,411
289,169,290
293,172,173
171,51,172
291,292,412
291,171,292
292,413,412
414,415,535
414,294,415
293,173,294
411,532,531
408,288,409
412,532,411
409,289,410
654,534,655
524,403,404
534,535,655
531,410,411
536,656,535
534,414,535
537,658,657
534,413,414
412,533,532
412,413,533
293,414,413
293,294,414
296,417,416
296,297,417
541,540,420
418,298,419
541,420,421
419,299,420
541,421,542
420,300,421
543,663,542
540,419,420
665,544,545
543,422,423
539,659,538
536,416,537
661,660,540
538,418,539
661,540,541
539,419,540
541,542,662
904,784,905
664,543,544
542,422,543
667,666,546
544,423,424
545,666,665
667,787,666
902,782,903
663,664,784
541,662,661
663,783,662
654,533,534
659,780,779
538,659,658
660,780,659
539,660,659
661,782,781
652,531,532
779,780,900
535,656,655
657,658,778
775,654,655
531,651,530
536,657,656
658,659,779
533,653,532
530,410,531
653,652,532
651,650,530
773,772,652
525,646,645
775,774,654
773,652,653
653,654,774
656,657,777
649,770,769
648,768,647
648,649,769
772,773,893
643,764,763
764,644,765
886,765,766
764,643,644
765,644,645
636,635,515
648,647,527
402,522,401
646,525,526
649,650,770
527,528,648
650,771,770
648,528,649
651,771,650
650,649,529
526,405,406
409,529,408
530,650,529
404,405,525
284,285,405
408,528,407
529,649,528
644,523,524
400,520,399
283,404,403
283,284,404
643,522,523
521,520,400
647,646,526
524,404,525
647,526,527
525,405,526
641,640,520
518,397,398
522,521,401
522,643,642
277,398,397
399,520,519
279,400,399
279,280,400
273,394,393
273,274,394
277,397,276
519,520,640
637,636,516
514,394,515
518,638,517
515,395,516
519,639,518
517,397,518
519,640,639
640,641,761
521,641,520
641,642,762
398,519,518
398,399,519
642,641,521
642,763,762
517,638,637
639,760,759
522,642,521
643,763,642
516,636,515
879,759,880
878,757,758
756,635,636
517,637,516
638,758,637
637,758,757
881,760,761
638,759,758
638,639,759
641,762,761
763,884,883
1007,1006,886
884,763,764
1006,1005,885
883,762,763
887,1007,886
885,765,886
1000,880,1001
879,758,759
1004,1003,883
882,762,883
1002,881,882
880,760,881
1003,1002,882
1003,1123,1002
884,1004,883
1246,1126,1247
1003,1124,1123
1130,1251,1250
1003,1004,1124
1131,1251,1130
1006,1127,1126
1006,1007,1127
1005,1004,884
1005,1126,1125
885,1005,884
1006,1126,1005
887,1008,1007
1008,1129,1128
890,1011,1010
887,766,767
1012,1132,1011
1009,888,889
1009,1008,888
1009,1129,1008
1133,1134,1254
889,888,768
1133,1013,1134
1135,1255,1134
1014,1135,1134
1136,1137,1257
890,891,1011
1013,1014,1134
892,1013,1012
1014,1015,1135
894,1014,893
1258,1137,1138
772,892,771
893,1013,892
774,894,773
1014,1013,893
767,768,888
891,1012,1011
770,891,890
892,1012,891
766,887,886
888,1008,887
769,768,648
769,889,768
1010,889,890
1010,1009,889
890,769,770
890,889,769
892,772,893
771,651,772
895,774,775
773,653,774
896,776,897
775,655,776
896,895,775
1015,1014,894
1017,896,897
1017,1016,896
898,899,1019
897,776,777
1020,900,1021
899,898,778
898,777,778
776,656,777
899,778,779
777,657,778
899,779,900
778,658,779
660,781,780
660,661,781
662,783,782
784,785,905
663,784,783
664,665,785
664,785,784
907,787,908
665,786,785
665,666,786
1029,1028,908
906,785,786
902,901,781
900,780,901
1023,902,903
902,781,782
1027,906,907
905,785,906
904,1025,1024
1023,1022,902
1145,1144,1024
1021,900,901
783,904,903
1148,1027,1028
1147,1146,1026
1024,903,904
1149,1028,1029
1027,907,1028
1037,1157,1036
1156,1276,1155
1145,1024,1025
1023,903,1024
905,1026,1025
905,906,1026
1027,1147,1026
1148,1268,1147
1143,1142,1022
1020,899,900
1144,1143,1023
1265,1266,1386
1142,1141,1021
1019,899,1020
902,1022,901
1023,1143,1022
773,894,893
895,1015,894
1018,898,1019
897,777,898
1016,1015,895
1016,1137,1136
896,1016,895
1017,1137,1016
1020,1140,1019
1141,1262,1261
1015,1136,1135
1015,1016,1136
1019,1139,1018
1140,1260,1139
1137,1258,1257
1501,1380,1381
1139,1260,1259
1385,1384,1264
1261,1262,1382
1142,1143,1263
1265,1385,1264
1262,1142,1263
1140,1261,1260
1140,1141,1261
1020,1141,1140
1020,1021,1141
1024,1144,1023
1145,1266,1265
1026,1146,1025
1147,1267,1146
1269,1148,1149
1147,1027,1148
1270,1269,1149
1270,1391,1390
1150,1270,1149
1271,1392,1391
1150,1271,1270
1272,1392,1271
1386,1385,1265
1263,1143,1264
1144,1265,1264
1144,1145,1265
1507,1387,1508
1386,1266,1387
1506,1385,1386
1384,1263,1264
1387,1388,1508
1387,1267,1388
1511,1510,1390
1388,1268,1389
1511,1390,1391
1389,1269,1390
1388,1509,1508
1510,1631,1630
1389,1390,1510
1512,1633,1632
1503,1383,1504
1627,1507,1628
1385,1506,1505
1749,1628,1629
1386,1507,1506
1629,1509,1630
1382,1503,1502
1744,1743,1623
1382,1383,1503
1749,1748,1628
1504,1383,1384
1382,1262,1383
1504,1384,1505
1383,1263,1384
1380,1500,1379
1256,1255,1135
1258,1379,1378
1259,1260,1380
1379,1500,1499
1501,1621,1500
1259,1380,1379
1381,1382,1502
1260,1381,1380
1260,1261,1381
1495,1375,1496
1498,1618,1497
1496,1376,1497
1499,1619,1498
1371,1372,1492
1495,1616,1615
1376,1496,1375
1373,1372,1252
1373,1493,1372
1369,1248,1249
1494,1373,1374
1372,1251,1252
1377,1497,1376
1374,1254,1375
1498,1497,1377
1375,1255,1376
1498,1377,1378
1376,1255,1256
1250,1129,1130
1255,1375,1254
1257,1256,1136
1377,1376,1256
1012,1133,1132
1012,1013,1133
1378,1257,1258
1378,1377,1257
1009,1130,1129
1009,1010,1130
1249,1248,1128
1252,1253,1373
1247,1126,1127
1251,1371,1250
1131,1252,1251
1253,1374,1373
1132,1253,1252
1254,1374,1253
1128,1248,1127
1124,1244,1123
1371,1370,1250
1369,1368,1248
1368,1247,1248
1242,1241,1121
1007,1128,1127
1007,1008,1128
1001,1122,1121
1001,1002,1122
1004,1125,1124
1004,1005,1125
1244,1243,1123
1363,1362,1242
1245,1244,1124
1365,1364,1244
1246,1245,1125
1366,1365,1245
1122,1242,1121
1243,1364,1363
1244,1364,1243
1365,1486,1485
1368,1367,1247
1366,1245,1246
1246,1367,1366
1246,1247,1367
1611,1490,1491
1489,1368,1369
1612,1492,1613
1491,1371,1492
1245,1365,1244
1366,1486,1365
1370,1369,1249
1370,1491,1490
1250,1370,1249
1371,1491,1370
1479,1480,1600
1478,1357,1358
1480,1359,1360
1359,1238,1239
1479,1358,1359
1357,1237,1358
1243,1363,1242
1364,1365,1485
1477,1476,1356
1354,1233,1234
1477,1356,1357
1355,1354,1234
1354,1355,1475
1478,1598,1477
1478,1479,1599
1478,1358,1479
1352,1353,1473
1475,1476,1596
1354,1475,1474
1476,1597,1596
1469,1470,1590
1469,1468,1348
1351,1352,1472
1474,1594,1473
1226,1347,1346
1348,1349,1469
1227,1348,1347
1349,1470,1469
1228,1349,1348
1350,1470,1349
1351,1472,1471
1473,1593,1472
1231,1232,1352
1354,1474,1353
1109,1110,1230
1232,1353,1352
1114,1234,1113
1235,1356,1355
1347,1226,1227
1103,1223,1102
1108,1109,1229
1231,1351,1230
1227,1226,1106
1105,1225,1104
1108,1229,1228
1230,1350,1229
1229,1109,1230
1108,987,988
1111,1232,1231
1233,1353,1232
1233,1112,1113
1111,991,1112
1116,1117,1237
1113,993,1114
1117,1238,1237
1114,994,1115
1114,1235,1234
1114,1115,1235
1357,1236,1237
1235,1115,1236
1481,1480,1360
1358,1238,1359
1239,1360,1359
1239,1240,1360
1118,1238,1117
1115,994,995
1241,1240,1120
1116,1115,995
1361,1240,1241
1239,1238,1118
1241,1120,1121
1119,998,999
1121,1000,1001
999,878,879
1240,1239,1119
1117,996,997
1240,1119,1120
1118,998,1119
1117,1116,996
994,993,873
1118,1117,997
995,875,996
1118,997,998
996,875,876
997,877,998
876,875,755
1120,999,1000
998,878,999
997,876,877
875,754,755
1000,879,880
1000,999,879
876,755,756
754,634,755
876,756,877
755,635,756
752,751,631
872,871,751
873,752,753
872,751,752
990,870,991
870,749,750
995,994,874
872,752,873
995,874,875
873,753,874
990,869,870
870,871,991
748,749,869
869,749,870
750,749,629
750,871,870
630,750,629
751,871,750
622,742,621
743,864,863
624,744,623
745,865,744
865,985,864
984,983,863
745,866,865
745,746,866
747,868,867
747,748,868
988,987,867
983,1104,1103
989,988,868
989,1109,988
990,989,869
1110,1109,989
1111,990,991
1111,1110,990
1107,1106,986
1107,1227,1106
863,864,984
987,1107,986
862,863,983
985,1106,1105
984,1105,1104
984,985,1105
864,985,984
986,1106,985
1099,1100,1220
976,975,855
1100,1101,1221
1100,1099,979
978,977,857
978,1098,977
1219,1098,1099
1097,976,977
979,978,858
979,1099,978
859,979,858
980,1100,979
1101,980,981
1101,1100,980
862,983,982
984,1104,983
980,860,981
859,738,739
862,861,741
862,982,861
618,739,738
740,741,861
619,740,739
619,620,740
614,734,613
856,736,857
730,729,609
858,978,857
1098,1097,977
1096,975,976
850,729,730
857,977,856
980,859,860
980,979,859
728,729,849
974,975,1095
731,732,852
854,975,974
611,732,731
611,612,732
733,734,854
856,976,855
728,848,727
849,969,848
852,851,731
731,851,730
728,849,848
850,970,849
729,850,849
851,852,972
730,851,850
1094,974,1095
849,970,969
972,852,973
1094,973,974
852,853,973
853,974,973
853,854,974
733,854,853
855,975,854
1093,972,973
971,851,972
1216,1215,1095
1091,1090,970
1212,1091,1092
1212,1211,1091
850,971,970
850,851,971
971,1092,1091
971,972,1092
969,970,1090
1214,1093,1094
1092,972,1093
1090,1091,1211
1092,1213,1212
1338,1218,1339
1094,1095,1215
1220,1340,1219
1096,1097,1217
1342,1221,1222
1093,1214,1213
1218,1219,1339
1094,1215,1214
1219,1340,1339
1096,1217,1216
1341,1220,1221
1217,1097,1218
1096,976,1097
1219,1099,1220
1098,978,1099
1225,1224,1104
1102,1222,1101
1346,1225,1226
1346,1345,1225
1225,1345,1224
1224,1345,1344
1467,1466,1346
1335,1214,1215
1341,1340,1220
1218,1098,1219
1342,1341,1221
1334,1214,1335
1343,1342,1222
1223,1343,1222
1462,1461,1341
1456,1335,1336
1464,1463,1343
1463,1462,1342
1344,1343,1223
1344,1464,1343
1224,1344,1223
1345,1466,1465
1582,1461,1462
1340,1341,1461
1346,1466,1345
1467,1588,1587
1456,1336,1457
1339,1340,1460
1461,1460,1340
1213,1334,1333
1582,1581,1461
1459,1339,1460
1458,1457,1337
1454,1575,1574
1336,1337,1457
1216,1217,1337
1215,1336,1335
1215,1216,1336
1459,1338,1339
1337,1217,1338
1211,1212,1332
1455,1334,1335
1213,1214,1334
1212,1333,1332
1212,1213,1333
1333,1454,1453
1455,1575,1454
1576,1455,1456
1454,1334,1455
1332,1333,1453
1453,1454,1574
1577,1576,1456
1578,1579,1699
1578,1577,1457
1455,1335,1456
1581,1582,1702
1580,1581,1701
1703,1702,1582
1578,1457,1458
1457,1577,1456
1578,1698,1577
1577,1698,1697
1700,1580,1701
1575,1695,1574
1696,1697,1817
1698,1699,1819
1695,1575,1696
1695,1696,1816
1696,1817,1816
1942,1821,1822
1697,1698,1818
1947,1946,1826
1943,1942,1822
1820,1819,1699
1939,1938,1818
1817,1697,1818
1941,1940,1820
1818,1698,1819
1820,1699,1700
1698,1578,1699
1945,1944,1824
1822,1701,1702
1824,1703,1704
1823,1702,1703
1703,1824,1823
1947,1826,1827
1704,1825,1824
1831,1711,1832
1948,1947,1827
1825,1704,1705
1948,1827,1828
1826,1825,1705
1826,1705,1706
1704,1583,1584
1826,1706,1827
1705,1585,1706
1706,1707,1827
1706,1586,1707
1700,1701,1821
1700,1579,1580
1704,1703,1583
1580,1459,1460
1820,1700,1821
1699,1579,1700
1702,1701,1581
1579,1459,1580
1338,1458,1337
1459,1579,1458
1460,1581,1580
1460,1461,1581
1705,1704,1584
1582,1462,1583
1343,1463,1342
1464,1585,1584
1463,1584,1583
1463,1464,1584
1345,1465,1344
1466,1586,1465
1466,1587,1586
1466,1467,1587
1829,1708,1709
1707,1587,1708
1467,1468,1588
1469,1590,1589
1714,1713,1593
1714,1835,1834
1594,1714,1593
1715,1836,1835
1347,1468,1467
1347,1348,1468
1471,1591,1470
1592,1713,1712
1355,1476,1475
1355,1356,1476
1602,1601,1481
1479,1359,1480
1480,1481,1601
1481,1482,1602
1723,1603,1724
1602,1482,1603
1721,1600,1601
1599,1479,1600
1721,1601,1722
1600,1480,1601
1473,1594,1593
1595,1596,1716
1474,1595,1594
1596,1717,1716
1475,1596,1595
1597,1717,1596
1598,1719,1718
1598,1599,1719
1842,1721,1722
1720,1600,1721
1843,1842,1722
1843,1964,1963
1725,1845,1724
2087,1966,1967
1723,1843,1722
1844,1964,1843
1846,1845,1725
1846,1847,1967
1957,1836,1837
1835,1714,1715
1959,1838,1839
1837,1717,1838
1961,1840,1841
1839,1719,1840
1834,1833,1713
1834,1954,1833
1714,1834,1713
2079,2078,1958
1592,1712,1591
1713,1833,1712
1594,1715,1714
1594,1595,1715
1830,1709,1710
1708,1588,1709
1831,1710,1711
1709,1589,1710
1831,1952,1951
1828,1707,1708
1832,1952,1831
1829,1709,1830
1953,1952,1832
1830,1710,1831
1835,1955,1834
1955,1956,2076
1834,1955,1954
1956,1957,2077
1954,2074,1953
1950,1829,1830
1955,2076,2075
2079,2080,2200
2077,2078,2198
1959,1960,2080
1959,2080,2079
2081,2082,2202
1835,1956,1955
1835,1836,1956
2079,1958,1959
1957,1837,1958
1840,1960,1839
1961,2081,1960
2083,1963,2084
1842,1843,1963
1844,1965,1964
2087,1967,2088
1845,1966,1965
1967,1968,2088
2207,2086,2087
2086,1966,2087
1845,1846,1966
1966,1846,1967
1960,2081,2080
2082,2083,2203
1961,2082,2081
1961,1962,2082
1841,1962,1961
1841,1842,1962
2201,2200,2080
2199,2078,2079
1962,2083,2082
1962,1963,2083
1964,2085,2084
1964,1965,2085
1965,2086,2085
1965,1966,2086
2327,2207,2328
2205,2084,2085
2331,2330,2210
2208,2088,2209
2323,2203,2324
2202,2082,2203
2204,2205,2325
2204,2083,2084
2205,2206,2326
2205,2085,2206
2314,2193,2194
2194,2073,2074
2196,2197,2317
2196,2076,2197
1956,2077,2076
2199,2079,2200
1957,2078,2077
1957,1958,2078
1953,2073,1952
2074,2075,2195
1953,2074,2073
2075,2076,2196
2315,2194,2195
2193,2073,2194
2315,2195,2316
2194,2074,2195
1954,2075,2074
1954,1955,2075
2191,2190,2070
2189,2188,2068
2312,2192,2313
2069,2189,2068
2186,2065,2066
2188,2308,2187
2067,2188,2187
2189,2190,2310
1944,2065,2064
2066,2187,2186
1950,2071,2070
2069,2070,2190
1948,2069,2068
2070,2071,2191
1948,1949,2069
2071,2072,2192
2192,2193,2313
2192,2191,2071
2069,1949,2070
2072,2193,2192
1950,1951,2071
2073,2193,2072
2072,2071,1951
1949,1828,1829
1831,1951,1830
1952,2072,1951
1825,1946,1945
1947,2067,1946
1950,1949,1829
1827,1707,1828
1825,1945,1824
1946,2067,2066
1945,2066,2065
2067,2187,2066
2070,1949,1950
1948,1828,1949
2061,1940,1941
1938,1817,1818
2183,2063,2184
2062,1942,2063
1943,1822,1823
1821,1701,1822
1824,1944,1823
1945,2065,1944
2058,1937,1938
1937,1817,1938
1820,1940,1819
1941,2062,2061
1816,1817,1937
1819,1939,1818
1940,2060,1939
1821,1941,1820
1942,2062,1941
2059,2058,1938
2180,2059,2060
2179,2058,2059
2181,2061,2182
2060,1940,2061
2063,2064,2184
2063,1943,2064
2064,2185,2184
2186,2306,2185
2065,2186,2185
2187,2307,2186
2059,2180,2179
2181,2302,2301
2060,2181,2180
2182,2302,2181
2305,2304,2184
2184,2304,2183
2180,2300,2179
2182,2303,2302
2304,2425,2424
2180,2301,2300
2302,2422,2301
2183,2304,2303
2305,2425,2304
2426,2427,2547
2550,2429,2430
2306,2307,2427
2427,2307,2428
2428,2307,2308
2306,2186,2307
2428,2308,2429
2307,2187,2308
2430,2310,2431
2309,2188,2189
2311,2312,2432
2311,2190,2191
2312,2191,2192
2312,2311,2191
2193,2314,2313
2315,2436,2435
2310,2311,2431
2310,2190,2311
2194,2315,2314
2316,2436,2315
2308,2309,2429
2308,2188,2309
2553,2552,2432
2430,2309,2310
2554,2553,2433
2431,2311,2432
2551,2430,2431
2429,2309,2430
2554,2433,2434
2432,2312,2433
2554,2434,2555
2433,2313,2434
2434,2435,2555
2434,2314,2435
2436,2556,2435
2678,2558,2679
2559,2560,2680
2556,2436,2557
2548,2549,2669
2428,2429,2549
2671,2550,2551
2549,2429,2550
2432,2552,2431
2553,2554,2674
2664,2544,2665
2546,2667,2666
2667,2546,2547
2545,2425,2546
2305,2426,2425
2305,2306,2426
2427,2548,2547
2427,2428,2548
2301,2421,2300
2302,2423,2422
2302,2303,2423
2422,2542,2421
2422,2543,2542
2544,2545,2665
2423,2544,2543
2423,2424,2544
2543,2663,2542
2664,2784,2663
2545,2666,2665
2667,2788,2787
2670,2790,2669
2667,2547,2668
2671,2791,2670
2668,2548,2669
2792,2791,2671
2669,2549,2670
2553,2673,2552
2670,2550,2671
2786,2906,2785
2543,2664,2663
2665,2785,2664
2665,2786,2785
2787,2907,2786
2785,2906,2905
2666,2787,2786
2788,2908,2787
2785,2905,2784
2907,2787,2908
2909,2788,2789
2911,2790,2791
2908,2788,2909
2910,2789,2790
2910,2909,2789
2910,2790,2911
2793,2673,2794
2796,2916,2795
2675,2796,2795
2917,2916,2796
2794,2914,2793
2916,2915,2795
2917,2796,2797
2918,2917,2797
2675,2676,2796
2798,2919,2918
2798,2918,2797
2676,2677,2797
2799,2919,2798
2676,2675,2555
2676,2797,2796
2920,2799,2800
2920,2919,2799
2671,2672,2792
2794,2915,2914
2792,2672,2793
2795,2915,2794
2551,2672,2671
2673,2674,2794
2552,2673,2672
2674,2795,2794
2553,2674,2673
2675,2795,2674
2677,2676,2556
2677,2678,2798
2558,2678,2557
2678,2799,2798
2682,2681,2561
2680,2800,2679
2562,2683,2682
2800,2799,2679
2562,2563,2683
2562,2682,2561
2806,2685,2686
2805,2684,2685
2679,2559,2680
2923,2803,2924
2929,2928,2808
2804,2684,2805
2557,2678,2677
2679,2799,2678
2558,2559,2679
2681,2801,2680
2801,2800,2680
2801,2921,2800
2682,2802,2681
2920,2800,2921
2921,2801,2922
2801,2802,2922
2922,2802,2923
2681,2802,2801
2803,2804,2924
2682,2803,2802
2682,2683,2803
2804,2925,2924
2804,2805,2925
2927,2926,2806
2810,2930,2809
2807,2686,2687
2926,2805,2806
2809,2929,2808
2932,2812,2933
2933,2812,2813
2807,2687,2808
2931,2811,2932
2931,2930,2810
2815,2935,2814
2812,2692,2813
2808,2688,2809
2811,2812,2932
2936,2935,2815
2813,2693,2814
2928,2927,2807
2805,2685,2806
2928,2807,2808
2806,2686,2807
2567,2687,2566
2688,2808,2687
2567,2688,2687
2689,2809,2688
2810,2689,2690
2810,2809,2689
2690,2811,2810
2690,2691,2811
2569,2570,2690
2692,2812,2691
2450,2570,2449
2571,2691,2570
2692,2571,2572
2692,2691,2571
2447,2446,2326
2450,2571,2570
2448,2328,2449
2451,2571,2450
2323,2324,2444
2446,2447,2567
2446,2325,2326
2449,2569,2448
2565,2566,2686
2445,2446,2566
2446,2567,2566
2568,2569,2689
2447,2568,2567
2447,2448,2568
2804,2683,2684
2804,2803,2683
2684,2563,2564
2444,2445,2565
2437,2438,2558
2560,2561,2681
2558,2438,2559
2559,2438,2439
2317,2438,2437
2441,2562,2561
2440,2441,2561
2684,2564,2685
2441,2442,2562
2564,2565,2685
2443,2564,2563
2443,2444,2564
2564,2444,2565
2443,2323,2444
2439,2318,2319
2442,2563,2562
2440,2319,2320
2443,2563,2442
2560,2439,2440
2438,2317,2318
2560,2440,2561
2439,2438,2318
2440,2439,2319
2317,2197,2318
2441,2440,2320
2318,2198,2319
2320,2199,2200
2319,2198,2199
2441,2320,2321
2319,2199,2320
2442,2321,2322
2320,2200,2321
2323,2322,2202
2321,2200,2201
2203,2204,2324
2203,2083,2204
2442,2322,2443
2321,2201,2322
2326,2325,2205
2324,2204,2325
2449,2328,2329
2327,2206,2207
2450,2330,2451
2329,2208,2209
2327,2326,2206
2327,2447,2326
2448,2327,2328
2448,2447,2327
2450,2329,2330
2450,2449,2329
2330,2331,2451
2330,2209,2210
2455,2454,2334
2334,2454,2333
2331,2452,2451
2573,2574,2694
2214,2335,2334
2337,2338,2458
2339,2459,2338
2094,2214,2093
2459,2458,2338
2459,2580,2579
2458,2457,2337
2335,2214,2215
2339,2338,2218
2337,2217,2338
2220,2221,2341
2343,2344,2464
2221,2222,2342
2342,2222,2343
2224,2225,2345
2225,2346,2345
2353,2354,2474
2463,2462,2342
2582,2581,2461
2585,2584,2464
2583,2462,2463
2460,2339,2340
2460,2459,2339
2583,2582,2462
2581,2460,2461
2220,2341,2340
2342,2462,2341
2581,2580,2460
2460,2580,2459
2462,2582,2461
2583,2704,2703
2466,2465,2345
2587,2588,2708
2347,2468,2467
2467,2588,2587
2705,2585,2706
2465,2466,2586
2466,2587,2586
2466,2467,2587
2698,2578,2699
2579,2458,2459
2463,2584,2583
2463,2464,2584
2465,2585,2464
2586,2706,2585
2452,2453,2573
2455,2456,2576
2699,2578,2579
2577,2456,2457
2336,2457,2456
2458,2578,2457
2700,2579,2580
2578,2458,2579
2332,2453,2452
2696,2575,2576
2333,2454,2453
2455,2576,2575
2452,2573,2572
2453,2454,2574
2453,2574,2573
2696,2576,2697
2454,2575,2574
2454,2455,2575
2816,2695,2696
2695,2574,2575
2697,2698,2818
2697,2576,2577
2698,2577,2578
2576,2456,2577
2701,2700,2580
2699,2579,2700
2818,2938,2817
2695,2694,2574
2822,2942,2821
2819,2698,2699
2936,2815,2816
2814,2694,2815
2817,2816,2696
2815,2694,2695
2938,2937,2817
2815,2695,2816
2937,2936,2816
2818,2819,2939
2817,2937,2816
2818,2939,2938
2819,2940,2939
2942,2941,2821
2820,2940,2819
2817,2697,2818
2941,2940,2820
2818,2698,2819
2941,2820,2821
2819,2699,2820
2946,2945,2825
2822,2821,2701
2945,2944,2824
2944,2943,2823
2824,2944,2823
2948,2827,2828
2949,2948,2828
2946,2825,2826
2950,2949,2829
2827,2706,2707
2950,2829,2830
2828,2708,2829
2947,2946,2826
2824,2704,2825
2947,2826,2827
2825,2704,2705
2943,2822,2823
2821,2700,2701
2945,2824,2825
2823,2702,2703
2702,2701,2581
2702,2822,2701
2703,2702,2582
2823,2822,2702
2824,2703,2704
2824,2823,2703
2585,2705,2584
2706,2826,2705
2828,2707,2708
2828,2827,2707
2711,2710,2590
2830,2829,2709
2591,2711,2590
2832,2831,2711
2591,2712,2711
2711,2831,2710
2712,2832,2711
2710,2830,2709
2831,2951,2830
2830,2951,2950
2831,2952,2951
2965,2964,2844
2843,2842,2722
2602,2722,2601
2723,2843,2722
2598,2477,2478
2842,2721,2722
2479,2599,2478
2601,2722,2721
2481,2601,2480
2724,2604,2725
2600,2599,2479
2235,2355,2234
2601,2600,2480
2601,2721,2600
2350,2471,2470
2352,2472,2351
2599,2598,2478
2476,2355,2356
2475,2355,2476
2712,2592,2713
2473,2594,2593
2467,2468,2588
2590,2710,2589
2589,2469,2590
2590,2470,2591
2347,2348,2468
2470,2590,2469
2472,2592,2471
2471,2591,2470
2471,2592,2591
2593,2713,2592
2594,2473,2474
2347,2346,2226
2593,2592,2472
2348,2469,2468
2593,2472,2473
2349,2470,2469
2346,2467,2466
2468,2589,2588
2346,2347,2467
2469,2589,2468
2348,2347,2227
2348,2349,2469
2228,2348,2227
2349,2350,2470
2350,2349,2229
2350,2351,2471
2230,2350,2229
2351,2472,2471
2232,2352,2231
2352,2473,2472
2354,2353,2233
2474,2473,2353
2232,2112,2233
2357,2358,2478
2231,2352,2351
2353,2473,2352
2475,2354,2355
2475,2474,2354
2600,2479,2480
2478,2358,2479
2238,2239,2359
2240,2241,2361
2478,2477,2357
2477,2476,2356
2114,2115,2235
2237,2358,2357
2236,2357,2356
2236,2237,2357
2116,2237,2236
2238,2358,2237
2237,2117,2238
2240,2360,2239
2115,2114,1994
2115,2236,2235
2355,2235,2356
2234,2114,2235
1991,1992,2112
2113,2234,2233
2111,1991,2112
2112,1992,2113
1996,2117,2116
2118,2119,2239
2000,2121,2120
2120,2121,2241
1870,1871,1991
1995,2115,1994
1876,1996,1875
1997,2117,1996
1752,1753,1873
1755,1756,1876
1998,1997,1877
2118,2117,1997
1988,1867,1868
1750,1751,1871
1752,1872,1751
1873,1994,1993
1870,1991,1990
1992,1993,2113
1871,1992,1991
1993,2114,2113
1871,1872,1992
1994,2114,1993
2109,2110,2230
1989,1990,2110
1988,1868,1989
1991,2111,1990
1744,1745,1865
1869,1870,1990
1865,1745,1866
1867,1747,1868
1976,1855,1856
1860,1740,1861
1862,1983,1982
1979,1978,1858
1863,1984,1983
2104,2103,1983
1986,1985,1865
2105,2104,1984
2108,2107,1987
2106,2105,1985
1985,2105,1984
2105,2106,2226
1986,2106,1985
2106,2227,2226
2107,2106,1986
2107,2227,2106
1987,2107,1986
2108,2229,2228
2350,2230,2351
2229,2108,2109
2352,2232,2353
2231,2111,2232
2344,2343,2223
1982,2102,1981
2348,2228,2349
2227,2107,2228
1988,2109,2108
1988,1989,2109
2343,2222,2223
2221,2101,2222
2344,2223,2224
2222,2102,2223
1979,2100,2099
2101,2221,2100
2344,2224,2345
2223,2102,2103
1975,2095,1974
2096,2217,2216
2099,2098,1978
2099,2219,2098
2216,2215,2095
2336,2335,2215
2337,2216,2217
2337,2336,2216
2220,2099,2100
2220,2219,2099
2332,2212,2333
2090,2210,2089
2333,2213,2334
2212,2091,2092
2088,2089,2209
2211,2332,2331
2209,2089,2210
2212,2332,2211
1968,2089,2088
2090,2091,2211
1968,1969,2089
2091,2212,2211
2089,1969,2090
2092,2213,2212
1971,2092,2091
2093,2213,2092
2215,2094,2095
2215,2214,2094
2093,1973,2094
1972,1851,1852
1853,1854,1974
1976,2097,2096
1970,1969,1849
1970,2091,2090
1850,1970,1849
1971,2091,1970
1726,1846,1725
1847,1968,1967
1733,1854,1853
1857,1737,1858
1857,1977,1856
1854,1734,1855
1855,1976,1975
1977,2098,2097
1978,1977,1857
1855,1734,1735
1978,1857,1858
1856,1855,1735
1860,1980,1859
1736,1856,1735
1856,1977,1976
1978,2098,1977
1859,1979,1858
1980,2101,2100
1982,1981,1861
2102,2101,1981
2224,2103,2104
2224,2223,2103
1981,1980,1860
1858,1738,1859
1859,1980,1979
1981,2101,1980
2103,1982,1983
2103,2102,1982
1736,1616,1737
1737,1616,1617
1981,1860,1861
1859,1739,1860
1494,1495,1615
1618,1619,1739
1858,1737,1738
1615,1614,1494
1854,1733,1734
1726,1606,1727
1857,1856,1736
1734,1614,1735
1853,1732,1733
1487,1607,1486
1857,1736,1737
1735,1614,1615
1971,1850,1851
1849,1848,1728
1973,1852,1853
1851,1850,1730
1726,1847,1846
1848,1968,1847
1730,1850,1729
1483,1604,1603
1848,1847,1727
1725,1604,1605
1848,1727,1728
1726,1725,1605
1608,1729,1728
1730,1731,1851
1609,1730,1729
1731,1852,1851
1609,1610,1730
1732,1852,1731
1488,1608,1487
1609,1729,1608
1490,1610,1489
1610,1731,1730
1484,1605,1604
1606,1726,1605
1607,1606,1486
1607,1727,1606
1604,1483,1484
1482,1362,1483
1605,1484,1485
1483,1363,1484
1605,1485,1606
1484,1364,1485
1728,1607,1608
1728,1727,1607
1367,1488,1487
1489,1609,1488
1610,1490,1611
1489,1369,1490
1612,1611,1491
1732,1731,1611
1489,1610,1609
1611,1731,1610
1733,1612,1613
1733,1732,1612
1736,1615,1616
1736,1735,1615
1617,1618,1738
1623,1743,1622
1613,1493,1614
1492,1372,1493
1374,1495,1494
1496,1616,1495
1496,1617,1616
1496,1497,1617
1498,1619,1618
1503,1504,1624
1743,1742,1622
1504,1505,1625
1501,1622,1621
1505,1506,1626
1745,1624,1625
1623,1502,1503
1746,1867,1866
1742,1741,1621
1504,1625,1624
1630,1631,1751
1499,1620,1619
1499,1500,1620
1865,1864,1744
1741,1620,1621
1744,1623,1624
1622,1502,1623
1862,1861,1741
1740,1619,1620
1622,1742,1621
1864,1865,1985
1861,1740,1741
1739,1619,1740
1743,1864,1863
1864,1985,1984
1742,1743,1863
1743,1744,1864
1989,1868,1869
1746,1866,1745
1742,1863,1862
1864,1984,1863
1747,1867,1746
1744,1624,1745
1749,1869,1748
1745,1625,1746
1870,1869,1749
1747,1746,1626
1870,1749,1750
1627,1747,1626
1868,1747,1748
1746,1625,1626
1989,1869,1990
1868,1748,1869
1993,1872,1873
1993,1992,1872
1995,1875,1996
1874,1873,1753
1749,1629,1750
1629,1508,1509
1632,1753,1752
1754,1875,1874
1632,1633,1753
1755,1875,1754
1634,1755,1754
1631,1511,1632
1635,1755,1634
1632,1511,1512
1747,1627,1748
1507,1508,1628
1750,1629,1630
1628,1508,1629
1505,1626,1625
1627,1628,1748
1506,1627,1626
1506,1507,1627
1389,1510,1509
1511,1631,1510
1391,1512,1511
1513,1633,1512
1636,1756,1635
1633,1513,1634
1639,1518,1519
1517,1397,1518
1760,1639,1640
1638,1637,1517
1640,1519,1520
1518,1398,1519
1641,1520,1521
1519,1398,1399
1761,1760,1640
1639,1519,1640
1763,1762,1642
1640,1520,1641
1756,1755,1635
1634,1514,1635
1639,1638,1518
1639,1760,1759
1757,1756,1636
1757,1877,1756
1515,1636,1635
1637,1757,1636
1996,1876,1997
1875,1755,1876
1758,1757,1637
1879,1759,1880
1639,1759,1638
1760,1881,1880
1642,1762,1641
1763,1883,1762
1515,1516,1636
1638,1759,1758
1638,1758,1637
1759,1760,1880
1641,1761,1640
1762,1882,1761
1643,1764,1763
1765,1885,1764
2006,1885,1886
1884,1763,1764
2006,2005,1885
1883,1763,1884
2006,1886,2007
1885,1765,1886
1886,1887,2007
1886,1766,1887
2009,1889,2010
1888,1767,1768
1646,1647,1767
1891,1771,1892
1767,1647,1768
1771,1772,1892
1649,1650,1770
1772,1773,1893
1647,1648,1768
1529,1530,1650
1769,1770,1890
1769,1649,1770
1643,1644,1764
1645,1646,1766
1526,1527,1647
1646,1526,1647
1521,1522,1642
1521,1401,1522
1522,1643,1642
1522,1523,1643
1523,1524,1644
1525,1526,1646
1647,1527,1648
1404,1524,1403
1648,1528,1649
1527,1407,1528
1653,1652,1532
1530,1409,1410
1654,1653,1533
1531,1411,1532
1771,1650,1651
1649,1528,1529
1776,1775,1655
1652,1531,1532
1776,1655,1656
1653,1532,1533
1659,1660,1780
1534,1655,1654
1539,1659,1538
1534,1535,1655
1660,1781,1780
1534,1533,1413
1417,1418,1538
1537,1657,1536
1419,1540,1539
1541,1662,1661
1419,1420,1540
1659,1658,1538
1420,1421,1541
1663,1662,1542
1542,1662,1541
1663,1664,1784
1543,1664,1663
1665,1785,1664
1660,1659,1539
1781,1661,1782
1418,1419,1539
1661,1662,1782
1540,1660,1539
1662,1663,1783
1661,1781,1660
1782,1902,1781
1783,1782,1662
1783,1903,1782
1540,1661,1660
1540,1541,1661
1543,1663,1542
1664,1785,1784
1784,1783,1663
1904,1903,1783
1905,1784,1785
1904,1783,1784
2019,2018,1898
1898,1777,1778
1779,1780,1900
1778,1657,1658
2021,1901,2022
1900,1780,1901
1894,1774,1895
1776,1896,1775
1899,1778,1779
1777,1657,1778
1534,1654,1533
1655,1775,1654
1899,1779,1900
1778,1658,1779
1774,1773,1653
1651,1531,1652
1894,1773,1774
1652,1653,1773
1651,1772,1771
1651,1652,1772
1772,1893,1892
1894,1895,2015
1654,1774,1653
1775,1895,1774
1773,1894,1893
2016,1896,2017
1897,1896,1776
1895,1775,1896
2133,2012,2013
2014,1894,2015
2019,2139,2018
2016,1895,1896
2136,2135,2015
2017,1896,1897
2142,2143,2263
2018,2017,1897
1898,1897,1777
1898,2018,1897
2020,2019,1899
1899,2019,1898
2024,2023,1903
1901,1781,1902
2024,1903,1904
1902,1782,1903
1906,1905,1785
2026,2025,1905
2029,2028,1908
2026,1905,1906
2145,2024,2025
2022,1901,1902
2147,2146,2026
2024,1904,2025
2020,1899,1900
1898,1778,1899
2144,2143,2023
2021,1900,1901
2144,2023,2024
2022,1902,2023
2023,2143,2022
2020,1900,2021
2262,2142,2263
2144,2264,2143
2149,2269,2148
2144,2024,2145
2152,2273,2272
2147,2026,2027
2268,2147,2148
2146,2025,2026
2147,2268,2267
2270,2271,2391
2143,2264,2263
2387,2267,2388
2144,2265,2264
2266,2267,2387
2267,2146,2147
2145,2025,2146
2019,2140,2139
2141,2262,2261
2020,2141,2140
2020,2021,2141
2018,2139,2138
2140,2260,2139
2021,2142,2141
2021,2022,2142
2138,2137,2017
2015,1895,2016
2017,2137,2016
2138,2259,2258
2016,2136,2015
2137,2138,2258
2135,2136,2256
2259,2379,2258
2018,2138,2017
2139,2259,2138
2129,2130,2250
2252,2372,2251
2255,2134,2135
2133,2132,2012
2125,2126,2246
2249,2370,2369
2127,2128,2248
2250,2370,2249
2008,2128,2007
2129,2250,2249
2008,2129,2128
2130,2251,2250
2009,2130,2129
2131,2251,2130
2009,2010,2130
2011,1891,2012
2254,2133,2134
2132,2131,2011
2014,2134,2013
2011,1890,1891
1892,2013,2012
2014,2015,2135
1770,1891,1890
1770,1771,1891
1893,2014,2013
1893,1894,2014
2008,2009,2129
2008,1888,2009
2010,1889,1890
1888,1768,1889
2126,2006,2127
2005,2004,1884
1887,2008,2007
1887,1888,2008
2132,2011,2012
2010,1890,2011
2123,2002,2003
2001,1881,2002
2124,2003,2004
2002,1882,2003
1757,1758,1878
1881,2001,1880
2004,2005,2125
2004,1883,1884
1757,1878,1877
1879,1880,2000
1758,1879,1878
1880,2001,2000
1999,1998,1878
2118,1997,1998
2000,1999,1879
2120,2119,1999
2122,2121,2001
2119,2118,1998
2001,2121,2000
2122,2243,2242
2002,2122,2001
2123,2243,2122
2245,2124,2125
2123,2003,2124
2124,2004,2125
2003,1883,2004
2000,2120,1999
2121,2242,2241
2248,2247,2127
2125,2005,2126
1999,2119,1998
2120,2240,2119
2119,2240,2239
2241,2242,2362
2120,2241,2240
2242,2363,2362
2482,2361,2362
2360,2240,2361
2482,2362,2483
2361,2241,2362
2603,2602,2482
2480,2360,2481
2604,2603,2483
2481,2361,2482
2243,2364,2363
2243,2244,2364
2366,2486,2365
2487,2607,2486
2123,2244,2243
2245,2246,2366
2124,2245,2244
2367,2368,2488
2125,2246,2245
2247,2368,2367
2126,2247,2246
2248,2368,2247
2251,2371,2250
2372,2373,2493
2256,2257,2377
2378,2499,2498
2253,2373,2252
2374,2494,2373
2375,2495,2374
2496,2616,2495
2246,2367,2366
2246,2247,2367
2248,2369,2368
2248,2249,2369
2490,2491,2611
2492,2372,2493
2369,2490,2489
2370,2371,2491
2370,2491,2490
2613,2493,2614
2371,2492,2491
2371,2372,2492
2375,2496,2495
2497,2618,2617
2495,2615,2494
2616,2617,2737
2497,2617,2496
2618,2738,2617
2489,2610,2609
2611,2731,2610
2733,2612,2613
2611,2491,2612
2615,2735,2614
2612,2492,2613
2727,2726,2606
2845,2844,2724
2609,2608,2488
2609,2729,2608
2484,2605,2604
2606,2726,2605
2489,2609,2488
2610,2731,2730
2483,2603,2482
2604,2605,2725
2363,2484,2483
2485,2605,2484
2482,2602,2481
2603,2724,2723
2484,2604,2483
2605,2726,2725
2847,2846,2726
2603,2723,2602
2845,2724,2725
2723,2722,2602
2728,2727,2607
2847,2726,2727
2850,2849,2729
2849,2848,2728
2850,2730,2851
2729,2609,2730
2973,2972,2852
2849,2728,2729
2974,2973,2853
2851,2731,2852
2844,2723,2724
2844,2843,2723
2846,2845,2725
2971,2970,2850
2848,2727,2728
2846,2966,2845
2726,2846,2725
2847,2968,2967
2845,2965,2844
2846,2967,2966
2846,2847,2967
2972,2971,2851
2852,2972,2851
2970,2969,2849
2847,2727,2848
2849,2969,2848
2730,2850,2729
2851,2971,2850
2976,2975,2855
2853,2852,2732
2855,2975,2854
2975,2974,2854
2977,2976,2856
2978,2977,2857
2979,2978,2858
2980,2979,2859
2856,2736,2857
2981,2980,2860
2858,2738,2859
2860,2980,2859
2735,2736,2856
2734,2613,2614
2979,2858,2859
2857,2736,2737
2974,2853,2854
2852,2731,2732
2977,2856,2857
2855,2734,2735
2854,2853,2733
2731,2611,2732
2854,2733,2734
2732,2612,2733
2854,2734,2855
2733,2613,2734
2855,2735,2856
2734,2614,2735
2857,2737,2858
2736,2616,2737
2860,2739,2740
2859,2738,2739
2623,2743,2622
2620,2740,2619
2866,2865,2745
2865,2864,2744
2625,2746,2745
2500,2501,2621
2864,2865,2985
2744,2745,2865
2746,2866,2745
2867,2987,2866
2620,2741,2740
2742,2862,2741
2863,2742,2743
2863,2862,2742
2981,2860,2861
2859,2739,2860
2982,2861,2862
2860,2740,2861
2983,2982,2862
2864,2985,2984
2868,2988,2867
2863,2984,2983
2863,2864,2984
2743,2864,2863
2743,2744,2864
2865,2986,2985
2865,2866,2986
2989,2869,2990
2991,2870,2871
2748,2868,2747
2990,2870,2991
2991,2871,2992
2993,2992,2872
2994,2993,2873
2992,2871,2872
2995,2994,2874
2872,2752,2873
2995,2874,2875
2873,2753,2874
2993,2872,2873
2871,2870,2750
2870,2869,2749
2627,2748,2747
2626,2747,2746
2748,2869,2868
2750,2749,2629
2750,2870,2749
2506,2626,2505
2750,2630,2751
2626,2627,2747
2749,2869,2748
2510,2631,2630
2751,2631,2752
2630,2750,2629
2751,2871,2750
2872,2751,2752
2872,2871,2751
2510,2630,2509
2631,2632,2752
2512,2632,2511
2632,2753,2752
2629,2508,2509
2507,2628,2627
2389,2510,2509
2511,2631,2510
2626,2625,2505
2500,2499,2379
2504,2383,2384
2508,2629,2628
2505,2625,2504
2626,2746,2625
2748,2627,2628
2626,2506,2627
2748,2628,2749
2627,2506,2507
2502,2623,2622
2624,2744,2623
2745,2624,2625
2745,2744,2624
2741,2620,2621
2619,2499,2620
2741,2621,2742
2620,2499,2500
2619,2498,2499
2619,2618,2498
2380,2500,2379
2501,2622,2621
2380,2501,2500
2502,2622,2501
2380,2381,2501
2503,2623,2502
2624,2503,2504
2624,2623,2503
2257,2258,2378
2379,2499,2378
2259,2380,2379
2503,2383,2504
2254,2255,2375
2377,2498,2497
2375,2255,2376
2378,2498,2377
2376,2255,2256
2254,2134,2255
2376,2256,2377
2255,2135,2256
2377,2257,2378
2256,2136,2257
2139,2260,2259
2261,2381,2260
2260,2381,2380
2504,2384,2505
2140,2261,2260
2262,2383,2382
2261,2262,2382
2384,2385,2505
2502,2382,2503
2381,2261,2382
2263,2384,2383
2386,2387,2507
2264,2265,2385
2387,2508,2507
2386,2507,2506
2508,2628,2507
2264,2385,2384
2386,2506,2385
2265,2266,2386
2265,2145,2266
2266,2387,2386
2388,2508,2387
2149,2270,2269
2271,2272,2392
2271,2151,2272
2273,2394,2393
2270,2391,2390
2392,2512,2391
2515,2514,2394
2513,2633,2512
2275,2395,2274
2396,2516,2395
2638,2637,2517
2635,2514,2515
2272,2273,2393
2395,2516,2515
2517,2396,2397
2517,2516,2396
2273,2153,2274
2277,2398,2397
2277,2157,2278
2281,2282,2402
2282,2162,2283
2284,2404,2283
2405,2404,2284
2403,2283,2404
2401,2402,2522
2280,2279,2159
2405,2525,2404
2523,2402,2403
2520,2519,2399
2519,2518,2398
2399,2519,2398
2520,2641,2640
2520,2400,2521
2399,2279,2400
2400,2520,2399
2521,2641,2520
2765,2644,2645
2643,2522,2523
2644,2523,2524
2522,2402,2523
2645,2524,2525
2523,2403,2524
2766,2645,2646
2644,2524,2645
2647,2646,2526
2645,2525,2646
2519,2640,2639
2641,2762,2761
2763,2642,2643
2641,2521,2642
2764,2643,2644
2642,2522,2643
2515,2516,2636
2638,2758,2637
2517,2518,2638
2640,2760,2639
2395,2515,2394
2516,2637,2636
2398,2518,2397
2519,2639,2518
2513,2512,2392
2513,2514,2634
2393,2513,2392
2514,2635,2634
2511,2632,2631
2633,2753,2632
2512,2633,2632
2634,2635,2755
2513,2634,2633
2635,2756,2755
2515,2636,2635
2637,2758,2757
2879,2878,2758
2878,2877,2757
2760,2759,2639
2760,2880,2759
2641,2761,2640
2881,2880,2760
2879,2999,2878
2877,2756,2757
2761,2881,2760
2882,3002,2881
2755,2754,2634
2875,2874,2754
2755,2875,2754
2876,2997,2996
2876,2755,2756
2876,2875,2755
2998,2877,2878
2876,2756,2877
2997,2877,2998
2995,2875,2996
2998,2878,2999
3001,3000,2880
3001,2881,3002
2759,2879,2758
2880,3000,2879
2761,2882,2881
2883,3003,2882
3002,2882,3003
3003,2883,3004
2764,2885,2884
3006,3005,2885
3006,2886,3007
3008,2887,2888
2889,2890,3010
2887,2886,2766
2889,3010,3009
2886,2887,3007
3007,2887,3008
2767,2768,2888
2890,3011,3010
2767,2887,2766
2888,3009,3008
2767,2888,2887
2889,3009,2888
2763,2762,2642
2763,2883,2762
2763,2884,2883
2885,3005,2884
2640,2761,2760
2762,2882,2761
2764,2763,2643
2764,2884,2763
2765,2764,2644
2765,2885,2764
2886,2765,2766
2886,2885,2765
2646,2767,2766
2890,2770,2891
2646,2647,2767
2890,2891,3011
2768,2647,2648
2771,2891,2770
2653,2773,2652
2770,2769,2649
2654,2775,2774
2777,2778,2898
2650,2651,2771
2773,2774,2894
2771,2651,2772
2774,2895,2894
2768,2769,2889
2768,2767,2647
2650,2771,2770
2772,2892,2771
2769,2890,2889
2769,2770,2890
2771,2892,2891
2772,2773,2893
3013,3012,2892
2893,3013,2892
2893,3014,3013
2895,3016,3015
3014,2893,2894
2892,2772,2893
3014,2894,3015
2893,2773,2894
2896,3017,3016
3019,2899,3020
2776,2775,2655
3020,2900,3021
2899,2779,2900
2896,2897,3017
2897,2898,3018
3018,2898,3019
2897,2896,2776
2904,3025,3024
2901,3022,3021
3023,2903,3024
2901,2902,3022
2901,2781,2902
3022,2902,3023
2903,2782,2783
2778,2658,2779
2903,2783,2904
2660,2661,2781
3017,2897,3018
2896,2775,2776
2777,2776,2656
2781,2901,2780
2659,2660,2780
2654,2653,2533
2656,2776,2655
2777,2897,2776
2899,2898,2778
2898,2897,2777
2782,2781,2661
2656,2535,2536
2899,2778,2779
2777,2657,2778
2540,2541,2661
2662,2783,2782
2660,2540,2661
2419,2540,2539
2541,2662,2661
2420,2541,2540
2657,2656,2536
2411,2531,2410
2779,2658,2659
2657,2536,2537
2777,2656,2657
2655,2535,2656
2779,2659,2780
2658,2538,2659
2780,2660,2781
2659,2538,2539
2651,2652,2772
2653,2654,2774
2531,2532,2652
2652,2532,2653
2528,2649,2648
2650,2770,2649
2530,2651,2650
2530,2531,2651
2648,2647,2527
2646,2525,2526
2527,2647,2526
2648,2769,2768
2528,2648,2527
2649,2769,2648
2412,2532,2411
2533,2653,2532
2534,2533,2413
2534,2654,2533
2651,2531,2652
2530,2410,2531
2290,2291,2411
2534,2414,2535
2285,2405,2284
2526,2525,2405
2649,2529,2650
2528,2408,2529
2527,2406,2407
2527,2526,2406
2529,2409,2530
2408,2288,2409
2288,2289,2409
2286,2285,2165
2173,2294,2293
2291,2170,2171
2292,2413,2412
2414,2415,2535
2292,2293,2413
2415,2536,2535
2294,2295,2415
2416,2536,2415
2655,2534,2535
2655,2654,2534
2414,2293,2294
2417,2538,2537
2658,2537,2538
2658,2657,2537
2660,2539,2540
2660,2659,2539
2173,2174,2294
2416,2415,2295
2539,2418,2419
2539,2538,2418
2296,2295,2175
2299,2419,2298
2417,2296,2297
2417,2416,2296
2420,2419,2299
2413,2293,2414
2292,2172,2293
2414,2294,2415
2293,2172,2173
2174,2173,2053
2296,2175,2176
2054,2174,2053
2296,2176,2297
2055,2175,2054
2176,2177,2297
2177,2176,2056
2177,2298,2297
2178,2177,2057
2178,2298,2177
2299,2298,2178
2056,1935,1936
1932,1933,2053
2052,1931,1932
2057,2177,2056
2050,1929,1930
1933,1934,2054
2054,2053,1933
2046,1926,2047
2173,2052,2053
1919,1920,2040
2055,2054,1934
2175,2174,2054
2176,2055,2056
2176,2175,2055
2171,2170,2050
2045,2044,1924
1929,2050,2049
2051,2172,2171
1928,2049,2048
2050,2170,2049
2052,2051,1931
2052,2172,2051
1925,1924,1804
2047,1926,1927
1925,2046,2045
2047,2048,2168
1924,2044,1923
2045,2165,2044
1925,2045,1924
2046,2166,2045
1925,1926,2046
2048,2049,2169
2044,2165,2164
2167,2168,2288
2045,2166,2165
2168,2289,2288
2046,2047,2167
2169,2290,2289
2048,2169,2168
2170,2290,2169
2407,2286,2287
2286,2165,2166
2411,2291,2412
2290,2170,2291
2287,2286,2166
2407,2406,2286
2408,2287,2288
2408,2407,2287
2287,2167,2288
2166,2046,2167
2401,2281,2402
2280,2159,2160
2406,2285,2286
2406,2405,2285
2160,2161,2281
2160,2039,2040
2402,2282,2403
2281,2161,2282
2037,2158,2157
2159,2279,2158
2037,2038,2158
2160,2281,2280
2156,2277,2276
2278,2398,2277
2037,2157,2036
2158,2278,2157
2401,2280,2281
2401,2400,2280
2271,2270,2150
2274,2394,2273
2154,2155,2275
2277,2397,2276
2389,2269,2390
2268,2148,2269
2392,2272,2393
2150,2270,2149
2152,2272,2151
2148,2147,2027
2153,2273,2152
2150,2029,2030
2154,2274,2153
2151,2031,2152
2275,2274,2154
2152,2032,2153
2276,2275,2155
2153,2032,2033
2033,2034,2154
2035,2036,2156
2276,2155,2156
2154,2034,2155
2151,2150,2030
2028,2027,1907
2271,2150,2151
2149,2029,2150
2149,2148,2028
2026,1906,2027
2149,2028,2029
2027,1906,1907
2151,2030,2031
2029,1909,2030
1908,1907,1787
1796,1797,1917
2031,1911,2032
2032,1912,2033
1795,1916,1915
1917,2038,2037
1916,2037,2036
2159,2039,2160
1914,2035,2034
1915,2036,2035
1916,1917,2037
2160,2040,2161
1922,2042,1921
2043,2164,2163
2284,2163,2164
2284,2283,2163
1918,2039,2038
2040,2041,2161
1918,1919,2039
2039,1919,2040
2044,2043,1923
2044,2164,2043
1918,1917,1797
1918,2038,1917
1921,2041,1920
1918,1797,1798
1799,1798,1678
1919,1918,1798
2042,2041,1921
1919,1798,1799
1791,1792,1912
1668,1788,1667
1915,1914,1794
1792,1671,1672
2033,1913,2034
1913,1793,1914
1915,1794,1795
1793,1792,1672
1911,1912,2032
1913,1914,2034
1792,1913,1912
1792,1793,1913
2029,1908,1909
1906,1785,1786
1909,1789,1910
1790,1791,1911
1788,1908,1787
1785,1665,1786
1787,1907,1786
1908,2028,1907
1788,1787,1667
1786,1666,1787
1910,1789,1790
1787,1666,1667
1911,1791,1912
1790,1789,1669
1670,1790,1669
1667,1547,1668
1910,1790,1911
1789,1668,1669
1789,1788,1668
1666,1545,1546
1909,1788,1789
1909,1908,1788
1545,1544,1424
1545,1665,1544
1669,1548,1549
1547,1427,1548
1791,1790,1670
1668,1548,1669
1670,1549,1550
1548,1427,1428
1791,1670,1671
1669,1549,1670
1670,1550,1671
1549,1428,1429
1430,1431,1551
1554,1674,1553
1552,1672,1551
1671,1551,1672
1794,1673,1674
1794,1793,1673
1916,1795,1796
1794,1674,1795
1916,1796,1917
1795,1674,1675
1433,1434,1554
1555,1676,1675
1796,1675,1676
1796,1795,1675
1557,1678,1677
1679,1800,1799
1439,1440,1560
1561,1562,1682
1440,1441,1561
1562,1563,1683
1684,1804,1683
1681,1680,1560
1444,1445,1565
1563,1684,1683
1923,1803,1924
1802,1682,1803
1807,1686,1687
1685,1565,1686
1920,1799,1800
1920,1919,1799
1558,1679,1678
1680,1800,1679
1802,1681,1682
1802,1801,1681
2043,2042,1922
1920,1800,1921
1803,1804,1924
1803,1683,1804
1802,1922,1801
1923,2043,1922
1926,1925,1805
2047,1927,2048
1808,1928,1807
1928,1929,2049
1927,1928,2048
2050,1930,2051
1805,1806,1926
1805,1685,1806
1806,1927,1926
1806,1807,1927
1808,1929,1928
1808,1809,1929
1689,1809,1688
1932,1811,1812
1811,1810,1690
1812,1813,1933
1810,1930,1809
1931,2051,1930
1810,1811,1931
1931,1811,1932
1815,1814,1694
1935,1934,1814
2056,1936,2057
1935,1814,1815
1691,1692,1812
1812,1933,1932
1690,1691,1811
1813,1934,1933
1936,1935,1815
1692,1693,1813
1814,1934,1813
1690,1569,1570
1694,1814,1693
1809,1689,1810
1688,1568,1689
1811,1691,1812
1690,1689,1569
1807,1687,1808
1686,1565,1566
1449,1569,1448
1691,1571,1692
1451,1452,1572
1571,1572,1692
1812,1692,1813
1691,1570,1571
1694,1693,1573
1449,1450,1570
1572,1693,1692
1570,1450,1571
1573,1693,1572
1448,1328,1449
1452,1573,1572
1449,1328,1329
1324,1445,1444
1562,1561,1441
1567,1446,1447
1567,1566,1446
1687,1566,1567
1687,1686,1566
1569,1449,1570
1448,1327,1328
1560,1440,1561
1440,1439,1319
1441,1442,1562
1564,1684,1563
1680,1559,1560
1680,1679,1559
1559,1438,1439
1439,1318,1319
1558,1438,1559
1437,1316,1317
1559,1439,1560
1438,1318,1439
1563,1442,1443
1441,1440,1320
1563,1443,1564
1442,1322,1443
1564,1444,1565
1443,1323,1444
1319,1318,1198
1319,1320,1440
1204,1325,1324
1326,1447,1446
1313,1433,1312
1317,1438,1437
1196,1317,1316
1197,1318,1317
1196,1197,1317
1198,1318,1197
1200,1321,1320
1320,1321,1441
1199,1320,1319
1321,1442,1441
1322,1321,1201
1322,1442,1321
1204,1324,1203
1325,1445,1324
1205,1204,1084
1326,1327,1447
1085,1206,1205
1207,1327,1206
1204,1205,1325
1206,1327,1326
1208,1328,1207
1329,1330,1450
1571,1451,1572
1450,1449,1329
1452,1451,1331
1330,1329,1209
1330,1451,1450
1331,1330,1210
1208,1207,1087
1210,1330,1209
1331,1451,1330
966,1086,965
1207,1206,1086
1329,1208,1209
1207,1086,1087
1085,1205,1084
1206,1326,1205
964,965,1085
1086,1206,1085
961,962,1082
1084,1204,1083
845,965,844
964,844,965
966,1087,1086
1088,1208,1087
1209,1088,1089
1209,1208,1088
1088,968,1089
967,846,847
1083,962,963
963,842,843
967,966,846
967,1087,966
724,725,845
725,726,846
1088,967,968
1088,1087,967
719,720,840
721,722,842
722,843,842
722,723,843
1080,959,960
836,957,956
960,840,961
963,1084,1083
842,963,962
964,1084,963
1074,954,1075
1200,1201,1321
957,958,1078
835,955,834
1077,957,1078
833,832,712
1079,959,1080
958,838,959
836,956,835
832,831,711
714,835,834
712,832,711
1075,954,955
953,832,833
1077,1076,956
954,834,955
1077,956,957
955,835,956
1073,952,953
1077,1198,1197
955,956,1076
1078,1198,1077
958,959,1079
1081,1202,1201
960,1081,1080
1082,1202,1081
958,1079,1078
1080,1201,1200
1199,1200,1320
1079,1080,1200
1072,1073,1193
1075,1076,1196
1197,1076,1077
1197,1196,1076
1078,1199,1198
1078,1079,1199
951,952,1072
1315,1195,1316
1072,952,1073
1075,1196,1195
1070,1191,1190
1314,1193,1194
1070,1071,1191
1070,950,1071
1187,1066,1067
1066,945,946
1189,1069,1190
1068,948,1069
1071,1072,1192
1071,951,1072
1074,1073,953
951,950,830
1071,950,951
820,700,821
1074,953,954
952,832,953
708,709,829
831,952,951
710,831,830
832,952,831
1070,1069,949
824,944,823
950,949,829
1067,946,947
1068,1067,947
699,820,819
827,947,826
948,1068,947
829,949,828
950,1070,949
706,827,826
945,825,946
1066,1065,945
941,820,821
822,701,702
825,826,946
823,702,703
826,947,946
699,700,820
941,940,820
944,943,823
942,941,821
942,1062,941
938,937,817
822,943,942
942,943,1063
823,943,822
944,1064,943
1062,1061,941
1182,1181,1061
1063,1062,942
1183,1182,1062
822,942,821
943,1064,1063
824,945,944
824,825,945
944,945,1065
1067,1188,1187
946,1067,1066
1068,1188,1067
1184,1063,1064
1184,1183,1063
1065,1185,1064
1186,1307,1306
944,1065,1064
1066,1187,1186
1426,1306,1427
1302,1181,1182
1063,1183,1062
1184,1304,1183
1306,1307,1427
1303,1183,1304
1307,1308,1428
1304,1184,1305
1185,1186,1306
1430,1309,1310
1187,1308,1307
1187,1188,1308
1065,1186,1185
1065,1066,1186
1068,1189,1188
1068,1069,1189
1189,1310,1309
1313,1192,1193
1071,1192,1191
1315,1194,1195
1072,1193,1192
1073,1074,1194
1073,1194,1193
1195,1196,1316
1074,1195,1194
1074,1075,1195
1436,1435,1315
1312,1191,1192
1436,1315,1316
1314,1194,1315
1313,1434,1433
1310,1190,1311
1314,1434,1313
1311,1191,1312
1315,1435,1314
1312,1192,1313
1312,1433,1432
1425,1545,1424
1435,1434,1314
1554,1553,1433
1557,1556,1436
1555,1434,1435
1316,1437,1436
1438,1558,1437
1432,1433,1553
1431,1310,1311
1435,1556,1555
1557,1677,1556
1552,1431,1432
1430,1310,1431
1673,1552,1553
1673,1672,1552
1552,1432,1553
1431,1311,1432
1424,1303,1304
1428,1549,1548
1307,1428,1427
1429,1550,1549
1423,1303,1424
1427,1547,1426
1308,1429,1428
1430,1550,1429
1421,1300,1301
1425,1426,1546
1304,1425,1424
1426,1547,1546
1298,1299,1419
1424,1544,1423
1546,1545,1425
1666,1665,1545
1667,1546,1547
1667,1666,1546
1296,1297,1417
1421,1542,1541
1421,1422,1542
1544,1664,1543
1658,1657,1537
1657,1656,1536
1416,1537,1536
1538,1658,1537
1415,1414,1294
1415,1536,1535
1537,1417,1538
1416,1295,1296
1538,1418,1539
1417,1297,1418
1299,1300,1420
1422,1543,1542
1423,1422,1302
1300,1180,1301
1301,1422,1421
1423,1543,1422
1058,1178,1057
1179,1300,1299
1423,1302,1303
1301,1181,1302
1415,1294,1295
1291,1170,1171
1173,1174,1294
1294,1174,1295
1295,1416,1415
1417,1537,1416
1179,1299,1178
1300,1421,1420
1540,1420,1541
1419,1299,1420
1413,1412,1292
1168,1288,1167
1173,1293,1172
1294,1414,1293
1411,1290,1291
1289,1288,1168
1172,1292,1171
1293,1414,1413
1160,1280,1159
1167,1287,1166
1166,1045,1046
1046,1045,925
1409,1408,1288
1286,1166,1287
1410,1409,1289
1287,1167,1288
1290,1289,1169
1290,1411,1410
1286,1287,1407
1409,1530,1529
1289,1409,1288
1410,1531,1530
1292,1412,1291
1413,1533,1412
1293,1413,1292
1414,1534,1413
1415,1535,1414
1535,1656,1655
1414,1535,1534
1536,1656,1535
1286,1407,1406
1408,1528,1407
1649,1529,1650
1528,1408,1529
1290,1410,1289
1411,1531,1410
1645,1524,1525
1523,1522,1402
1286,1406,1285
1407,1527,1406
1406,1405,1285
1158,1279,1278
1526,1405,1406
1404,1283,1284
1405,1525,1404
1402,1281,1282
1526,1525,1405
1403,1283,1404
1523,1402,1403
1401,1281,1402
1644,1524,1645
1523,1403,1524
1645,1525,1646
1524,1404,1525
1515,1394,1395
1518,1638,1517
1641,1521,1642
1520,1519,1399
1393,1394,1514
1516,1637,1636
1514,1394,1515
1517,1637,1516
1274,1394,1273
1395,1396,1516
1396,1395,1275
1396,1517,1516
1276,1396,1275
1397,1517,1396
1521,1520,1400
1398,1397,1277
1521,1400,1401
1399,1398,1278
1274,1273,1153
1278,1279,1399
1275,1274,1154
1279,1400,1399
1393,1273,1394
1272,1271,1151
1394,1274,1395
1152,1272,1151
1031,1151,1030
1277,1276,1156
1155,1154,1034
1277,1156,1157
1038,1159,1158
1277,1157,1278
1155,1276,1275
1277,1397,1276
1034,1035,1155
1161,1281,1160
1036,1157,1156
1283,1162,1163
1158,1159,1279
1284,1164,1285
1157,1158,1278
1280,1401,1400
1159,1280,1279
1281,1401,1280
1280,1160,1281
1283,1403,1282
1405,1284,1285
1405,1404,1284
1039,1040,1160
1163,1042,1043
1163,1164,1284
1165,1166,1286
1044,1165,1164
1044,1045,1165
1041,1042,1162
1162,1042,1163
1168,1167,1047
922,1043,1042
1040,919,920
1043,1164,1163
1041,920,921
1044,1164,1043
1038,1039,1159
1161,1041,1162
1038,1037,917
1039,1038,918
1282,1281,1161
1159,1039,1160
1282,1161,1162
1160,1040,1161
1031,1032,1152
1154,1274,1153
1037,1158,1157
1037,1038,1158
1030,1150,1029
1151,1271,1150
1031,1152,1151
1153,1273,1152
910,1031,1030
1153,1033,1154
911,1032,1031
1033,1034,1154
911,912,1032
1032,912,1033
914,1035,1034
1036,1156,1035
1036,916,1037
1037,916,917
917,916,796
1041,1040,920
919,918,798
1042,1041,921
793,914,913
915,1036,1035
794,915,914
794,795,915
669,670,790
790,791,911
913,912,792
913,1034,1033
793,913,792
914,1034,913
674,795,794
796,916,795
797,917,796
918,1038,917
795,675,796
679,680,800
798,799,919
798,678,799
920,919,799
1043,922,923
921,920,800
1043,923,1044
802,923,922
923,924,1044
924,923,803
924,1045,1044
799,800,920
799,679,800
801,921,800
922,1042,921
681,802,801
803,923,802
681,682,802
1046,926,1047
807,927,806
928,1048,927
929,808,809
806,685,686
689,809,688
808,688,809
932,1052,931
929,809,930
933,1053,932
930,809,810
804,925,924
925,1045,924
803,804,924
926,927,1047
804,805,925
806,927,926
1169,1168,1048
1046,925,926
1049,1048,928
1047,927,1048
1167,1046,1047
1167,1166,1046
1048,1168,1047
1169,1289,1168
1171,1170,1050
1050,929,930
1052,1053,1173
1052,932,1053
1050,1049,929
1050,1170,1049
1051,1050,930
1051,1171,1050
1172,1051,1052
1172,1171,1051
1056,1055,935
1056,1176,1055
936,1056,935
1057,1178,1177
1296,1295,1175
1173,1053,1174
1296,1175,1176
1174,1054,1175
1057,1177,1056
1178,1298,1177
1058,1179,1178
1180,1300,1179
937,1058,1057
1059,1060,1180
938,1059,1058
1060,1181,1180
1061,1060,940
1061,1181,1060
939,1059,938
936,816,937
1060,1059,939
937,816,817
812,813,933
815,816,936
1057,936,937
814,813,693
932,812,933
812,691,692
1055,934,935
933,813,934
815,695,816
939,940,1060
816,696,817
819,940,939
818,939,938
818,819,939
931,810,811
811,691,812
935,815,936
813,812,692
811,810,690
931,930,810
932,811,812
932,931,811
570,571,691
694,695,815
572,693,692
695,696,816
935,814,815
935,934,814
572,573,693
697,818,817
452,573,572
456,457,577
814,694,815
693,573,694
330,451,450
452,572,451
452,453,573
579,458,459
445,325,446
449,570,569
327,328,448
450,570,449
448,569,568
448,449,569
569,690,689
691,811,690
692,571,572
570,450,571
444,565,564
566,567,687
324,445,444
446,447,567
442,321,322
445,565,444
324,325,445
447,568,567
435,314,315
441,562,561
320,441,440
442,562,441
441,561,440
562,683,682
443,563,442
564,685,684
441,321,442
444,564,443
682,683,803
564,565,685
805,685,806
687,688,808
807,687,808
686,566,687
569,689,568
690,810,689
565,686,685
565,566,686
686,807,806
808,928,807
683,804,803
805,926,925
563,684,683
563,564,684
684,805,804
806,926,805
676,555,556
679,799,678
678,558,679
679,558,559
561,560,440
561,681,560
561,682,681
561,562,682
552,553,673
675,676,796
554,675,674
676,677,797
554,555,675
677,798,797
676,797,796
798,918,797
675,555,676
678,798,677
549,550,670
672,793,792
671,672,792
794,914,793
668,669,789
791,912,911
789,669,790
792,912,791
426,547,546
426,427,547
548,669,668
670,791,790
549,670,669
671,791,670
670,550,671
673,793,672
549,429,550
551,430,431
429,430,550
553,432,433
672,551,552
550,430,551
545,425,546
424,423,303
671,550,551
549,548,428
545,424,425
545,544,424
548,427,428
426,306,427
549,428,429
427,306,307
309,310,430
553,433,554
430,310,431
433,434,554
431,311,432
556,557,677
432,311,312
437,558,557
674,553,554
552,432,553
434,555,554
436,437,557
439,559,438
559,680,679
437,438,558
560,680,559
676,556,677
555,434,435
433,313,434
438,559,558
316,317,437
439,560,559
317,316,196
439,319,440
198,319,318
439,440,560
436,315,316
316,437,436
314,194,315
197,317,196
312,191,192
314,434,313
312,311,191
313,192,193
555,435,556
434,314,435
556,436,557
435,315,436
308,429,428
308,309,429
190,191,311
312,433,432
425,304,305
307,308,428
186,307,306
186,187,307
182,303,302
425,305,426
182,183,303
305,306,426
303,183,304
304,183,184
190,310,189
311,431,310
310,190,311
313,433,312
304,184,305
184,63,64
66,67,187
68,189,188
62,183,182
184,185,305
62,63,183
183,63,184
185,184,64
186,185,65
186,65,66
186,66,187
187,67,188
190,69,70
189,68,69
70,71,191
191,190,70
312,192,313
73,194,193
313,193,314
71,192,191
315,195,316
193,194,314
73,74,194
72,193,192
72,73,193
75,196,195
74,195,194
74,75,195
76,197,196
77,197,76
198,197,77
201,200,80
202,201,81
202,81,82
77,78,198
80,200,79
201,321,200
81,201,80
323,324,444
199,198,78
199,320,319
197,198,318
320,440,319
317,318,438
317,197,318
318,439,438
318,319,439
200,321,320
322,202,323
322,323,443
202,203,323
79,199,78
200,320,199
201,322,321
201,202,322
324,203,204
202,82,203
327,326,206
203,82,83
205,326,325
327,448,447
205,325,204
326,446,325
568,447,448
446,326,447
208,328,207
329,449,328
329,209,330
453,454,574
326,205,206
204,84,205
90,210,89
211,331,210
91,211,90
212,333,332
208,209,329
210,330,209
90,211,210
87,88,208
206,86,207
88,89,209
204,83,84
204,203,83
207,86,87
207,87,208
208,88,209
91,212,211
92,212,91
215,214,94
213,92,93
92,213,212
215,216,336
93,94,214
216,337,336
95,216,215
217,337,216
98,218,97
96,217,216
97,217,96
341,220,221
222,221,101
223,102,103
223,222,102
105,225,104
100,221,220
222,223,343
102,222,101
223,344,343
99,219,98
219,220,340
98,219,218
342,221,222
99,220,219
99,100,220
218,219,339
464,343,344
221,342,341
464,344,465
222,343,342
344,345,465
224,345,344
346,467,466
225,346,345
347,467,346
347,468,467
710,590,711
338,339,459
584,585,705
342,343,463
587,588,708
345,466,465
467,588,587
214,215,335
337,457,336
218,339,338
340,341,461
212,213,333
336,456,335
219,340,339
341,462,461
211,212,332
334,454,333
334,214,335
213,93,214
331,332,452
331,211,332
332,453,452
332,333,453
213,334,333
335,456,455
454,575,574
703,582,583
334,455,454
334,335,455
338,459,458
339,340,460
461,460,340
459,339,460
697,577,698
580,459,460
702,701,581
581,460,461
455,576,575
457,458,578
698,577,578
576,456,577
700,699,579
577,457,578
818,697,698
696,575,576
702,823,822
698,578,699
817,696,697
695,575,696
698,819,818
820,940,819
703,824,823
699,578,579
703,702,582
703,704,824
701,700,580
578,458,579
580,700,579
701,821,700
701,580,581
579,459,580
704,703,583
704,825,824
584,705,704
707,828,827
584,704,583
705,825,704
705,826,825
827,948,947
705,706,826
828,948,827
830,829,709
586,706,585
585,706,705
707,827,706
830,709,710
586,707,706
713,834,833
710,709,589
707,587,708
468,469,589
468,589,588
590,470,591
462,463,583
586,466,587
586,587,707
466,467,587
582,461,462
582,581,461
342,463,462
464,585,584
463,584,583
463,464,584
343,464,463
465,585,464
465,586,585
465,466,586
471,470,350
592,593,713
351,471,350
472,473,593
353,473,352
473,594,593
480,600,479
595,594,474
591,592,712
592,472,593
475,595,474
717,597,718
590,591,711
470,471,591
471,592,591
471,472,592
469,590,589
469,470,590
714,834,713
711,591,712
954,833,834
954,953,833
714,713,593
712,592,713
715,836,835
837,957,836
958,837,838
958,957,837
715,714,594
715,835,714
716,715,595
716,836,715
837,716,717
837,836,716
475,596,595
598,599,719
718,839,838
840,841,961
719,840,839
841,962,961
720,841,840
842,962,841
724,845,844
846,966,845
846,726,847
841,721,842
720,600,721
724,603,604
602,481,482
845,725,846
724,604,725
598,477,478
601,721,600
725,605,726
604,484,605
597,598,718
599,720,719
478,479,599
600,720,599
354,475,474
479,600,599
475,476,596
476,477,597
356,357,477
480,481,601
359,480,479
481,602,601
359,360,480
482,603,602
361,482,481
483,603,482
483,362,363
483,482,362
239,360,359
361,481,360
362,241,242
240,120,241
113,114,234
236,356,235
236,357,356
358,479,478
597,477,598
476,356,477
598,478,599
477,357,478
237,358,357
359,479,358
352,473,472
474,594,473
596,476,597
475,354,355
226,227,347
349,470,469
349,229,350
352,472,351
228,349,348
350,470,349
111,231,110
232,353,352
111,232,231
233,354,353
113,234,233
234,355,354
476,355,356
476,475,355
230,231,351
230,110,231
112,113,233
235,355,234
106,227,226
228,348,227
350,230,351
229,108,109
227,107,228
110,230,109
112,232,111
114,115,235
115,236,235
237,236,116
238,237,117
116,236,115
118,238,117
239,359,238
361,240,241
239,118,119
362,242,363
239,238,118
240,119,120
240,239,119
241,121,242
