123.04,25.366,-40
123,25.337,-40
122.96,25.308,-40
122.92,25.278,-40
122.89,25.249,-40
122.85,25.22,-40
122.81,25.19,-40
122.77,25.161,-40
122.73,25.131,-40
122.7,25.102,-40
122.66,25.072,-40
122.62,25.043,-40
122.58,25.013,-40
122.54,24.984,-40
122.51,24.954,-40
122.47,24.925,-40
122.43,24.895,-40
122.39,24.866,-40
122.36,24.836,-40
122.32,24.807,-40
122.28,24.777,-40
122.24,24.748,-40
122.2,24.718,-40
122.17,24.688,-40
122.13,24.659,-40
122.09,24.629,-40
122.05,24.599,-40
122.02,24.569,-40
121.98,24.539,-40
121.94,24.509,-40
121.91,24.479,-40
121.87,24.449,-40
121.83,24.419,-40
121.79,24.389,-40
121.76,24.359,-40
121.72,24.329,-40
121.69,24.295,-40
121.68,24.251,-40
121.67,24.207,-40
121.65,24.163,-40
121.64,24.119,-40
121.63,24.075,-40
121.62,24.03,-40
121.61,23.986,-40
121.6,23.942,-40
121.59,23.898,-40
121.57,23.854,-40
121.56,23.81,-40
121.54,23.767,-40
121.53,23.724,-40
121.51,23.68,-40
121.5,23.637,-40
121.48,23.594,-40
121.47,23.551,-40
121.45,23.507,-40
121.44,23.464,-40
121.43,23.421,-40
121.41,23.378,-40
121.4,23.334,-40
121.38,23.291,-40
121.37,23.248,-40
121.35,23.205,-40
121.34,23.161,-40
121.32,23.119,-40
121.3,23.076,-40
121.28,23.033,-40
121.27,22.991,-40
121.25,22.948,-40
121.23,22.906,-40
121.22,22.863,-40
121.2,22.82,-40
121.18,22.778,-40
121.17,22.735,-40
121.15,22.692,-40
121.14,22.648,-40
121.13,22.603,-40
121.12,22.559,-40
121.11,22.514,-40
121.1,22.469,-40
121.09,22.425,-40
121.09,22.38,-40
121.08,22.336,-40
121.07,22.291,-40
121.06,22.246,-40
121.05,22.202,-40
121.04,22.157,-40
121.03,22.112,-40
121.02,22.068,-40
121.01,22.023,-40
121,21.979,-40
121,21.934,-40
121.01,21.889,-40
121.01,21.844,-40
121.02,21.799,-40
121.03,21.754,-40
121.03,21.709,-40
121.04,21.664,-40
121.05,21.619,-40
121.06,21.574,-40
121.06,21.529,-40
121.07,21.484,-40
121.08,21.439,-40
121.08,21.394,-40
121.09,21.349,-40
121.1,21.306,-40
121.12,21.263,-40
121.13,21.219,-40
121.15,21.176,-40
121.16,21.133,-40
121.18,21.089,-40
121.19,21.046,-40
121.21,21.003,-40
121.22,20.959,-40
121.23,20.916,-40
121.25,20.873,-40
121.26,20.829,-40
121.28,20.786,-40
121.29,20.743,-40
121.31,20.699,-40
121.32,20.656,-40
121.34,20.613,-40
122.99,25.379,-37.171
122.96,25.35,-37.217
122.92,25.32,-37.21
122.88,25.291,-37.18
122.84,25.262,-37.213
122.8,25.232,-37.199
122.76,25.203,-37.193
122.73,25.173,-37.22
122.69,25.144,-37.177
122.65,25.115,-37.21
122.61,25.085,-37.219
122.58,25.056,-37.177
122.54,25.026,-37.219
122.5,24.997,-37.198
122.46,24.967,-37.188
122.42,24.938,-37.226
122.39,24.908,-37.185
122.35,24.879,-37.203
122.31,24.849,-37.213
122.27,24.819,-37.173
122.24,24.79,-37.223
122.2,24.76,-37.204
122.16,24.731,-37.183
122.12,24.701,-37.219
122.08,24.672,-37.193
122.05,24.642,-37.178
122.01,24.612,-37.176
121.97,24.582,-37.173
121.94,24.552,-37.172
121.9,24.522,-37.178
121.86,24.492,-37.176
121.82,24.462,-37.177
121.79,24.432,-37.171
121.75,24.402,-37.174
121.71,24.371,-37.18
121.68,24.341,-37.175
121.64,24.307,-37.17
121.63,24.263,-37.17
121.62,24.219,-37.17
121.61,24.174,-37.17
121.6,24.13,-37.17
121.59,24.086,-37.17
121.58,24.042,-37.17
121.56,23.998,-37.17
121.55,23.954,-37.17
121.54,23.909,-37.17
121.53,23.865,-37.168
121.52,23.822,-37.17
121.5,23.779,-37.17
121.49,23.735,-37.17
121.47,23.692,-37.17
121.46,23.649,-37.17
121.44,23.606,-37.17
121.43,23.562,-37.17
121.41,23.519,-37.17
121.4,23.476,-37.17
121.38,23.433,-37.17
121.37,23.389,-37.17
121.35,23.346,-37.17
121.34,23.303,-37.17
121.32,23.26,-37.17
121.31,23.216,-37.17
121.29,23.173,-37.169
121.27,23.131,-37.17
121.26,23.088,-37.17
121.24,23.045,-37.17
121.22,23.003,-37.17
121.21,22.96,-37.17
121.19,22.917,-37.17
121.17,22.875,-37.17
121.16,22.832,-37.17
121.14,22.79,-37.17
121.12,22.747,-37.17
121.11,22.704,-37.173
121.1,22.66,-37.17
121.09,22.615,-37.17
121.08,22.571,-37.17
121.07,22.526,-37.17
121.06,22.481,-37.17
121.05,22.437,-37.17
121.04,22.392,-37.17
121.03,22.348,-37.17
121.02,22.303,-37.17
121.01,22.258,-37.17
121.01,22.214,-37.17
121,22.169,-37.17
120.99,22.124,-37.17
120.98,22.08,-37.17
120.97,22.035,-37.17
120.96,21.991,-37.17
120.96,21.945,-37.174
120.96,21.9,-37.174
120.97,21.856,-37.176
120.98,21.811,-37.175
120.98,21.766,-37.173
120.99,21.721,-37.175
121,21.676,-37.175
121,21.631,-37.172
121.01,21.586,-37.174
121.02,21.541,-37.176
121.03,21.496,-37.172
121.03,21.451,-37.175
121.04,21.406,-37.177
121.05,21.361,-37.174
121.06,21.318,-37.191
121.08,21.275,-37.174
121.09,21.231,-37.191
121.1,21.188,-37.178
121.12,21.145,-37.197
121.13,21.101,-37.184
121.15,21.058,-37.191
121.16,21.015,-37.19
121.18,20.971,-37.185
121.19,20.928,-37.186
121.21,20.885,-37.183
121.22,20.841,-37.19
121.23,20.798,-37.182
121.25,20.755,-37.196
121.26,20.711,-37.176
121.28,20.668,-37.195
121.29,20.625,-37.17
122.95,25.392,-34.612
122.91,25.363,-34.526
122.87,25.333,-34.524
122.83,25.304,-34.519
122.8,25.274,-34.54
122.76,25.245,-34.519
122.72,25.215,-34.533
122.68,25.186,-34.529
122.64,25.157,-34.502
122.61,25.127,-34.532
122.57,25.098,-34.529
122.53,25.068,-34.511
122.49,25.039,-34.535
122.46,25.009,-34.524
122.42,24.98,-34.525
122.38,24.95,-34.53
122.34,24.921,-34.508
122.3,24.891,-34.539
122.27,24.862,-34.535
122.23,24.832,-34.504
122.19,24.802,-34.529
122.15,24.773,-34.519
122.12,24.743,-34.518
122.08,24.714,-34.536
122.04,24.684,-34.514
122,24.654,-34.505
121.97,24.624,-34.504
121.93,24.594,-34.501
121.89,24.564,-34.499
121.85,24.534,-34.506
121.82,24.504,-34.503
121.78,24.474,-34.505
121.74,24.444,-34.498
121.71,24.414,-34.501
121.67,24.384,-34.507
121.63,24.354,-34.503
121.6,24.319,-34.498
121.59,24.275,-34.498
121.58,24.231,-34.498
121.56,24.187,-34.498
121.55,24.143,-34.498
121.54,24.098,-34.498
121.53,24.054,-34.498
121.52,24.01,-34.498
121.51,23.966,-34.498
121.5,23.922,-34.498
121.49,23.877,-34.495
121.47,23.834,-34.498
121.46,23.791,-34.498
121.44,23.748,-34.498
121.43,23.704,-34.498
121.41,23.661,-34.498
121.4,23.618,-34.498
121.38,23.575,-34.498
121.37,23.531,-34.498
121.35,23.488,-34.498
121.34,23.445,-34.498
121.32,23.402,-34.498
121.31,23.358,-34.498
121.29,23.315,-34.498
121.28,23.272,-34.498
121.26,23.229,-34.498
121.25,23.185,-34.496
121.23,23.143,-34.498
121.21,23.1,-34.498
121.2,23.057,-34.498
121.18,23.015,-34.498
121.16,22.972,-34.498
121.15,22.93,-34.498
121.13,22.887,-34.498
121.11,22.844,-34.498
121.1,22.802,-34.498
121.08,22.759,-34.498
121.06,22.716,-34.5
121.05,22.672,-34.498
121.04,22.627,-34.498
121.03,22.583,-34.498
121.02,22.538,-34.498
121.02,22.493,-34.498
121.01,22.449,-34.498
121,22.404,-34.498
120.99,22.36,-34.498
120.98,22.315,-34.498
120.97,22.27,-34.498
120.96,22.226,-34.498
120.95,22.181,-34.498
120.94,22.137,-34.498
120.94,22.092,-34.498
120.93,22.047,-34.498
120.92,22.003,-34.498
120.91,21.958,-34.502
120.92,21.913,-34.501
120.93,21.868,-34.503
120.93,21.823,-34.502
120.94,21.778,-34.501
120.95,21.733,-34.502
120.95,21.688,-34.503
120.96,21.643,-34.5
120.97,21.598,-34.502
120.98,21.553,-34.504
120.98,21.508,-34.499
120.99,21.463,-34.503
121,21.418,-34.505
121,21.373,-34.501
121.02,21.33,-34.519
121.03,21.287,-34.5
121.05,21.243,-34.52
121.06,21.2,-34.506
121.08,21.157,-34.524
121.09,21.113,-34.512
121.1,21.07,-34.519
121.12,21.027,-34.518
121.13,20.983,-34.513
121.15,20.94,-34.513
121.16,20.897,-34.512
121.18,20.853,-34.519
121.19,20.81,-34.509
121.21,20.767,-34.525
121.22,20.724,-34.503
121.23,20.68,-34.523
121.25,20.637,-34.498
122.9,25.405,-32.254
122.87,25.375,-32.008
122.83,25.346,-32.001
122.79,25.316,-31.985
122.75,25.287,-32.008
122.71,25.258,-31.993
122.68,25.228,-31.991
122.64,25.199,-32.005
122.6,25.169,-31.976
122.56,25.14,-32.007
122.52,25.11,-32.007
122.49,25.081,-31.979
122.45,25.051,-32.003
122.41,25.022,-31.99
122.37,24.992,-31.996
122.33,24.963,-32.011
122.3,24.933,-31.982
122.26,24.904,-32.001
122.22,24.874,-32.005
122.18,24.844,-31.974
122.15,24.815,-32.004
122.11,24.785,-31.996
122.07,24.756,-31.99
122.03,24.726,-32.013
122,24.696,-31.989
121.96,24.666,-31.975
121.92,24.636,-31.979
121.88,24.606,-31.972
121.85,24.576,-31.973
121.81,24.546,-31.979
121.77,24.516,-31.977
121.73,24.486,-31.976
121.7,24.456,-31.971
121.66,24.426,-31.976
121.62,24.396,-31.976
121.59,24.366,-31.979
121.55,24.331,-31.97
121.54,24.287,-31.97
121.53,24.243,-31.97
121.52,24.199,-31.97
121.51,24.155,-31.97
121.5,24.111,-31.97
121.49,24.066,-31.97
121.47,24.022,-31.97
121.46,23.978,-31.97
121.45,23.934,-31.97
121.44,23.89,-31.968
121.43,23.846,-31.97
121.41,23.803,-31.97
121.4,23.76,-31.97
121.38,23.717,-31.97
121.37,23.673,-31.97
121.35,23.63,-31.97
121.34,23.587,-31.97
121.32,23.544,-31.97
121.31,23.5,-31.97
121.29,23.457,-31.97
121.28,23.414,-31.97
121.26,23.371,-31.97
121.25,23.327,-31.97
121.23,23.284,-31.97
121.22,23.241,-31.97
121.2,23.198,-31.969
121.19,23.155,-31.97
121.17,23.112,-31.97
121.15,23.07,-31.97
121.14,23.027,-31.97
121.12,22.984,-31.97
121.1,22.942,-31.97
121.08,22.899,-31.97
121.07,22.856,-31.97
121.05,22.814,-31.97
121.03,22.771,-31.97
121.02,22.729,-31.972
121.01,22.684,-31.97
121,22.639,-31.97
120.99,22.595,-31.97
120.98,22.55,-31.97
120.97,22.506,-31.97
120.96,22.461,-31.97
120.95,22.416,-31.97
120.95,22.372,-31.97
120.94,22.327,-31.97
120.93,22.282,-31.97
120.92,22.238,-31.97
120.91,22.193,-31.97
120.9,22.149,-31.97
120.89,22.104,-31.97
120.88,22.059,-31.97
120.87,22.015,-31.97
120.87,21.97,-31.976
120.88,21.925,-31.973
120.88,21.88,-31.977
120.89,21.835,-31.977
120.9,21.79,-31.972
120.9,21.745,-31.978
120.91,21.7,-31.977
120.92,21.655,-31.971
120.92,21.61,-31.979
120.93,21.565,-31.978
120.94,21.52,-31.971
120.95,21.475,-31.98
120.95,21.43,-31.979
120.96,21.385,-31.973
120.97,21.342,-31.993
120.99,21.299,-31.974
121,21.255,-32
121.02,21.212,-31.981
121.03,21.169,-31.995
121.05,21.126,-31.987
121.06,21.082,-31.989
121.08,21.039,-31.984
121.09,20.996,-31.988
121.1,20.952,-31.99
121.12,20.909,-31.987
121.13,20.866,-31.996
121.15,20.822,-31.981
121.16,20.779,-31.996
121.18,20.736,-31.975
121.19,20.692,-31.99
121.21,20.649,-31.97
122.86,25.417,-29.898
122.82,25.388,-29.613
122.78,25.358,-29.608
122.74,25.329,-29.589
122.71,25.3,-29.615
122.67,25.27,-29.598
122.63,25.241,-29.606
122.59,25.211,-29.621
122.55,25.182,-29.585
122.52,25.152,-29.607
122.48,25.123,-29.606
122.44,25.093,-29.589
122.4,25.064,-29.621
122.37,25.034,-29.604
122.33,25.005,-29.6
122.29,24.975,-29.615
122.25,24.946,-29.59
122.21,24.916,-29.608
122.18,24.886,-29.612
122.14,24.857,-29.583
122.1,24.827,-29.618
122.06,24.798,-29.61
122.03,24.768,-29.594
121.99,24.738,-29.61
121.95,24.709,-29.592
121.91,24.679,-29.588
121.88,24.649,-29.583
121.84,24.619,-29.581
121.8,24.589,-29.582
121.76,24.559,-29.584
121.73,24.529,-29.587
121.69,24.499,-29.582
121.65,24.469,-29.579
121.62,24.438,-29.582
121.58,24.408,-29.586
121.54,24.378,-29.585
121.51,24.344,-29.578
121.5,24.3,-29.578
121.49,24.255,-29.578
121.48,24.211,-29.578
121.46,24.167,-29.578
121.45,24.123,-29.578
121.44,24.079,-29.578
121.43,24.034,-29.578
121.42,23.99,-29.578
121.41,23.946,-29.578
121.4,23.902,-29.576
121.38,23.858,-29.578
121.37,23.815,-29.578
121.35,23.772,-29.578
121.34,23.729,-29.578
121.32,23.685,-29.578
121.31,23.642,-29.578
121.29,23.599,-29.578
121.28,23.556,-29.578
121.26,23.512,-29.578
121.25,23.469,-29.578
121.23,23.426,-29.578
121.22,23.383,-29.578
121.2,23.339,-29.578
121.19,23.296,-29.578
121.17,23.253,-29.578
121.16,23.21,-29.577
121.14,23.167,-29.578
121.13,23.124,-29.578
121.11,23.082,-29.578
121.09,23.039,-29.578
121.07,22.997,-29.578
121.06,22.954,-29.578
121.04,22.911,-29.578
121.02,22.869,-29.578
121.01,22.826,-29.578
120.99,22.783,-29.578
120.97,22.741,-29.58
120.96,22.696,-29.578
120.96,22.652,-29.578
120.95,22.607,-29.578
120.94,22.562,-29.578
120.93,22.518,-29.578
120.92,22.473,-29.578
120.91,22.428,-29.578
120.9,22.384,-29.578
120.89,22.339,-29.578
120.88,22.295,-29.578
120.87,22.25,-29.578
120.87,22.205,-29.578
120.86,22.161,-29.578
120.85,22.116,-29.578
120.84,22.071,-29.578
120.83,22.027,-29.578
120.83,21.982,-29.582
120.83,21.937,-29.582
120.84,21.892,-29.587
120.85,21.847,-29.581
120.85,21.802,-29.581
120.86,21.757,-29.586
120.87,21.712,-29.581
120.87,21.667,-29.581
120.88,21.622,-29.585
120.89,21.577,-29.582
120.89,21.532,-29.58
120.9,21.487,-29.584
120.91,21.442,-29.583
120.92,21.398,-29.582
120.93,21.354,-29.59
120.94,21.311,-29.581
120.96,21.268,-29.594
120.97,21.224,-29.585
120.99,21.181,-29.595
121,21.138,-29.584
121.02,21.094,-29.592
121.03,21.051,-29.588
121.05,21.008,-29.588
121.06,20.964,-29.591
121.08,20.921,-29.584
121.09,20.878,-29.595
121.1,20.834,-29.588
121.12,20.791,-29.594
121.13,20.748,-29.584
121.15,20.704,-29.59
121.16,20.661,-29.578
122.81,25.43,-27.31
122.78,25.4,-27.354
122.74,25.371,-27.33
122.7,25.342,-27.325
122.66,25.312,-27.349
122.62,25.283,-27.327
122.59,25.253,-27.336
122.55,25.224,-27.349
122.51,25.194,-27.314
122.47,25.165,-27.348
122.43,25.135,-27.334
122.4,25.106,-27.319
122.36,25.076,-27.342
122.32,25.047,-27.326
122.28,25.017,-27.337
122.25,24.988,-27.356
122.21,24.958,-27.319
122.17,24.928,-27.342
122.13,24.899,-27.339
122.09,24.869,-27.313
122.06,24.84,-27.349
122.02,24.81,-27.326
121.98,24.78,-27.33
121.94,24.751,-27.354
121.91,24.721,-27.323
121.87,24.691,-27.316
121.83,24.661,-27.319
121.79,24.631,-27.312
121.76,24.601,-27.314
121.72,24.571,-27.318
121.68,24.541,-27.319
121.65,24.511,-27.316
121.61,24.481,-27.311
121.57,24.451,-27.316
121.53,24.421,-27.315
121.5,24.39,-27.321
121.47,24.356,-27.31
121.45,24.312,-27.31
121.44,24.268,-27.31
121.43,24.223,-27.31
121.42,24.179,-27.31
121.41,24.135,-27.31
121.4,24.091,-27.31
121.39,24.047,-27.31
121.37,24.003,-27.31
121.36,23.958,-27.31
121.35,23.914,-27.308
121.34,23.871,-27.31
121.32,23.827,-27.31
121.31,23.784,-27.31
121.29,23.741,-27.31
121.28,23.698,-27.31
121.26,23.654,-27.31
121.25,23.611,-27.31
121.23,23.568,-27.31
121.22,23.525,-27.31
121.2,23.481,-27.31
121.19,23.438,-27.31
121.17,23.395,-27.31
121.16,23.352,-27.31
121.14,23.308,-27.31
121.13,23.265,-27.31
121.11,23.222,-27.309
121.1,23.179,-27.31
121.08,23.137,-27.31
121.06,23.094,-27.31
121.05,23.051,-27.31
121.03,23.009,-27.31
121.01,22.966,-27.31
121,22.923,-27.31
120.98,22.881,-27.31
120.96,22.838,-27.31
120.95,22.795,-27.31
120.93,22.753,-27.312
120.92,22.708,-27.31
120.91,22.664,-27.31
120.9,22.619,-27.31
120.89,22.574,-27.31
120.88,22.53,-27.31
120.88,22.485,-27.31
120.87,22.44,-27.31
120.86,22.396,-27.31
120.85,22.351,-27.31
120.84,22.307,-27.31
120.83,22.262,-27.31
120.82,22.217,-27.31
120.81,22.173,-27.31
120.8,22.128,-27.31
120.79,22.084,-27.31
120.79,22.039,-27.31
120.78,21.994,-27.316
120.79,21.949,-27.312
120.8,21.904,-27.319
120.8,21.859,-27.317
120.81,21.814,-27.312
120.82,21.769,-27.32
120.82,21.724,-27.318
120.83,21.679,-27.311
120.84,21.634,-27.32
120.84,21.589,-27.319
120.85,21.544,-27.312
120.86,21.5,-27.32
120.86,21.455,-27.318
120.87,21.41,-27.313
120.89,21.366,-27.327
120.9,21.323,-27.313
120.92,21.28,-27.323
120.93,21.236,-27.317
120.94,21.193,-27.322
120.96,21.15,-27.321
120.97,21.106,-27.326
120.99,21.063,-27.323
121,21.02,-27.324
121.02,20.977,-27.32
121.03,20.933,-27.32
121.05,20.89,-27.324
121.06,20.847,-27.316
121.08,20.803,-27.328
121.09,20.76,-27.312
121.1,20.717,-27.33
121.12,20.673,-27.31
122.77,25.443,-25.161
122.73,25.413,-25.188
122.69,25.384,-25.176
122.66,25.354,-25.17
122.62,25.325,-25.183
122.58,25.295,-25.175
122.54,25.266,-25.177
122.5,25.236,-25.191
122.47,25.207,-25.162
122.43,25.177,-25.184
122.39,25.148,-25.181
122.35,25.118,-25.166
122.31,25.089,-25.187
122.28,25.059,-25.18
122.24,25.03,-25.178
122.2,25,-25.186
122.16,24.971,-25.167
122.13,24.941,-25.179
122.09,24.911,-25.185
122.05,24.882,-25.162
122.01,24.852,-25.191
121.97,24.822,-25.178
121.94,24.793,-25.174
121.9,24.763,-25.182
121.86,24.733,-25.172
121.82,24.704,-25.165
121.79,24.674,-25.169
121.75,24.643,-25.162
121.71,24.613,-25.162
121.68,24.583,-25.169
121.64,24.553,-25.165
121.6,24.523,-25.166
121.56,24.493,-25.159
121.53,24.463,-25.164
121.49,24.433,-25.167
121.45,24.403,-25.167
121.42,24.368,-25.158
121.41,24.324,-25.158
121.4,24.28,-25.158
121.39,24.236,-25.158
121.38,24.191,-25.158
121.36,24.147,-25.158
121.35,24.103,-25.158
121.34,24.059,-25.158
121.33,24.015,-25.158
121.32,23.971,-25.158
121.31,23.926,-25.156
121.29,23.883,-25.158
121.28,23.84,-25.158
121.26,23.796,-25.158
121.25,23.753,-25.158
121.23,23.71,-25.158
121.22,23.667,-25.158
121.2,23.623,-25.158
121.19,23.58,-25.158
121.17,23.537,-25.158
121.16,23.494,-25.158
121.14,23.45,-25.158
121.13,23.407,-25.158
121.11,23.364,-25.158
121.1,23.32,-25.158
121.09,23.277,-25.158
121.07,23.234,-25.157
121.05,23.191,-25.158
121.04,23.149,-25.158
121.02,23.106,-25.158
121,23.063,-25.158
120.99,23.021,-25.158
120.97,22.978,-25.158
120.95,22.935,-25.158
120.94,22.893,-25.158
120.92,22.85,-25.158
120.9,22.807,-25.158
120.89,22.765,-25.16
120.88,22.72,-25.158
120.87,22.676,-25.158
120.86,22.631,-25.158
120.85,22.586,-25.158
120.84,22.542,-25.158
120.83,22.497,-25.158
120.82,22.453,-25.158
120.81,22.408,-25.158
120.8,22.363,-25.158
120.8,22.319,-25.158
120.79,22.274,-25.158
120.78,22.229,-25.158
120.77,22.185,-25.158
120.76,22.14,-25.158
120.75,22.096,-25.158
120.74,22.051,-25.158
120.74,22.006,-25.165
120.74,21.961,-25.163
120.75,21.916,-25.165
120.76,21.871,-25.165
120.77,21.826,-25.162
120.77,21.781,-25.166
120.78,21.736,-25.166
120.79,21.691,-25.161
120.79,21.646,-25.167
120.8,21.601,-25.167
120.81,21.556,-25.16
120.81,21.512,-25.167
120.82,21.467,-25.168
120.83,21.422,-25.161
120.84,21.378,-25.18
120.86,21.335,-25.161
120.87,21.292,-25.176
120.89,21.248,-25.165
120.9,21.205,-25.172
120.92,21.162,-25.169
120.93,21.118,-25.17
120.94,21.075,-25.173
120.96,21.032,-25.174
120.97,20.989,-25.173
120.99,20.945,-25.17
121,20.902,-25.17
121.02,20.859,-25.166
121.03,20.815,-25.174
121.05,20.772,-25.162
121.06,20.729,-25.178
121.08,20.685,-25.158
122.72,25.455,-23.116
122.69,25.426,-23.147
122.65,25.396,-23.134
122.61,25.367,-23.129
122.57,25.337,-23.14
122.53,25.308,-23.133
122.5,25.278,-23.134
122.46,25.249,-23.15
122.42,25.219,-23.12
122.38,25.19,-23.143
122.35,25.16,-23.139
122.31,25.131,-23.124
122.27,25.101,-23.145
122.23,25.072,-23.138
122.19,25.042,-23.136
122.16,25.013,-23.146
122.12,24.983,-23.125
122.08,24.953,-23.138
122.04,24.924,-23.143
122.01,24.894,-23.12
121.97,24.864,-23.15
121.93,24.835,-23.138
121.89,24.805,-23.132
121.85,24.776,-23.141
121.82,24.746,-23.13
121.78,24.716,-23.124
121.74,24.686,-23.127
121.71,24.656,-23.12
121.67,24.626,-23.119
121.63,24.596,-23.127
121.59,24.566,-23.122
121.56,24.535,-23.124
121.52,24.505,-23.117
121.48,24.475,-23.122
121.45,24.445,-23.126
121.41,24.415,-23.125
121.38,24.38,-23.116
121.37,24.336,-23.116
121.35,24.292,-23.116
121.34,24.248,-23.116
121.33,24.204,-23.116
121.32,24.159,-23.116
121.31,24.115,-23.116
121.3,24.071,-23.116
121.29,24.027,-23.116
121.27,23.983,-23.116
121.26,23.939,-23.114
121.25,23.895,-23.116
121.23,23.852,-23.116
121.22,23.809,-23.116
121.2,23.765,-23.116
121.19,23.722,-23.116
121.17,23.679,-23.116
121.16,23.635,-23.116
121.14,23.592,-23.116
121.13,23.549,-23.116
121.12,23.506,-23.116
121.1,23.462,-23.116
121.09,23.419,-23.116
121.07,23.376,-23.116
121.06,23.333,-23.116
121.04,23.289,-23.116
121.03,23.246,-23.115
121.01,23.203,-23.116
120.99,23.161,-23.116
120.98,23.118,-23.116
120.96,23.075,-23.116
120.94,23.033,-23.116
120.93,22.99,-23.116
120.91,22.947,-23.116
120.89,22.905,-23.116
120.88,22.862,-23.116
120.86,22.819,-23.116
120.84,22.777,-23.118
120.83,22.732,-23.116
120.82,22.688,-23.116
120.81,22.643,-23.116
120.81,22.598,-23.116
120.8,22.554,-23.116
120.79,22.509,-23.116
120.78,22.465,-23.116
120.77,22.42,-23.116
120.76,22.375,-23.116
120.75,22.331,-23.116
120.74,22.286,-23.116
120.73,22.241,-23.116
120.72,22.197,-23.116
120.72,22.152,-23.116
120.71,22.108,-23.116
120.7,22.063,-23.116
120.69,22.018,-23.118
120.7,21.973,-23.118
120.71,21.928,-23.121
120.71,21.883,-23.118
120.72,21.838,-23.117
120.73,21.793,-23.121
120.74,21.748,-23.118
120.74,21.703,-23.117
120.75,21.658,-23.121
120.76,21.613,-23.119
120.76,21.568,-23.117
120.77,21.524,-23.12
120.78,21.479,-23.119
120.78,21.434,-23.119
120.8,21.39,-23.139
120.81,21.347,-23.118
120.83,21.304,-23.135
120.84,21.261,-23.123
120.86,21.217,-23.131
120.87,21.174,-23.127
120.89,21.131,-23.128
120.9,21.087,-23.131
120.92,21.044,-23.132
120.93,21.001,-23.132
120.94,20.957,-23.129
120.96,20.914,-23.128
120.97,20.871,-23.124
120.99,20.827,-23.132
121,20.784,-23.12
121.02,20.741,-23.136
121.03,20.698,-23.116
122.68,25.468,-21.176
122.64,25.438,-21.208
122.6,25.409,-21.203
122.57,25.379,-21.188
122.53,25.35,-21.207
122.49,25.32,-21.204
122.45,25.291,-21.2
122.41,25.261,-21.215
122.38,25.232,-21.183
122.34,25.202,-21.202
122.3,25.173,-21.209
122.26,25.143,-21.183
122.22,25.114,-21.212
122.19,25.084,-21.208
122.15,25.055,-21.196
122.11,25.025,-21.207
122.07,24.995,-21.191
122.04,24.966,-21.197
122,24.936,-21.215
121.96,24.907,-21.179
121.92,24.877,-21.212
121.89,24.847,-21.199
121.85,24.818,-21.191
121.81,24.788,-21.203
121.77,24.758,-21.198
121.74,24.728,-21.181
121.7,24.698,-21.186
121.66,24.668,-21.179
121.62,24.638,-21.177
121.59,24.608,-21.18
121.55,24.578,-21.184
121.51,24.548,-21.184
121.48,24.518,-21.176
121.44,24.487,-21.178
121.4,24.457,-21.18
121.36,24.427,-21.187
121.33,24.393,-21.176
121.32,24.348,-21.176
121.31,24.304,-21.176
121.3,24.26,-21.176
121.29,24.216,-21.176
121.28,24.172,-21.176
121.26,24.127,-21.176
121.25,24.083,-21.176
121.24,24.039,-21.176
121.23,23.995,-21.176
121.22,23.951,-21.174
121.2,23.907,-21.176
121.19,23.864,-21.176
121.18,23.821,-21.176
121.16,23.777,-21.176
121.15,23.734,-21.176
121.13,23.691,-21.176
121.12,23.648,-21.176
121.1,23.604,-21.176
121.09,23.561,-21.176
121.07,23.518,-21.176
121.06,23.475,-21.176
121.04,23.431,-21.176
121.03,23.388,-21.176
121.01,23.345,-21.176
121,23.301,-21.176
120.98,23.258,-21.175
120.97,23.215,-21.176
120.95,23.173,-21.176
120.93,23.13,-21.176
120.91,23.088,-21.176
120.9,23.045,-21.176
120.88,23.002,-21.176
120.86,22.96,-21.176
120.85,22.917,-21.176
120.83,22.874,-21.176
120.81,22.832,-21.176
120.8,22.789,-21.177
120.79,22.744,-21.176
120.78,22.7,-21.176
120.77,22.655,-21.176
120.76,22.61,-21.176
120.75,22.566,-21.176
120.74,22.521,-21.176
120.73,22.477,-21.176
120.73,22.432,-21.176
120.72,22.387,-21.176
120.71,22.343,-21.176
120.7,22.298,-21.176
120.69,22.253,-21.176
120.68,22.209,-21.176
120.67,22.164,-21.176
120.66,22.12,-21.176
120.65,22.075,-21.176
120.65,22.03,-21.178
120.66,21.985,-21.177
120.66,21.94,-21.18
120.67,21.895,-21.178
120.68,21.85,-21.176
120.68,21.805,-21.18
120.69,21.76,-21.179
120.7,21.715,-21.176
120.71,21.67,-21.18
120.71,21.625,-21.179
120.72,21.581,-21.176
120.73,21.536,-21.179
120.73,21.491,-21.179
120.74,21.446,-21.178
120.76,21.402,-21.199
120.77,21.359,-21.18
120.78,21.316,-21.194
120.8,21.273,-21.186
120.81,21.229,-21.189
120.83,21.186,-21.192
120.84,21.143,-21.191
120.86,21.099,-21.198
120.87,21.056,-21.192
120.89,21.013,-21.192
120.9,20.97,-21.188
120.92,20.926,-21.191
120.93,20.883,-21.184
120.94,20.84,-21.196
120.96,20.796,-21.179
120.97,20.753,-21.201
120.99,20.71,-21.176
122.63,25.48,-19.358
122.6,25.451,-19.39
122.56,25.421,-19.377
122.52,25.392,-19.366
122.48,25.362,-19.381
122.45,25.333,-19.377
122.41,25.303,-19.391
122.37,25.274,-19.4
122.33,25.244,-19.357
122.29,25.215,-19.397
122.26,25.185,-19.384
122.22,25.156,-19.363
122.18,25.126,-19.38
122.14,25.097,-19.372
122.1,25.067,-19.382
122.07,25.037,-19.393
122.03,25.008,-19.364
121.99,24.978,-19.404
121.95,24.949,-19.391
121.92,24.919,-19.355
121.88,24.889,-19.386
121.84,24.86,-19.372
121.8,24.83,-19.373
121.77,24.8,-19.386
121.73,24.77,-19.371
121.69,24.741,-19.355
121.65,24.71,-19.35
121.62,24.68,-19.352
121.58,24.65,-19.353
121.54,24.62,-19.359
121.5,24.59,-19.353
121.47,24.56,-19.352
121.43,24.53,-19.35
121.39,24.5,-19.355
121.36,24.47,-19.357
121.32,24.439,-19.351
121.29,24.405,-19.349
121.28,24.361,-19.349
121.26,24.316,-19.349
121.25,24.272,-19.349
121.24,24.228,-19.349
121.23,24.184,-19.349
121.22,24.14,-19.349
121.21,24.095,-19.349
121.2,24.051,-19.349
121.19,24.007,-19.349
121.17,23.963,-19.348
121.16,23.919,-19.349
121.15,23.876,-19.349
121.13,23.833,-19.349
121.12,23.79,-19.349
121.1,23.746,-19.349
121.09,23.703,-19.349
121.07,23.66,-19.349
121.06,23.616,-19.349
121.04,23.573,-19.349
121.03,23.53,-19.349
121.01,23.487,-19.349
121,23.443,-19.349
120.98,23.4,-19.349
120.97,23.357,-19.349
120.95,23.314,-19.349
120.94,23.27,-19.349
120.92,23.228,-19.349
120.9,23.185,-19.349
120.89,23.142,-19.349
120.87,23.1,-19.349
120.85,23.057,-19.349
120.84,23.014,-19.349
120.82,22.972,-19.349
120.8,22.929,-19.349
120.79,22.886,-19.349
120.77,22.844,-19.349
120.75,22.801,-19.351
120.74,22.756,-19.349
120.73,22.712,-19.349
120.73,22.667,-19.349
120.72,22.623,-19.349
120.71,22.578,-19.349
120.7,22.533,-19.349
120.69,22.489,-19.349
120.68,22.444,-19.349
120.67,22.399,-19.349
120.66,22.355,-19.349
120.65,22.31,-19.349
120.65,22.265,-19.349
120.64,22.221,-19.349
120.63,22.176,-19.349
120.62,22.132,-19.349
120.61,22.087,-19.35
120.61,22.042,-19.355
120.61,21.997,-19.353
120.62,21.952,-19.353
120.63,21.907,-19.356
120.63,21.862,-19.352
120.64,21.817,-19.352
120.65,21.772,-19.357
120.66,21.727,-19.352
120.66,21.682,-19.351
120.67,21.638,-19.357
120.68,21.593,-19.351
120.68,21.548,-19.351
120.69,21.503,-19.358
120.7,21.458,-19.352
120.71,21.414,-19.375
120.73,21.371,-19.353
120.74,21.328,-19.375
120.76,21.285,-19.359
120.77,21.241,-19.37
120.78,21.198,-19.364
120.8,21.155,-19.365
120.81,21.111,-19.367
120.83,21.068,-19.36
120.84,21.025,-19.362
120.86,20.982,-19.355
120.87,20.938,-19.361
120.89,20.895,-19.357
120.9,20.852,-19.366
120.92,20.808,-19.357
120.93,20.765,-19.372
120.94,20.722,-19.349
122.59,25.493,-17.755
122.55,25.464,-17.736
122.51,25.434,-17.746
122.48,25.404,-17.717
122.44,25.375,-17.756
122.4,25.345,-17.724
122.36,25.316,-17.736
122.32,25.286,-17.739
122.29,25.257,-17.702
122.25,25.227,-17.729
122.21,25.198,-17.739
122.17,25.168,-17.71
122.14,25.139,-17.749
122.1,25.109,-17.732
122.06,25.079,-17.729
122.02,25.05,-17.747
121.98,25.02,-17.71
121.95,24.991,-17.728
121.91,24.961,-17.732
121.87,24.931,-17.703
121.83,24.902,-17.742
121.8,24.872,-17.74
121.76,24.842,-17.722
121.72,24.813,-17.754
121.68,24.783,-17.718
121.65,24.753,-17.709
121.61,24.723,-17.707
121.57,24.693,-17.701
121.53,24.663,-17.698
121.5,24.632,-17.704
121.46,24.602,-17.711
121.42,24.572,-17.705
121.39,24.542,-17.699
121.35,24.512,-17.7
121.31,24.482,-17.707
121.27,24.452,-17.709
121.24,24.417,-17.698
121.23,24.373,-17.698
121.22,24.329,-17.698
121.21,24.284,-17.698
121.2,24.24,-17.698
121.19,24.196,-17.698
121.18,24.152,-17.698
121.16,24.108,-17.698
121.15,24.063,-17.698
121.14,24.019,-17.698
121.13,23.975,-17.696
121.12,23.931,-17.698
121.1,23.888,-17.698
121.09,23.845,-17.698
121.07,23.802,-17.698
121.06,23.758,-17.698
121.04,23.715,-17.698
121.03,23.672,-17.698
121.01,23.629,-17.698
121,23.585,-17.698
120.98,23.542,-17.698
120.97,23.499,-17.698
120.95,23.455,-17.698
120.94,23.412,-17.698
120.92,23.369,-17.698
120.91,23.326,-17.698
120.89,23.282,-17.697
120.88,23.24,-17.698
120.86,23.197,-17.698
120.84,23.154,-17.698
120.83,23.112,-17.698
120.81,23.069,-17.698
120.79,23.026,-17.698
120.78,22.984,-17.698
120.76,22.941,-17.698
120.74,22.898,-17.698
120.73,22.856,-17.698
120.71,22.813,-17.699
120.7,22.769,-17.698
120.69,22.724,-17.698
120.68,22.679,-17.698
120.67,22.635,-17.698
120.66,22.59,-17.698
120.66,22.545,-17.698
120.65,22.501,-17.698
120.64,22.456,-17.698
120.63,22.411,-17.698
120.62,22.367,-17.698
120.61,22.322,-17.698
120.6,22.277,-17.698
120.59,22.233,-17.698
120.58,22.188,-17.698
120.58,22.144,-17.698
120.57,22.099,-17.698
120.56,22.054,-17.7
120.57,22.009,-17.702
120.58,21.964,-17.711
120.58,21.919,-17.701
120.59,21.874,-17.701
120.6,21.829,-17.711
120.6,21.784,-17.702
120.61,21.739,-17.7
120.62,21.694,-17.71
120.63,21.65,-17.703
120.63,21.605,-17.699
120.64,21.56,-17.709
120.65,21.515,-17.704
120.65,21.47,-17.7
120.67,21.426,-17.715
120.68,21.383,-17.701
120.7,21.34,-17.714
120.71,21.297,-17.704
120.73,21.253,-17.719
120.74,21.21,-17.71
120.76,21.167,-17.725
120.77,21.123,-17.716
120.79,21.08,-17.719
120.8,21.037,-17.722
120.81,20.994,-17.714
120.83,20.95,-17.728
120.84,20.907,-17.709
120.86,20.864,-17.724
120.87,20.82,-17.703
120.89,20.777,-17.719
120.9,20.734,-17.698
122.55,25.506,-16.425
122.51,25.476,-16.265
122.47,25.447,-16.263
122.43,25.417,-16.237
122.39,25.388,-16.272
122.36,25.358,-16.239
122.32,25.328,-16.244
122.28,25.299,-16.253
122.24,25.269,-16.221
122.2,25.24,-16.257
122.17,25.21,-16.272
122.13,25.181,-16.23
122.09,25.151,-16.278
122.05,25.121,-16.248
122.02,25.092,-16.25
121.98,25.062,-16.257
121.94,25.033,-16.226
121.9,25.003,-16.25
121.86,24.973,-16.267
121.83,24.944,-16.223
121.79,24.914,-16.271
121.75,24.884,-16.256
121.71,24.855,-16.243
121.68,24.825,-16.265
121.64,24.795,-16.232
121.6,24.765,-16.222
121.56,24.735,-16.227
121.53,24.705,-16.22
121.49,24.675,-16.221
121.45,24.645,-16.217
121.42,24.615,-16.225
121.38,24.584,-16.225
121.34,24.554,-16.218
121.3,24.524,-16.221
121.27,24.494,-16.22
121.23,24.464,-16.227
121.2,24.429,-16.217
121.19,24.385,-16.217
121.18,24.341,-16.217
121.16,24.296,-16.217
121.15,24.252,-16.217
121.14,24.208,-16.217
121.13,24.164,-16.217
121.12,24.12,-16.217
121.11,24.076,-16.217
121.1,24.031,-16.217
121.09,23.987,-16.216
121.07,23.944,-16.217
121.06,23.9,-16.217
121.04,23.857,-16.217
121.03,23.814,-16.217
121.01,23.771,-16.217
121,23.727,-16.217
120.98,23.684,-16.217
120.97,23.641,-16.217
120.95,23.597,-16.217
120.94,23.554,-16.217
120.92,23.511,-16.217
120.91,23.468,-16.217
120.89,23.424,-16.217
120.88,23.381,-16.217
120.86,23.338,-16.217
120.85,23.294,-16.216
120.83,23.252,-16.217
120.82,23.209,-16.217
120.8,23.166,-16.217
120.78,23.124,-16.217
120.77,23.081,-16.217
120.75,23.038,-16.217
120.73,22.996,-16.217
120.72,22.953,-16.217
120.7,22.91,-16.217
120.68,22.868,-16.217
120.67,22.825,-16.218
120.66,22.781,-16.217
120.65,22.736,-16.217
120.64,22.691,-16.217
120.63,22.647,-16.217
120.62,22.602,-16.217
120.61,22.557,-16.217
120.6,22.513,-16.217
120.59,22.468,-16.217
120.58,22.423,-16.217
120.58,22.379,-16.217
120.57,22.334,-16.217
120.56,22.289,-16.217
120.55,22.245,-16.217
120.54,22.2,-16.217
120.53,22.156,-16.217
120.52,22.111,-16.217
120.52,22.066,-16.221
120.53,22.021,-16.221
120.53,21.976,-16.225
120.54,21.931,-16.22
120.55,21.886,-16.22
120.55,21.841,-16.226
120.56,21.796,-16.219
120.57,21.751,-16.219
120.57,21.706,-16.227
120.58,21.662,-16.218
120.59,21.617,-16.219
120.6,21.572,-16.227
120.6,21.527,-16.217
120.61,21.482,-16.219
120.62,21.438,-16.242
120.64,21.395,-16.221
120.65,21.352,-16.236
120.67,21.309,-16.228
120.68,21.265,-16.23
120.7,21.222,-16.223
120.71,21.179,-16.233
120.73,21.136,-16.23
120.74,21.092,-16.239
120.76,21.049,-16.236
120.77,21.006,-16.234
120.79,20.962,-16.243
120.8,20.919,-16.229
120.81,20.876,-16.249
120.83,20.833,-16.223
120.84,20.789,-16.246
120.86,20.746,-16.217
122.5,25.518,-14.882
122.46,25.489,-14.896
122.42,25.459,-14.901
122.39,25.43,-14.904
122.35,25.4,-14.908
122.31,25.371,-14.888
122.27,25.341,-14.914
122.23,25.311,-14.919
122.2,25.282,-14.887
122.16,25.252,-14.898
122.12,25.223,-14.906
122.08,25.193,-14.896
122.05,25.163,-14.904
122.01,25.134,-14.893
121.97,25.104,-14.918
121.93,25.075,-14.916
121.89,25.045,-14.892
121.86,25.015,-14.903
121.82,24.986,-14.911
121.78,24.956,-14.888
121.74,24.926,-14.899
121.71,24.897,-14.898
121.67,24.867,-14.911
121.63,24.837,-14.911
121.59,24.807,-14.891
121.56,24.777,-14.888
121.52,24.747,-14.893
121.48,24.717,-14.886
121.45,24.687,-14.886
121.41,24.657,-14.883
121.37,24.627,-14.891
121.33,24.597,-14.891
121.3,24.566,-14.883
121.26,24.536,-14.886
121.22,24.506,-14.886
121.19,24.476,-14.894
121.15,24.441,-14.882
121.14,24.397,-14.882
121.13,24.353,-14.882
121.12,24.309,-14.882
121.11,24.264,-14.882
121.1,24.22,-14.882
121.09,24.176,-14.882
121.08,24.132,-14.882
121.06,24.088,-14.882
121.05,24.043,-14.882
121.04,23.999,-14.881
121.03,23.956,-14.882
121.01,23.912,-14.882
121,23.869,-14.882
120.98,23.826,-14.882
120.97,23.783,-14.882
120.95,23.739,-14.882
120.94,23.696,-14.882
120.92,23.653,-14.882
120.91,23.609,-14.882
120.89,23.566,-14.882
120.88,23.523,-14.882
120.86,23.48,-14.882
120.85,23.436,-14.882
120.83,23.393,-14.882
120.82,23.35,-14.882
120.81,23.306,-14.882
120.79,23.264,-14.882
120.77,23.221,-14.882
120.75,23.178,-14.882
120.74,23.136,-14.882
120.72,23.093,-14.882
120.7,23.05,-14.882
120.69,23.008,-14.882
120.67,22.965,-14.882
120.65,22.922,-14.882
120.64,22.88,-14.882
120.62,22.837,-14.883
120.61,22.793,-14.882
120.6,22.748,-14.882
120.59,22.703,-14.882
120.59,22.659,-14.882
120.58,22.614,-14.882
120.57,22.569,-14.882
120.56,22.525,-14.882
120.55,22.48,-14.882
120.54,22.435,-14.882
120.53,22.391,-14.882
120.52,22.346,-14.882
120.51,22.301,-14.882
120.51,22.257,-14.882
120.5,22.212,-14.882
120.49,22.168,-14.882
120.48,22.123,-14.882
120.47,22.078,-14.886
120.48,22.033,-14.887
120.49,21.988,-14.891
120.5,21.943,-14.885
120.5,21.898,-14.886
120.51,21.853,-14.892
120.52,21.808,-14.884
120.52,21.763,-14.885
120.53,21.718,-14.893
120.54,21.674,-14.883
120.55,21.629,-14.884
120.55,21.584,-14.894
120.56,21.539,-14.882
120.57,21.494,-14.884
120.58,21.45,-14.909
120.6,21.407,-14.884
120.61,21.364,-14.902
120.62,21.321,-14.886
120.64,21.277,-14.896
120.65,21.234,-14.89
120.67,21.191,-14.901
120.68,21.148,-14.897
120.7,21.104,-14.907
120.71,21.061,-14.904
120.73,21.018,-14.901
120.74,20.974,-14.912
120.76,20.931,-14.895
120.77,20.888,-14.919
120.79,20.845,-14.888
120.8,20.801,-14.913
120.81,20.758,-14.882
122.46,25.531,-13.676
122.42,25.501,-13.707
122.38,25.472,-13.706
122.34,25.442,-13.689
122.3,25.413,-13.696
122.27,25.383,-13.692
122.23,25.353,-13.701
122.19,25.324,-13.709
122.15,25.294,-13.678
122.11,25.265,-13.712
122.08,25.235,-13.712
122.04,25.206,-13.684
122,25.176,-13.698
121.96,25.146,-13.697
121.93,25.117,-13.697
121.89,25.087,-13.704
121.85,25.057,-13.683
121.81,25.028,-13.709
121.77,24.998,-13.717
121.74,24.968,-13.68
121.7,24.939,-13.703
121.66,24.909,-13.702
121.62,24.879,-13.692
121.59,24.849,-13.7
121.55,24.82,-13.688
121.51,24.79,-13.692
121.47,24.76,-13.689
121.44,24.729,-13.68
121.4,24.699,-13.677
121.36,24.669,-13.686
121.33,24.639,-13.694
121.29,24.609,-13.686
121.25,24.579,-13.677
121.22,24.548,-13.68
121.18,24.518,-13.689
121.14,24.488,-13.691
121.11,24.453,-13.676
121.1,24.409,-13.676
121.09,24.365,-13.676
121.08,24.321,-13.676
121.06,24.277,-13.676
121.05,24.232,-13.676
121.04,24.188,-13.676
121.03,24.144,-13.676
121.02,24.1,-13.676
121.01,24.056,-13.676
121,24.011,-13.675
120.98,23.968,-13.676
120.97,23.925,-13.676
120.95,23.881,-13.676
120.94,23.838,-13.676
120.92,23.795,-13.676
120.91,23.751,-13.676
120.89,23.708,-13.676
120.88,23.665,-13.676
120.86,23.622,-13.676
120.85,23.578,-13.676
120.83,23.535,-13.676
120.82,23.492,-13.676
120.81,23.448,-13.676
120.79,23.405,-13.676
120.78,23.362,-13.676
120.76,23.318,-13.676
120.74,23.276,-13.676
120.73,23.233,-13.676
120.71,23.19,-13.676
120.69,23.148,-13.676
120.68,23.105,-13.676
120.66,23.062,-13.676
120.64,23.02,-13.676
120.63,22.977,-13.676
120.61,22.934,-13.676
120.59,22.892,-13.676
120.58,22.849,-13.677
120.57,22.805,-13.676
120.56,22.76,-13.676
120.55,22.715,-13.676
120.54,22.671,-13.676
120.53,22.626,-13.676
120.52,22.581,-13.676
120.51,22.537,-13.676
120.51,22.492,-13.676
120.5,22.447,-13.676
120.49,22.403,-13.676
120.48,22.358,-13.676
120.47,22.313,-13.676
120.46,22.269,-13.676
120.45,22.224,-13.676
120.44,22.179,-13.676
120.43,22.135,-13.676
120.43,22.09,-13.681
120.44,22.045,-13.681
120.44,22,-13.694
120.45,21.955,-13.682
120.46,21.91,-13.68
120.47,21.865,-13.693
120.47,21.82,-13.683
120.48,21.775,-13.679
120.49,21.73,-13.692
120.49,21.685,-13.684
120.5,21.641,-13.678
120.51,21.596,-13.691
120.52,21.551,-13.685
120.52,21.506,-13.678
120.54,21.462,-13.694
120.55,21.419,-13.678
120.57,21.376,-13.693
120.58,21.333,-13.677
120.6,21.289,-13.691
120.61,21.246,-13.679
120.63,21.203,-13.688
120.64,21.16,-13.682
120.65,21.116,-13.686
120.67,21.073,-13.684
120.68,21.03,-13.683
120.7,20.986,-13.687
120.71,20.943,-13.681
120.73,20.9,-13.69
120.74,20.857,-13.679
120.76,20.813,-13.692
120.77,20.77,-13.676
122.41,25.543,-12.593
122.37,25.514,-12.626
122.33,25.484,-12.619
122.3,25.455,-12.605
122.26,25.425,-12.634
122.22,25.395,-12.615
122.18,25.366,-12.607
122.15,25.336,-12.619
122.11,25.307,-12.599
122.07,25.277,-12.621
122.03,25.248,-12.614
121.99,25.218,-12.601
121.96,25.188,-12.635
121.92,25.159,-12.621
121.88,25.129,-12.602
121.84,25.099,-12.624
121.81,25.07,-12.604
121.77,25.04,-12.616
121.73,25.01,-12.609
121.69,24.981,-12.597
121.65,24.951,-12.63
121.62,24.921,-12.623
121.58,24.891,-12.601
121.54,24.862,-12.63
121.5,24.832,-12.61
121.47,24.802,-12.603
121.43,24.772,-12.593
121.39,24.742,-12.597
121.36,24.711,-12.598
121.32,24.681,-12.608
121.28,24.651,-12.6
121.24,24.621,-12.595
121.21,24.591,-12.594
121.17,24.561,-12.602
121.13,24.53,-12.606
121.1,24.5,-12.596
121.06,24.465,-12.593
121.05,24.421,-12.593
121.04,24.377,-12.593
121.03,24.333,-12.593
121.02,24.289,-12.593
121.01,24.244,-12.593
121,24.2,-12.593
120.99,24.156,-12.593
120.97,24.112,-12.593
120.96,24.068,-12.593
120.95,24.023,-12.592
120.94,23.98,-12.593
120.92,23.937,-12.593
120.91,23.893,-12.593
120.89,23.85,-12.593
120.88,23.807,-12.593
120.86,23.763,-12.593
120.85,23.72,-12.593
120.83,23.677,-12.593
120.82,23.634,-12.593
120.81,23.59,-12.593
120.79,23.547,-12.593
120.78,23.504,-12.593
120.76,23.46,-12.593
120.75,23.417,-12.593
120.73,23.374,-12.593
120.72,23.33,-12.592
120.7,23.288,-12.593
120.68,23.245,-12.593
120.67,23.202,-12.593
120.65,23.16,-12.593
120.63,23.117,-12.593
120.62,23.074,-12.593
120.6,23.032,-12.593
120.58,22.989,-12.593
120.57,22.946,-12.593
120.55,22.904,-12.593
120.53,22.861,-12.594
120.52,22.816,-12.593
120.51,22.772,-12.593
120.51,22.727,-12.593
120.5,22.682,-12.593
120.49,22.638,-12.593
120.48,22.593,-12.593
120.47,22.549,-12.593
120.46,22.504,-12.593
120.45,22.459,-12.593
120.44,22.415,-12.593
120.44,22.37,-12.593
120.43,22.325,-12.593
120.42,22.281,-12.593
120.41,22.236,-12.593
120.4,22.191,-12.593
120.39,22.147,-12.593
120.39,22.102,-12.593
120.39,22.057,-12.598
120.4,22.012,-12.593
120.41,21.967,-12.593
120.42,21.922,-12.597
120.42,21.877,-12.593
120.43,21.832,-12.593
120.44,21.787,-12.596
120.44,21.742,-12.593
120.45,21.697,-12.593
120.46,21.652,-12.595
120.46,21.608,-12.593
120.47,21.563,-12.593
120.48,21.518,-12.595
120.49,21.474,-12.601
120.51,21.431,-12.595
120.52,21.388,-12.598
120.54,21.345,-12.598
120.55,21.301,-12.596
120.57,21.258,-12.6
120.58,21.215,-12.593
120.6,21.172,-12.603
120.61,21.128,-12.595
120.63,21.085,-12.606
120.64,21.042,-12.598
120.65,20.998,-12.608
120.67,20.955,-12.598
120.68,20.912,-12.605
120.7,20.869,-12.595
120.71,20.825,-12.603
120.73,20.782,-12.593
122.37,25.556,-11.623
122.33,25.526,-11.641
122.29,25.497,-11.643
122.25,25.467,-11.625
122.21,25.438,-11.637
122.18,25.408,-11.626
122.14,25.378,-11.64
122.1,25.349,-11.652
122.06,25.319,-11.612
122.02,25.29,-11.646
121.99,25.26,-11.65
121.95,25.23,-11.62
121.91,25.201,-11.631
121.87,25.171,-11.632
121.84,25.141,-11.634
121.8,25.112,-11.647
121.76,25.082,-11.615
121.72,25.052,-11.649
121.69,25.023,-11.656
121.65,24.993,-11.614
121.61,24.963,-11.636
121.57,24.933,-11.638
121.54,24.904,-11.629
121.5,24.874,-11.641
121.46,24.844,-11.621
121.42,24.814,-11.61
121.39,24.784,-11.61
121.35,24.754,-11.61
121.31,24.724,-11.61
121.27,24.694,-11.61
121.24,24.663,-11.61
121.2,24.633,-11.61
121.16,24.603,-11.61
121.13,24.573,-11.61
121.09,24.543,-11.61
121.05,24.512,-11.61
121.02,24.478,-11.61
121.01,24.433,-11.61
121,24.389,-11.61
120.99,24.345,-11.61
120.98,24.301,-11.61
120.96,24.257,-11.61
120.95,24.212,-11.61
120.94,24.168,-11.61
120.93,24.124,-11.61
120.92,24.08,-11.61
120.91,24.036,-11.609
120.89,23.992,-11.61
120.88,23.949,-11.61
120.86,23.905,-11.61
120.85,23.862,-11.61
120.83,23.819,-11.61
120.82,23.776,-11.61
120.81,23.732,-11.61
120.79,23.689,-11.61
120.78,23.646,-11.61
120.76,23.602,-11.61
120.75,23.559,-11.61
120.73,23.516,-11.61
120.72,23.472,-11.61
120.7,23.429,-11.61
120.69,23.386,-11.61
120.67,23.342,-11.61
120.66,23.3,-11.61
120.64,23.257,-11.61
120.62,23.214,-11.61
120.61,23.172,-11.61
120.59,23.129,-11.61
120.57,23.086,-11.61
120.56,23.044,-11.61
120.54,23.001,-11.61
120.52,22.958,-11.61
120.51,22.916,-11.61
120.49,22.873,-11.611
120.48,22.828,-11.61
120.47,22.784,-11.61
120.46,22.739,-11.61
120.45,22.694,-11.61
120.44,22.65,-11.61
120.44,22.605,-11.61
120.43,22.561,-11.61
120.42,22.516,-11.61
120.41,22.471,-11.61
120.4,22.427,-11.61
120.39,22.382,-11.61
120.38,22.337,-11.61
120.37,22.293,-11.61
120.36,22.248,-11.61
120.36,22.203,-11.61
120.35,22.159,-11.61
120.34,22.114,-11.61
120.35,22.069,-11.61
120.36,22.024,-11.61
120.36,21.979,-11.61
120.37,21.934,-11.61
120.38,21.889,-11.61
120.39,21.844,-11.61
120.39,21.799,-11.61
120.4,21.754,-11.61
120.41,21.709,-11.61
120.41,21.664,-11.61
120.42,21.62,-11.61
120.43,21.575,-11.61
120.44,21.53,-11.611
120.45,21.486,-11.628
120.46,21.443,-11.612
120.48,21.4,-11.63
120.49,21.357,-11.613
120.51,21.313,-11.627
120.52,21.27,-11.61
120.54,21.227,-11.624
120.55,21.184,-11.613
120.57,21.14,-11.621
120.58,21.097,-11.617
120.6,21.054,-11.619
120.61,21.01,-11.62
120.63,20.967,-11.616
120.64,20.924,-11.623
120.66,20.881,-11.613
120.67,20.837,-11.626
120.68,20.794,-11.61
122.32,25.568,-10.736
122.28,25.539,-10.735
122.25,25.509,-10.741
122.21,25.48,-10.742
122.17,25.45,-10.729
122.13,25.42,-10.738
122.09,25.391,-10.749
122.06,25.361,-10.73
122.02,25.332,-10.729
121.98,25.302,-10.737
121.94,25.272,-10.738
121.9,25.243,-10.736
121.87,25.213,-10.731
121.83,25.183,-10.742
121.79,25.154,-10.752
121.75,25.124,-10.727
121.72,25.094,-10.733
121.68,25.065,-10.739
121.64,25.035,-10.736
121.6,25.005,-10.731
121.57,24.975,-10.733
121.53,24.946,-10.744
121.49,24.916,-10.746
121.45,24.886,-10.727
121.42,24.856,-10.736
121.38,24.826,-10.726
121.34,24.796,-10.726
121.3,24.766,-10.726
121.27,24.736,-10.726
121.23,24.706,-10.726
121.19,24.675,-10.726
121.16,24.645,-10.726
121.12,24.615,-10.726
121.08,24.585,-10.726
121.04,24.555,-10.726
121.01,24.524,-10.726
120.98,24.49,-10.726
120.96,24.445,-10.726
120.95,24.401,-10.726
120.94,24.357,-10.726
120.93,24.313,-10.726
120.92,24.269,-10.726
120.91,24.224,-10.726
120.9,24.18,-10.726
120.89,24.136,-10.726
120.87,24.092,-10.726
120.86,24.048,-10.725
120.85,24.004,-10.726
120.83,23.961,-10.726
120.82,23.917,-10.726
120.81,23.874,-10.726
120.79,23.831,-10.726
120.78,23.788,-10.726
120.76,23.744,-10.726
120.75,23.701,-10.726
120.73,23.658,-10.726
120.72,23.614,-10.726
120.7,23.571,-10.726
120.69,23.528,-10.726
120.67,23.484,-10.726
120.66,23.441,-10.726
120.64,23.398,-10.726
120.63,23.355,-10.726
120.61,23.312,-10.726
120.59,23.269,-10.726
120.58,23.226,-10.726
120.56,23.184,-10.726
120.54,23.141,-10.726
120.53,23.098,-10.726
120.51,23.056,-10.726
120.49,23.013,-10.726
120.48,22.97,-10.726
120.46,22.928,-10.726
120.45,22.885,-10.727
120.44,22.84,-10.726
120.43,22.796,-10.726
120.42,22.751,-10.726
120.41,22.706,-10.726
120.4,22.662,-10.726
120.39,22.617,-10.726
120.38,22.572,-10.726
120.37,22.528,-10.726
120.36,22.483,-10.726
120.36,22.439,-10.726
120.35,22.394,-10.726
120.34,22.349,-10.726
120.33,22.305,-10.726
120.32,22.26,-10.726
120.31,22.215,-10.726
120.3,22.171,-10.726
120.3,22.125,-10.726
120.31,22.081,-10.726
120.31,22.036,-10.726
120.32,21.991,-10.726
120.33,21.946,-10.726
120.33,21.901,-10.726
120.34,21.856,-10.726
120.35,21.811,-10.726
120.36,21.766,-10.726
120.36,21.721,-10.726
120.37,21.676,-10.726
120.38,21.632,-10.726
120.38,21.587,-10.726
120.39,21.542,-10.727
120.41,21.498,-10.728
120.42,21.455,-10.729
120.44,21.412,-10.732
120.45,21.369,-10.734
120.46,21.325,-10.735
120.48,21.282,-10.74
120.49,21.239,-10.738
120.51,21.196,-10.744
120.52,21.152,-10.738
120.54,21.109,-10.739
120.55,21.066,-10.735
120.57,21.022,-10.735
120.58,20.979,-10.732
120.6,20.936,-10.73
120.61,20.893,-10.729
120.63,20.849,-10.726
120.64,20.806,-10.726
122.28,25.581,-10.701
122.24,25.551,-9.9384
122.2,25.522,-9.9714
122.16,25.492,-9.9456
122.12,25.462,-9.9504
122.09,25.433,-9.957
122.05,25.403,-9.9492
122.01,25.374,-9.9625
121.97,25.344,-9.9426
121.94,25.314,-9.94
121.9,25.285,-9.9745
121.86,25.255,-9.9427
121.82,25.225,-9.9461
121.78,25.196,-9.9621
121.75,25.166,-9.9508
121.71,25.136,-9.9582
121.67,25.107,-9.9477
121.63,25.077,-9.9433
121.6,25.047,-9.9702
121.56,25.017,-9.9398
121.52,24.988,-9.9418
121.48,24.958,-9.9673
121.45,24.928,-9.9479
121.41,24.898,-9.9539
121.37,24.869,-9.9529
121.33,24.839,-9.9375
121.3,24.808,-9.9374
121.26,24.778,-9.9374
121.22,24.748,-9.9374
121.18,24.718,-9.9374
121.15,24.688,-9.9374
121.11,24.657,-9.9374
121.07,24.627,-9.9374
121.04,24.597,-9.9374
121,24.567,-9.9374
120.96,24.536,-9.9374
120.93,24.502,-9.9374
120.92,24.458,-9.9374
120.91,24.413,-9.9374
120.9,24.369,-9.9374
120.89,24.325,-9.9374
120.87,24.281,-9.9374
120.86,24.236,-9.9374
120.85,24.192,-9.9374
120.84,24.148,-9.9374
120.83,24.104,-9.9374
120.82,24.06,-9.9367
120.81,24.016,-9.9374
120.79,23.973,-9.9374
120.78,23.929,-9.9374
120.76,23.886,-9.9374
120.75,23.843,-9.9374
120.73,23.8,-9.9374
120.72,23.756,-9.9374
120.7,23.713,-9.9374
120.69,23.67,-9.9374
120.67,23.626,-9.9374
120.66,23.583,-9.9374
120.64,23.54,-9.9374
120.63,23.496,-9.9374
120.61,23.453,-9.9374
120.6,23.41,-9.9374
120.58,23.366,-9.9371
120.57,23.324,-9.9374
120.55,23.281,-9.9374
120.53,23.238,-9.9374
120.52,23.196,-9.9374
120.5,23.153,-9.9374
120.48,23.11,-9.9374
120.47,23.068,-9.9374
120.45,23.025,-9.9374
120.43,22.982,-9.9374
120.42,22.939,-9.9374
120.4,22.897,-9.9381
120.39,22.852,-9.9374
120.38,22.808,-9.9374
120.37,22.763,-9.9374
120.36,22.718,-9.9374
120.36,22.674,-9.9374
120.35,22.629,-9.9374
120.34,22.584,-9.9374
120.33,22.54,-9.9374
120.32,22.495,-9.9374
120.31,22.45,-9.9374
120.3,22.406,-9.9374
120.29,22.361,-9.9374
120.29,22.317,-9.9374
120.28,22.272,-9.9374
120.27,22.227,-9.9374
120.26,22.183,-9.9375
120.26,22.137,-9.9374
120.26,22.092,-9.9374
120.27,22.048,-9.9374
120.28,22.003,-9.9374
120.28,21.958,-9.9374
120.29,21.913,-9.9374
120.3,21.868,-9.9374
120.31,21.823,-9.9374
120.31,21.778,-9.9374
120.32,21.733,-9.9374
120.33,21.688,-9.9374
120.33,21.643,-9.9374
120.34,21.599,-9.9374
120.35,21.554,-9.9383
120.36,21.51,-9.9515
120.38,21.467,-9.9427
120.39,21.424,-9.9448
120.41,21.381,-9.9507
120.42,21.337,-9.9381
120.44,21.294,-9.9587
120.45,21.251,-9.942
120.47,21.208,-9.9667
120.48,21.164,-9.9471
120.49,21.121,-9.9747
120.51,21.078,-9.951
120.52,21.034,-9.9693
120.54,20.991,-9.9465
120.55,20.948,-9.9626
120.57,20.905,-9.942
120.58,20.861,-9.9559
120.6,20.818,-9.9374
122.23,25.593,-9.0204
122.19,25.564,-9.2704
122.16,25.534,-9.3121
122.12,25.505,-9.2824
122.08,25.475,-9.2845
122.04,25.445,-9.2944
122,25.416,-9.29
121.97,25.386,-9.2988
121.93,25.356,-9.2766
121.89,25.327,-9.2756
121.85,25.297,-9.3131
121.81,25.267,-9.2781
121.78,25.238,-9.2794
121.74,25.208,-9.3007
121.7,25.178,-9.2901
121.66,25.149,-9.2937
121.63,25.119,-9.283
121.59,25.089,-9.2807
121.55,25.059,-9.308
121.51,25.03,-9.2737
121.48,25,-9.2743
121.44,24.97,-9.307
121.4,24.94,-9.2858
121.36,24.911,-9.2886
121.33,24.881,-9.2893
121.29,24.851,-9.2703
121.25,24.821,-9.2703
121.21,24.79,-9.2703
121.18,24.76,-9.2703
121.14,24.73,-9.2703
121.1,24.7,-9.2703
121.07,24.67,-9.2703
121.03,24.639,-9.2703
120.99,24.609,-9.2703
120.95,24.579,-9.2703
120.92,24.549,-9.2703
120.89,24.514,-9.2703
120.87,24.47,-9.2703
120.86,24.425,-9.2703
120.85,24.381,-9.2703
120.84,24.337,-9.2703
120.83,24.293,-9.2703
120.82,24.249,-9.2703
120.81,24.204,-9.2703
120.8,24.16,-9.2703
120.79,24.116,-9.2703
120.77,24.072,-9.2697
120.76,24.028,-9.2703
120.75,23.985,-9.2703
120.73,23.942,-9.2703
120.72,23.898,-9.2703
120.7,23.855,-9.2703
120.69,23.812,-9.2703
120.67,23.768,-9.2703
120.66,23.725,-9.2703
120.64,23.682,-9.2703
120.63,23.638,-9.2703
120.61,23.595,-9.2703
120.6,23.552,-9.2703
120.58,23.508,-9.2703
120.57,23.465,-9.2703
120.55,23.422,-9.2703
120.54,23.378,-9.27
120.52,23.336,-9.2703
120.51,23.293,-9.2703
120.49,23.25,-9.2703
120.47,23.208,-9.2703
120.46,23.165,-9.2703
120.44,23.122,-9.2703
120.42,23.08,-9.2703
120.41,23.037,-9.2703
120.39,22.994,-9.2703
120.37,22.951,-9.2703
120.36,22.909,-9.2709
120.35,22.864,-9.2703
120.34,22.82,-9.2703
120.33,22.775,-9.2703
120.32,22.73,-9.2703
120.31,22.686,-9.2703
120.3,22.641,-9.2703
120.29,22.596,-9.2703
120.29,22.552,-9.2703
120.28,22.507,-9.2703
120.27,22.462,-9.2703
120.26,22.418,-9.2703
120.25,22.373,-9.2703
120.24,22.328,-9.2703
120.23,22.284,-9.2703
120.22,22.239,-9.2703
120.22,22.194,-9.2703
120.21,22.149,-9.2703
120.22,22.104,-9.2703
120.23,22.059,-9.2703
120.23,22.015,-9.2703
120.24,21.97,-9.2703
120.25,21.925,-9.2703
120.25,21.88,-9.2703
120.26,21.835,-9.2703
120.27,21.79,-9.2703
120.28,21.745,-9.2703
120.28,21.7,-9.2703
120.29,21.655,-9.2703
120.3,21.61,-9.2703
120.3,21.566,-9.271
120.32,21.522,-9.2703
120.33,21.479,-9.2703
120.35,21.436,-9.2703
120.36,21.393,-9.2703
120.38,21.349,-9.2708
120.39,21.306,-9.2703
120.41,21.263,-9.2788
120.42,21.219,-9.2703
120.44,21.176,-9.2868
120.45,21.133,-9.2703
120.47,21.09,-9.2904
120.48,21.046,-9.2703
120.5,21.003,-9.2837
120.51,20.96,-9.2703
120.52,20.917,-9.277
120.54,20.873,-9.2703
120.55,20.83,-9.2703
122.19,25.606,-9.0204
122.15,25.576,-8.744
122.11,25.547,-8.7464
122.07,25.517,-8.7298
122.03,25.487,-8.7263
122,25.458,-8.7469
121.96,25.428,-8.7441
121.92,25.398,-8.7224
121.88,25.369,-8.7238
121.85,25.339,-8.7503
121.81,25.309,-8.7401
121.77,25.28,-8.7247
121.73,25.25,-8.7326
121.69,25.22,-8.7552
121.66,25.191,-8.739
121.62,25.161,-8.7161
121.58,25.131,-8.732
121.54,25.101,-8.7533
121.51,25.072,-8.7338
121.47,25.042,-8.7196
121.43,25.012,-8.7389
121.39,24.982,-8.7514
121.36,24.953,-8.7339
121.32,24.923,-8.7212
121.28,24.893,-8.7403
121.24,24.863,-8.7155
121.21,24.833,-8.7155
121.17,24.803,-8.7155
121.13,24.772,-8.7155
121.1,24.742,-8.7155
121.06,24.712,-8.7155
121.02,24.682,-8.7155
120.98,24.651,-8.7155
120.95,24.621,-8.7155
120.91,24.591,-8.7155
120.87,24.561,-8.7155
120.84,24.526,-8.7155
120.83,24.482,-8.7155
120.82,24.437,-8.7155
120.81,24.393,-8.7155
120.8,24.349,-8.7155
120.79,24.305,-8.7155
120.77,24.261,-8.7155
120.76,24.216,-8.7155
120.75,24.172,-8.7155
120.74,24.128,-8.7155
120.73,24.084,-8.715
120.72,24.04,-8.7155
120.7,23.997,-8.7155
120.69,23.954,-8.7155
120.67,23.91,-8.7155
120.66,23.867,-8.7155
120.64,23.824,-8.7155
120.63,23.78,-8.7155
120.61,23.737,-8.7155
120.6,23.694,-8.7155
120.58,23.65,-8.7155
120.57,23.607,-8.7155
120.55,23.564,-8.7155
120.54,23.52,-8.7155
120.52,23.477,-8.7155
120.51,23.434,-8.7155
120.5,23.39,-8.7153
120.48,23.348,-8.7155
120.46,23.305,-8.7155
120.45,23.262,-8.7155
120.43,23.22,-8.7155
120.41,23.177,-8.7155
120.4,23.134,-8.7155
120.38,23.091,-8.7155
120.36,23.049,-8.7155
120.35,23.006,-8.7155
120.33,22.963,-8.7155
120.31,22.921,-8.716
120.3,22.876,-8.7155
120.29,22.832,-8.7155
120.29,22.787,-8.7155
120.28,22.742,-8.7155
120.27,22.698,-8.7155
120.26,22.653,-8.7155
120.25,22.608,-8.7155
120.24,22.564,-8.7155
120.23,22.519,-8.7155
120.22,22.474,-8.7155
120.22,22.43,-8.7155
120.21,22.385,-8.7155
120.2,22.34,-8.7155
120.19,22.296,-8.7155
120.18,22.251,-8.7155
120.17,22.206,-8.7155
120.17,22.161,-8.7155
120.17,22.116,-8.7155
120.18,22.071,-8.7155
120.19,22.026,-8.7155
120.2,21.982,-8.7155
120.2,21.937,-8.7155
120.21,21.892,-8.7155
120.22,21.847,-8.7155
120.22,21.802,-8.7155
120.23,21.757,-8.7155
120.24,21.712,-8.7155
120.25,21.667,-8.7155
120.25,21.622,-8.7155
120.26,21.577,-8.7161
120.28,21.534,-8.7155
120.29,21.491,-8.7155
120.3,21.448,-8.7155
120.32,21.404,-8.7155
120.33,21.361,-8.7155
120.35,21.318,-8.7155
120.36,21.275,-8.7155
120.38,21.231,-8.7155
120.39,21.188,-8.7155
120.41,21.145,-8.7155
120.42,21.102,-8.7155
120.44,21.058,-8.7155
120.45,21.015,-8.7155
120.47,20.972,-8.7155
120.48,20.929,-8.7155
120.5,20.885,-8.7155
120.51,20.842,-8.7155
122.14,25.618,-8.3469
122.1,25.589,-8.3009
122.07,25.559,-8.2634
122.03,25.529,-8.2593
121.99,25.5,-8.3179
121.95,25.47,-8.2417
121.91,25.44,-8.277
121.88,25.411,-8.2948
121.84,25.381,-8.2417
121.8,25.351,-8.2946
121.76,25.322,-8.2717
121.73,25.292,-8.253
121.69,25.262,-8.3122
121.65,25.233,-8.2485
121.61,25.203,-8.2706
121.57,25.173,-8.3031
121.54,25.143,-8.2417
121.5,25.114,-8.2883
121.46,25.084,-8.2799
121.42,25.054,-8.2467
121.39,25.024,-8.3059
121.35,24.995,-8.2568
121.31,24.965,-8.2643
121.27,24.935,-8.3113
121.24,24.905,-8.2417
121.2,24.875,-8.2417
121.16,24.845,-8.2417
121.12,24.815,-8.2417
121.09,24.784,-8.2417
121.05,24.754,-8.2417
121.01,24.724,-8.2417
120.98,24.694,-8.2417
120.94,24.664,-8.2417
120.9,24.633,-8.2417
120.87,24.603,-8.2417
120.83,24.573,-8.2417
120.8,24.538,-8.2417
120.79,24.494,-8.2417
120.77,24.449,-8.2417
120.76,24.405,-8.2417
120.75,24.361,-8.2417
120.74,24.317,-8.2417
120.73,24.273,-8.2417
120.72,24.228,-8.2417
120.71,24.184,-8.2417
120.7,24.14,-8.2417
120.69,24.096,-8.2413
120.67,24.052,-8.2417
120.66,24.009,-8.2417
120.64,23.966,-8.2417
120.63,23.922,-8.2417
120.61,23.879,-8.2417
120.6,23.836,-8.2417
120.58,23.792,-8.2417
120.57,23.749,-8.2417
120.55,23.706,-8.2417
120.54,23.662,-8.2417
120.52,23.619,-8.2417
120.51,23.576,-8.2417
120.5,23.532,-8.2417
120.48,23.489,-8.2417
120.47,23.446,-8.2417
120.45,23.402,-8.2415
120.43,23.36,-8.2417
120.42,23.317,-8.2417
120.4,23.274,-8.2417
120.38,23.232,-8.2417
120.37,23.189,-8.2417
120.35,23.146,-8.2417
120.33,23.103,-8.2417
120.32,23.061,-8.2417
120.3,23.018,-8.2417
120.29,22.975,-8.2417
120.27,22.933,-8.242
120.26,22.888,-8.2417
120.25,22.843,-8.2417
120.24,22.799,-8.2417
120.23,22.754,-8.2417
120.22,22.709,-8.2417
120.22,22.665,-8.2417
120.21,22.62,-8.2417
120.2,22.575,-8.2417
120.19,22.531,-8.2417
120.18,22.486,-8.2417
120.17,22.441,-8.2417
120.16,22.397,-8.2417
120.15,22.352,-8.2417
120.15,22.308,-8.2417
120.14,22.263,-8.2417
120.13,22.218,-8.2417
120.12,22.173,-8.2417
120.13,22.128,-8.2417
120.14,22.083,-8.2417
120.15,22.038,-8.2417
120.15,21.993,-8.2417
120.16,21.949,-8.2417
120.17,21.904,-8.2417
120.17,21.859,-8.2417
120.18,21.814,-8.2417
120.19,21.769,-8.2417
120.2,21.724,-8.2417
120.2,21.679,-8.2417
120.21,21.634,-8.2417
120.22,21.589,-8.2421
120.23,21.546,-8.2417
120.25,21.503,-8.2417
120.26,21.46,-8.2417
120.28,21.416,-8.2417
120.29,21.373,-8.2417
120.31,21.33,-8.2417
120.32,21.287,-8.2417
120.33,21.243,-8.2417
120.35,21.2,-8.2417
120.36,21.157,-8.2417
120.38,21.114,-8.2417
120.39,21.07,-8.2417
120.41,21.027,-8.2417
120.42,20.984,-8.2417
120.44,20.941,-8.2417
120.45,20.897,-8.2417
120.47,20.854,-8.2417
122.1,25.631,-7.8554
122.06,25.601,-7.8554
122.02,25.571,-7.8554
121.98,25.542,-7.8731
121.95,25.512,-7.8554
121.91,25.482,-7.8554
121.87,25.453,-7.8658
121.83,25.423,-7.8554
121.79,25.393,-7.8554
121.76,25.364,-7.8554
121.72,25.334,-7.8554
121.68,25.304,-7.8668
121.64,25.275,-7.8554
121.61,25.245,-7.8554
121.57,25.215,-7.8741
121.53,25.185,-7.8554
121.49,25.156,-7.8554
121.45,25.126,-7.8554
121.42,25.096,-7.8554
121.38,25.066,-7.8604
121.34,25.037,-7.8554
121.3,25.007,-7.8554
121.27,24.977,-7.8781
121.23,24.947,-7.8554
121.19,24.917,-7.8554
121.15,24.887,-7.8554
121.12,24.857,-7.8554
121.08,24.827,-7.8554
121.04,24.797,-7.8554
121.01,24.766,-7.8554
120.97,24.736,-7.8554
120.93,24.706,-7.8554
120.89,24.676,-7.8554
120.86,24.645,-7.8554
120.82,24.615,-7.8554
120.78,24.585,-7.8554
120.75,24.55,-7.8554
120.74,24.506,-7.8554
120.73,24.462,-7.8554
120.72,24.417,-7.8554
120.71,24.373,-7.8554
120.7,24.329,-7.8554
120.69,24.285,-7.8554
120.67,24.24,-7.8554
120.66,24.196,-7.8554
120.65,24.152,-7.8554
120.64,24.108,-7.855
120.63,24.064,-7.8554
120.61,24.021,-7.8554
120.6,23.978,-7.8554
120.58,23.934,-7.8554
120.57,23.891,-7.8554
120.55,23.848,-7.8554
120.54,23.804,-7.8554
120.52,23.761,-7.8554
120.51,23.718,-7.8554
120.49,23.674,-7.8554
120.48,23.631,-7.8554
120.47,23.588,-7.8554
120.45,23.544,-7.8554
120.44,23.501,-7.8554
120.42,23.458,-7.8554
120.41,23.414,-7.8552
120.39,23.372,-7.8554
120.37,23.329,-7.8554
120.36,23.286,-7.8554
120.34,23.243,-7.8554
120.32,23.201,-7.8554
120.31,23.158,-7.8554
120.29,23.115,-7.8554
120.27,23.073,-7.8554
120.26,23.03,-7.8554
120.24,22.987,-7.8554
120.22,22.944,-7.8558
120.21,22.9,-7.8554
120.21,22.855,-7.8554
120.2,22.811,-7.8554
120.19,22.766,-7.8554
120.18,22.721,-7.8554
120.17,22.677,-7.8554
120.16,22.632,-7.8554
120.15,22.587,-7.8554
120.14,22.543,-7.8554
120.14,22.498,-7.8554
120.13,22.453,-7.8554
120.12,22.409,-7.8554
120.11,22.364,-7.8554
120.1,22.319,-7.8554
120.09,22.275,-7.8554
120.08,22.23,-7.8554
120.08,22.185,-7.8554
120.09,22.14,-7.8554
120.09,22.095,-7.8554
120.1,22.05,-7.8554
120.11,22.005,-7.8554
120.12,21.96,-7.8554
120.12,21.916,-7.8554
120.13,21.871,-7.8554
120.14,21.826,-7.8554
120.14,21.781,-7.8554
120.15,21.736,-7.8554
120.16,21.691,-7.8554
120.17,21.646,-7.8554
120.17,21.601,-7.8558
120.19,21.558,-7.8554
120.2,21.515,-7.8554
120.22,21.471,-7.8554
120.23,21.428,-7.8554
120.25,21.385,-7.8554
120.26,21.342,-7.8554
120.28,21.299,-7.8554
120.29,21.255,-7.8554
120.31,21.212,-7.8554
120.32,21.169,-7.8554
120.34,21.126,-7.8554
120.35,21.082,-7.8554
120.36,21.039,-7.8554
120.38,20.996,-7.8554
120.39,20.953,-7.8554
120.41,20.909,-7.8554
120.42,20.866,-7.8554
122.05,25.643,-7.5326
122.01,25.613,-7.5326
121.98,25.584,-7.5326
121.94,25.554,-7.5326
121.9,25.525,-7.5326
121.86,25.495,-7.5326
121.82,25.465,-7.5326
121.79,25.435,-7.5326
121.75,25.406,-7.5326
121.71,25.376,-7.5326
121.67,25.346,-7.5326
121.64,25.317,-7.5326
121.6,25.287,-7.5326
121.56,25.257,-7.5326
121.52,25.227,-7.5326
121.48,25.198,-7.5326
121.45,25.168,-7.5326
121.41,25.138,-7.5326
121.37,25.108,-7.5326
121.33,25.079,-7.5326
121.3,25.049,-7.5326
121.26,25.019,-7.5326
121.22,24.989,-7.5326
121.18,24.959,-7.5326
121.15,24.929,-7.5326
121.11,24.899,-7.5326
121.07,24.869,-7.5326
121.04,24.839,-7.5326
121,24.809,-7.5326
120.96,24.778,-7.5326
120.92,24.748,-7.5326
120.89,24.718,-7.5326
120.85,24.688,-7.5326
120.81,24.657,-7.5326
120.78,24.627,-7.5326
120.74,24.597,-7.5326
120.71,24.562,-7.5326
120.7,24.518,-7.5326
120.69,24.474,-7.5326
120.67,24.429,-7.5326
120.66,24.385,-7.5326
120.65,24.341,-7.5326
120.64,24.297,-7.5326
120.63,24.252,-7.5326
120.62,24.208,-7.5326
120.61,24.164,-7.5326
120.6,24.12,-7.5323
120.58,24.076,-7.5326
120.57,24.033,-7.5326
120.55,23.989,-7.5326
120.54,23.946,-7.5326
120.52,23.903,-7.5326
120.51,23.86,-7.5326
120.49,23.816,-7.5326
120.48,23.773,-7.5326
120.47,23.73,-7.5326
120.45,23.686,-7.5326
120.44,23.643,-7.5326
120.42,23.6,-7.5326
120.41,23.556,-7.5326
120.39,23.513,-7.5326
120.38,23.47,-7.5326
120.36,23.426,-7.5325
120.35,23.384,-7.5326
120.33,23.341,-7.5326
120.31,23.298,-7.5326
120.3,23.255,-7.5326
120.28,23.213,-7.5326
120.26,23.17,-7.5326
120.25,23.127,-7.5326
120.23,23.085,-7.5326
120.21,23.042,-7.5326
120.2,22.999,-7.5326
120.18,22.956,-7.5329
120.17,22.912,-7.5326
120.16,22.867,-7.5326
120.15,22.823,-7.5326
120.14,22.778,-7.5326
120.14,22.733,-7.5326
120.13,22.688,-7.5326
120.12,22.644,-7.5326
120.11,22.599,-7.5326
120.1,22.555,-7.5326
120.09,22.51,-7.5326
120.08,22.465,-7.5326
120.07,22.421,-7.5326
120.07,22.376,-7.5326
120.06,22.331,-7.5326
120.05,22.287,-7.5326
120.04,22.242,-7.5326
120.04,22.197,-7.5326
120.04,22.152,-7.5326
120.05,22.107,-7.5326
120.06,22.062,-7.5326
120.06,22.017,-7.5326
120.07,21.972,-7.5326
120.08,21.927,-7.5326
120.09,21.882,-7.5326
120.09,21.838,-7.5326
120.1,21.793,-7.5326
120.11,21.748,-7.5326
120.11,21.703,-7.5326
120.12,21.658,-7.5326
120.13,21.613,-7.5329
120.14,21.57,-7.5326
120.16,21.527,-7.5326
120.17,21.483,-7.5326
120.19,21.44,-7.5326
120.2,21.397,-7.5326
120.22,21.354,-7.5326
120.23,21.31,-7.5326
120.25,21.267,-7.5326
120.26,21.224,-7.5326
120.28,21.181,-7.5326
120.29,21.138,-7.5326
120.31,21.094,-7.5326
120.32,21.051,-7.5326
120.34,21.008,-7.5326
120.35,20.965,-7.5326
120.37,20.921,-7.5326
120.38,20.878,-7.5326
122.01,25.655,-7.2663
121.97,25.626,-7.2663
121.93,25.596,-7.2663
121.89,25.567,-7.2663
121.86,25.537,-7.2663
121.82,25.507,-7.2663
121.78,25.478,-7.2663
121.74,25.448,-7.2663
121.7,25.418,-7.2663
121.67,25.388,-7.2663
121.63,25.359,-7.2663
121.59,25.329,-7.2663
121.55,25.299,-7.2663
121.52,25.269,-7.2663
121.48,25.24,-7.2663
121.44,25.21,-7.2663
121.4,25.18,-7.2663
121.36,25.15,-7.2663
121.33,25.121,-7.2663
121.29,25.091,-7.2663
121.25,25.061,-7.2663
121.21,25.031,-7.2663
121.18,25.001,-7.2663
121.14,24.971,-7.2663
121.1,24.942,-7.2663
121.06,24.911,-7.2663
121.03,24.881,-7.2663
120.99,24.851,-7.2663
120.95,24.821,-7.2663
120.92,24.791,-7.2663
120.88,24.76,-7.2663
120.84,24.73,-7.2663
120.81,24.7,-7.2663
120.77,24.669,-7.2663
120.73,24.639,-7.2663
120.69,24.609,-7.2663
120.66,24.574,-7.2663
120.65,24.53,-7.2663
120.64,24.486,-7.2663
120.63,24.441,-7.2663
120.62,24.397,-7.2663
120.61,24.353,-7.2663
120.6,24.309,-7.2663
120.59,24.264,-7.2663
120.57,24.22,-7.2663
120.56,24.176,-7.2663
120.55,24.132,-7.266
120.54,24.088,-7.2663
120.52,24.045,-7.2663
120.51,24.001,-7.2663
120.49,23.958,-7.2663
120.48,23.915,-7.2663
120.46,23.871,-7.2663
120.45,23.828,-7.2663
120.44,23.785,-7.2663
120.42,23.742,-7.2663
120.41,23.698,-7.2663
120.39,23.655,-7.2663
120.38,23.612,-7.2663
120.36,23.568,-7.2663
120.35,23.525,-7.2663
120.33,23.481,-7.2663
120.32,23.438,-7.2662
120.3,23.395,-7.2663
120.29,23.353,-7.2663
120.27,23.31,-7.2663
120.25,23.267,-7.2663
120.24,23.225,-7.2663
120.22,23.182,-7.2663
120.2,23.139,-7.2663
120.19,23.096,-7.2663
120.17,23.054,-7.2663
120.15,23.011,-7.2663
120.14,22.968,-7.2666
120.13,22.924,-7.2663
120.12,22.879,-7.2663
120.11,22.834,-7.2663
120.1,22.79,-7.2663
120.09,22.745,-7.2663
120.08,22.7,-7.2663
120.07,22.656,-7.2663
120.07,22.611,-7.2663
120.06,22.566,-7.2663
120.05,22.522,-7.2663
120.04,22.477,-7.2663
120.03,22.432,-7.2663
120.02,22.388,-7.2663
120.01,22.343,-7.2663
120,22.298,-7.2663
120,22.254,-7.2663
119.99,22.209,-7.2663
120,22.164,-7.2663
120.01,22.119,-7.2663
120.01,22.074,-7.2663
120.02,22.029,-7.2663
120.03,21.984,-7.2663
120.04,21.939,-7.2663
120.04,21.894,-7.2663
120.05,21.849,-7.2663
120.06,21.805,-7.2663
120.06,21.76,-7.2663
120.07,21.715,-7.2663
120.08,21.67,-7.2663
120.09,21.625,-7.2666
120.1,21.582,-7.2663
120.11,21.538,-7.2663
120.13,21.495,-7.2663
120.14,21.452,-7.2663
120.16,21.409,-7.2663
120.17,21.366,-7.2663
120.19,21.322,-7.2663
120.2,21.279,-7.2663
120.22,21.236,-7.2663
120.23,21.193,-7.2663
120.25,21.149,-7.2663
120.26,21.106,-7.2663
120.28,21.063,-7.2663
120.29,21.02,-7.2663
120.31,20.976,-7.2663
120.32,20.933,-7.2663
120.34,20.89,-7.2663
121.96,25.668,-7
121.92,25.638,-7
121.89,25.608,-7
121.85,25.579,-7
121.81,25.549,-7
121.77,25.519,-7
121.73,25.49,-7
121.7,25.46,-7
121.66,25.43,-7
121.62,25.401,-7
121.58,25.371,-7
121.55,25.341,-7
121.51,25.311,-7
121.47,25.282,-7
121.43,25.252,-7
121.4,25.222,-7
121.36,25.192,-7
121.32,25.162,-7
121.28,25.133,-7
121.24,25.103,-7
121.21,25.073,-7
121.17,25.043,-7
121.13,25.013,-7
121.09,24.983,-7
121.06,24.953,-7
121.02,24.923,-7
120.98,24.893,-7
120.95,24.863,-7
120.91,24.833,-7
120.87,24.802,-7
120.83,24.772,-7
120.8,24.742,-7
120.76,24.711,-7
120.72,24.681,-7
120.69,24.651,-7
120.65,24.62,-7
120.62,24.587,-7
120.61,24.543,-7
120.6,24.498,-7
120.59,24.454,-7
120.57,24.41,-7
120.56,24.366,-7
120.55,24.321,-7
120.54,24.277,-7
120.53,24.233,-7
120.52,24.189,-7
120.51,24.144,-7
120.49,24.101,-7
120.48,24.057,-7
120.46,24.014,-7
120.45,23.971,-7
120.44,23.927,-7
120.42,23.884,-7
120.41,23.841,-7
120.39,23.797,-7
120.38,23.754,-7
120.36,23.711,-7
120.35,23.667,-7
120.33,23.624,-7
120.32,23.581,-7
120.3,23.537,-7
120.29,23.494,-7
120.27,23.45,-7
120.26,23.408,-7
120.24,23.365,-7
120.22,23.322,-7
120.21,23.28,-7
120.19,23.237,-7
120.17,23.194,-7
120.16,23.151,-7
120.14,23.109,-7
120.12,23.066,-7
120.11,23.023,-7
120.09,22.98,-7
120.08,22.936,-7
120.07,22.891,-7
120.06,22.847,-7
120.06,22.802,-7
120.05,22.757,-7
120.04,22.712,-7
120.03,22.668,-7
120.02,22.623,-7
120.01,22.578,-7
120,22.534,-7
120,22.489,-7
119.99,22.444,-7
119.98,22.4,-7
119.97,22.355,-7
119.96,22.31,-7
119.95,22.266,-7
119.95,22.221,-7
119.95,22.176,-7
119.96,22.131,-7
119.97,22.086,-7
119.98,22.041,-7
119.98,21.996,-7
119.99,21.951,-7
120,21.907,-7
120.01,21.862,-7
120.01,21.817,-7
120.02,21.772,-7
120.03,21.727,-7
120.03,21.682,-7
120.04,21.637,-7
120.06,21.594,-7
120.07,21.551,-7
120.09,21.507,-7
120.1,21.464,-7
120.12,21.421,-7
120.13,21.378,-7
120.15,21.334,-7
120.16,21.291,-7
120.17,21.248,-7
120.19,21.205,-7
120.2,21.161,-7
120.22,21.118,-7
120.23,21.075,-7
120.25,21.032,-7
120.26,20.988,-7
120.28,20.945,-7
120.29,20.902,-7
