386,418,417
258,290,289
286,317,285
357,389,388
328,359,327
379,380,411
271,240,272
276,275,244
173,141,142
232,200,201
135,134,103
262,230,231
258,289,257
297,328,296
291,290,259
393,394,425
457,456,425
396,365,397
414,415,446
164,133,165
207,238,206
315,284,316
381,412,380
283,251,252
431,462,430
448,447,416
381,382,413
319,351,350
201,170,202
207,208,239
231,230,199
178,210,209
163,131,132
149,150,181
204,203,172
168,169,200
140,141,172
205,204,173
171,140,172
198,167,199
197,165,166
162,161,130
104,73,105
134,102,103
134,133,102
322,291,323
194,226,225
265,233,234
335,304,336
322,354,353
353,354,385
354,323,355
324,323,292
322,321,290
355,386,354
387,388,419
392,423,391
454,423,455
388,389,420
390,421,389
453,421,422
422,421,390
396,397,428
360,392,391
390,359,391
394,395,426
429,397,398
433,464,432
399,430,398
299,300,331
335,366,334
333,364,332
325,324,293
308,339,307
339,340,371
264,265,296
304,305,336
303,335,334
336,368,367
197,196,165
204,205,236
220,252,251
244,245,276
227,228,259
273,304,272
270,238,239
312,280,281
307,276,308
310,342,341
404,373,405
338,337,306
306,275,307
309,340,308
316,317,348
342,374,373
470,469,438
399,431,430
469,468,437
469,437,438
439,438,407
399,400,431
373,374,405
341,340,309
441,440,409
405,437,436
472,440,441
473,472,441
413,414,445
406,374,375
415,414,383
312,344,343
415,383,384
347,379,378
318,350,349
350,381,349
315,347,346
312,343,311
351,382,350
314,346,345
286,318,317
288,320,319
352,351,320
222,191,223
192,223,191
224,223,192
183,214,182
253,252,221
217,218,249
287,286,255
253,222,254
253,284,252
216,248,247
245,244,213
177,209,208
252,284,283
181,212,180
175,174,143
222,223,254
151,152,183
221,189,190
181,182,213
219,188,220
155,156,187
103,104,135
176,175,144
82,113,81
187,156,188
136,104,105
136,105,137
106,107,138
141,140,109
107,75,76
105,106,137
80,81,112
77,78,109
110,78,79
107,76,108
148,116,117
141,109,110
108,77,109
80,112,111
110,111,142
78,110,109
111,112,143
79,111,110
79,80,111
140,108,109
105,73,74
74,75,106
77,108,76
138,137,106
105,74,106
140,139,108
106,75,107
102,133,101
138,139,170
203,202,171
169,137,138
173,204,172
170,169,138
139,138,107
139,171,170
108,139,107
140,171,139
144,175,143
141,110,142
146,147,178
142,111,143
148,179,147
143,112,144
208,207,176
174,142,143
206,205,174
172,141,173
206,174,175
173,142,174
237,236,205
202,170,171
174,205,173
206,237,205
175,207,206
175,176,207
204,236,235
237,238,269
239,238,207
237,206,238
201,202,233
301,269,270
235,234,203
201,169,170
172,203,171
204,235,203
234,233,202
200,169,201
201,233,232
294,262,263
203,234,202
235,266,234
196,164,165
199,230,198
261,229,230
198,230,229
194,163,195
198,229,197
197,166,198
168,200,199
167,168,199
137,169,168
166,167,198
135,136,167
133,132,101
136,168,167
168,136,137
135,104,136
132,100,101
135,167,166
130,99,131
134,165,133
134,166,165
134,135,166
98,99,130
132,164,163
131,99,100
164,132,133
131,100,132
98,130,129
131,163,162
98,129,97
130,161,129
131,162,130
228,196,197
162,193,161
194,195,226
163,164,195
229,228,197
195,164,196
261,260,229
227,196,228
162,194,193
162,163,194
195,227,226
195,196,227
194,225,193
258,227,259
226,257,225
291,260,292
262,294,293
258,226,227
290,258,259
257,226,258
260,261,292
266,235,267
200,231,199
232,264,263
264,232,233
231,200,232
295,263,264
235,236,267
233,265,264
236,237,268
230,262,261
295,264,296
231,263,262
231,232,263
327,326,295
293,261,262
327,295,296
294,263,295
301,333,332
296,265,297
358,327,359
365,364,333
296,328,327
302,303,334
293,294,325
294,295,326
324,292,293
291,259,260
326,325,294
292,261,293
228,260,259
228,229,260
289,290,321
292,323,291
324,355,323
321,322,353
291,322,290
323,354,322
386,387,418
387,356,388
354,386,385
419,388,420
355,387,386
355,356,387
386,417,385
451,420,452
418,449,417
418,450,449
420,421,452
418,419,450
418,387,419
419,451,450
419,420,451
358,359,390
391,423,422
389,421,420
423,424,455
452,421,453
390,391,422
424,456,455
454,422,423
454,453,422
392,424,423
425,456,424
391,359,360
358,326,327
388,356,357
355,324,356
389,358,390
357,326,358
324,325,356
358,389,357
357,325,326
357,356,325
392,360,361
359,328,360
393,361,362
360,328,329
362,363,394
329,328,297
427,396,428
395,363,364
392,393,424
392,361,393
427,395,396
394,363,395
393,425,424
426,427,458
426,457,425
429,460,428
457,426,458
394,426,425
427,459,458
395,427,426
428,459,427
397,429,428
430,462,461
428,460,459
431,432,463
429,461,460
429,430,461
464,463,432
462,431,463
430,429,398
400,432,431
397,366,398
401,432,400
398,366,367
398,367,399
366,335,367
367,368,399
367,335,336
404,436,435
399,368,400
303,304,335
337,368,336
366,365,334
298,330,329
332,300,301
299,298,267
334,365,333
298,329,297
397,365,366
364,363,332
396,364,365
396,395,364
331,330,299
331,362,330
393,362,394
361,330,362
361,329,330
361,360,329
266,267,298
300,332,331
363,331,332
363,362,331
333,301,302
268,299,267
265,266,297
299,330,298
268,267,236
268,300,299
297,266,298
265,234,266
269,268,237
269,300,268
270,269,238
301,300,269
240,239,208
240,271,239
271,270,239
271,302,270
333,302,334
301,270,302
272,304,303
305,337,336
303,271,272
303,302,271
209,240,208
241,272,240
209,241,240
242,274,273
241,273,272
274,305,273
277,276,245
277,308,276
241,242,273
275,276,307
214,245,213
246,277,245
247,246,215
278,277,246
216,247,215
278,246,247
280,248,249
280,279,248
311,279,280
279,247,248
309,277,278
309,308,277
310,279,311
278,247,279
278,279,310
312,313,344
280,312,311
313,314,345
345,344,313
343,374,342
309,310,341
343,375,374
311,343,342
344,375,343
373,341,342
373,372,341
274,275,306
308,340,339
278,310,309
311,342,310
273,305,304
306,337,305
274,306,305
307,338,306
341,372,340
369,337,338
368,369,400
368,337,369
369,370,401
369,338,370
406,437,405
402,370,371
369,401,400
402,433,401
370,402,401
403,434,402
401,433,432
433,465,464
433,434,465
402,434,433
434,466,465
434,435,466
403,435,434
436,468,467
435,467,466
435,436,467
438,437,406
404,372,373
403,404,435
437,468,436
438,406,407
405,374,406
470,438,439
439,407,408
406,375,407
471,439,440
471,470,439
439,408,440
407,375,376
371,372,403
371,340,372
372,404,403
405,436,404
402,371,403
370,338,339
370,339,371
338,307,339
407,376,408
375,344,376
408,409,440
408,376,377
378,379,410
378,346,347
478,477,446
441,409,410
442,410,411
409,377,378
443,411,412
410,379,411
442,441,410
442,473,441
471,440,472
443,442,411
474,473,442
475,443,444
476,475,444
474,442,443
474,443,475
476,444,445
413,444,412
478,446,447
447,446,415
445,414,446
479,448,480
447,415,416
479,447,448
479,478,447
443,412,444
411,380,412
477,445,446
477,476,445
349,381,380
382,414,413
444,413,445
412,381,413
350,382,381
383,414,382
415,384,416
319,350,318
384,383,352
285,317,316
318,349,317
284,285,316
317,349,348
383,351,352
383,382,351
348,347,316
348,379,347
408,377,409
376,344,345
409,378,410
377,346,378
377,345,346
377,376,345
283,284,315
316,347,315
380,348,349
380,379,348
314,282,283
217,249,248
281,282,313
281,249,250
282,314,313
315,346,314
312,281,313
280,249,281
282,250,251
282,281,250
314,283,315
282,251,283
285,253,254
285,284,253
254,286,285
287,319,318
286,287,318
320,351,319
254,255,286
288,319,287
287,255,256
254,223,255
287,256,288
255,223,224
221,222,253
189,188,157
250,219,251
220,188,189
218,186,187
221,252,220
221,220,189
256,255,224
157,188,156
222,190,191
222,221,190
219,218,187
184,152,153
154,155,186
151,150,119
185,153,154
185,154,186
183,184,215
183,152,184
216,185,217
184,153,185
219,187,188
186,155,187
185,186,217
220,251,219
184,185,216
218,250,249
186,218,217
219,250,218
184,216,215
217,248,216
214,183,215
182,151,183
214,213,182
180,211,179
244,212,213
244,243,212
246,214,215
246,245,214
275,243,244
275,274,243
211,210,179
211,242,210
210,242,241
243,274,242
176,177,208
210,241,209
177,146,178
180,212,211
243,211,212
243,242,211
145,146,177
179,210,178
144,145,176
178,209,177
113,114,145
147,179,178
176,145,177
144,112,113
146,145,114
114,115,146
148,180,179
149,148,117
82,114,113
116,148,147
149,180,148
212,181,213
180,149,181
150,151,182
149,117,118
150,118,119
181,150,182
149,118,150
151,119,120
144,113,145
112,81,113
147,115,116
147,146,115
151,120,152
