-0.62031,-171.17,-40
2.4797,-175.44,-40
2.4927,-180.77,-40
2.5058,-186.11,-40
0.33101,-190.75,-40
-0.34398,-195.96,-40
0.55117,-201.22,-40
1.4463,-206.47,-40
2.3088,-211.74,-40
3.1682,-217,-40
1.9624,-221.68,-40
-1.7748,-225.47,-40
-5.3469,-229.42,-40
-6.6833,-234.26,-40
-6.6737,-239.59,-40
-6.664,-244.92,-40
-7.298,-250.22,-40
-8.8647,-255.2,-40
-9.7433,-260.29,-40
-9.7347,-265.62,-40
-9.7262,-270.95,-40
2.6192,-171.89,-36.364
5.5627,-175.94,-36.539
5.7307,-180.9,-36.364
5.7431,-185.91,-36.364
4.0057,-190.53,-36.348
3.0594,-195.41,-35.938
3.5226,-200.36,-36.363
4.3632,-205.29,-36.364
5.185,-210.23,-36.365
5.9936,-215.18,-36.364
5.7899,-220.08,-37.532
3.3611,-224.26,-36.516
-0.081613,-227.9,-36.282
-2.6346,-232.06,-35.449
-3.4402,-236.96,-36.364
-3.4314,-241.97,-36.364
-3.5834,-246.97,-36.399
-4.3626,-251.9,-36.56
-5.7613,-256.7,-36.028
-6.5027,-261.65,-36.364
-6.4947,-266.66,-36.364
-6.4867,-271.67,-36.364
5.8587,-172.6,-32.727
8.802,-176.65,-32.903
8.9701,-181.61,-32.727
8.9826,-186.62,-32.727
7.2439,-191.24,-32.713
6.299,-196.12,-32.301
6.7622,-201.07,-32.727
7.6026,-206.01,-32.727
8.4244,-210.95,-32.729
9.2329,-215.89,-32.727
9.021,-220.79,-33.905
6.5993,-224.98,-32.88
3.1567,-228.61,-32.646
0.60698,-232.77,-31.81
-0.20073,-237.67,-32.727
-0.1922,-242.68,-32.728
-0.34407,-247.68,-32.763
-1.1234,-252.62,-32.924
-2.5216,-257.42,-32.391
-3.2632,-262.36,-32.727
-3.2552,-267.37,-32.727
-3.2472,-272.38,-32.727
9.0982,-173.31,-29.091
12.041,-177.37,-29.266
12.21,-182.33,-29.091
12.222,-187.33,-29.091
10.482,-191.96,-29.078
9.5387,-196.84,-28.665
10.002,-201.78,-29.09
10.842,-206.72,-29.091
11.664,-211.66,-29.093
12.472,-216.61,-29.091
12.252,-221.5,-30.278
9.8374,-225.69,-29.243
6.395,-229.33,-29.009
3.8486,-233.49,-28.172
3.0388,-238.39,-29.091
3.047,-243.4,-29.092
2.8952,-248.4,-29.127
2.1159,-253.33,-29.288
0.71811,-258.13,-28.754
-0.023725,-263.08,-29.091
-0.015699,-268.09,-29.091
-0.0076727,-273.1,-29.091
12.338,-174.03,-25.455
15.281,-178.08,-25.63
15.449,-183.04,-25.455
15.462,-188.05,-25.455
13.72,-192.67,-25.443
12.778,-197.55,-25.028
13.242,-202.5,-25.454
14.081,-207.44,-25.455
14.903,-212.38,-25.456
15.711,-217.32,-25.455
15.483,-222.22,-26.651
13.076,-226.41,-25.607
9.6334,-230.05,-25.373
7.0902,-234.21,-24.533
6.2783,-239.11,-25.455
6.2863,-244.11,-25.456
6.1345,-249.11,-25.49
5.3552,-254.05,-25.652
3.9578,-258.85,-25.117
3.2158,-263.8,-25.455
3.2238,-268.8,-25.455
3.2318,-273.81,-25.455
15.577,-174.74,-21.818
18.52,-178.8,-21.994
18.688,-183.75,-21.819
18.701,-188.76,-21.818
16.959,-193.39,-21.808
16.018,-198.27,-21.391
16.481,-203.21,-21.817
17.321,-208.15,-21.818
18.142,-213.09,-21.82
18.951,-218.03,-21.818
18.715,-222.93,-23.024
16.314,-227.13,-21.97
12.872,-230.76,-21.737
10.332,-234.92,-20.894
9.5178,-239.82,-21.818
9.5255,-244.83,-21.82
9.3738,-249.83,-21.854
8.5945,-254.76,-22.015
7.1975,-259.57,-21.48
6.4553,-264.51,-21.818
6.4633,-269.52,-21.818
6.4713,-274.53,-21.818
18.817,-175.46,-18.182
21.759,-179.51,-18.358
21.928,-184.47,-18.182
21.941,-189.48,-18.182
20.197,-194.1,-18.173
19.258,-198.98,-17.755
19.721,-203.93,-18.181
20.56,-208.86,-18.182
21.382,-213.8,-18.184
22.19,-218.75,-18.182
21.946,-223.64,-19.397
19.552,-227.84,-18.333
16.11,-231.48,-18.101
13.573,-235.64,-17.255
12.757,-240.54,-18.182
12.765,-245.55,-18.184
12.613,-250.55,-18.218
11.834,-255.48,-18.379
10.437,-260.28,-17.843
9.6948,-265.23,-18.182
9.7028,-270.23,-18.182
9.7108,-275.24,-18.182
22.056,-176.17,-14.545
24.999,-180.22,-14.722
25.167,-185.18,-14.546
25.18,-190.19,-14.545
23.435,-194.82,-14.538
22.497,-199.7,-14.118
22.96,-204.64,-14.544
23.8,-209.58,-14.545
24.621,-214.52,-14.547
25.429,-219.46,-14.546
25.177,-224.36,-15.77
22.79,-228.56,-14.697
19.348,-232.19,-14.464
16.815,-236.36,-13.617
15.997,-241.26,-14.545
16.004,-246.26,-14.548
15.852,-251.26,-14.581
15.073,-256.19,-14.743
13.677,-261,-14.206
12.934,-265.94,-14.545
12.942,-270.95,-14.545
12.95,-275.96,-14.545
25.296,-176.89,-10.909
28.238,-180.94,-11.086
28.407,-185.9,-10.91
28.42,-190.9,-10.909
26.674,-195.53,-10.902
25.737,-200.41,-10.482
26.2,-205.36,-10.907
27.039,-210.29,-10.909
27.86,-215.23,-10.911
28.669,-220.17,-10.909
28.409,-225.07,-12.143
26.028,-229.27,-11.06
22.587,-232.91,-10.828
20.056,-237.07,-9.9781
19.236,-241.97,-10.909
19.243,-246.98,-10.911
19.092,-251.98,-10.945
18.312,-256.91,-11.107
16.917,-261.71,-10.569
16.174,-266.66,-10.909
16.182,-271.66,-10.909
16.19,-276.67,-10.909
28.535,-177.6,-7.2727
31.477,-181.65,-7.4496
31.646,-186.61,-7.2735
31.659,-191.62,-7.2727
29.912,-196.25,-7.2674
28.977,-201.13,-6.8452
29.44,-206.07,-7.2709
30.279,-211.01,-7.2727
31.1,-215.95,-7.2747
31.908,-220.89,-7.2728
31.64,-225.79,-8.5164
29.266,-229.99,-7.4235
25.825,-233.62,-7.1916
23.298,-237.79,-6.3395
22.476,-242.69,-7.2727
22.482,-247.7,-7.2754
22.331,-252.69,-7.3087
21.552,-257.63,-7.4702
20.156,-262.43,-6.9315
19.413,-267.37,-7.2727
19.421,-272.38,-7.2727
19.429,-277.38,-7.2727
31.775,-178.32,-3.6364
34.716,-182.37,-3.8134
34.885,-187.33,-3.6373
34.899,-192.33,-3.6364
33.15,-196.96,-3.6323
32.216,-201.84,-3.2087
32.679,-206.79,-3.6344
33.518,-211.72,-3.6364
34.339,-216.66,-3.6384
35.147,-221.6,-3.6364
34.871,-226.5,-4.8893
32.504,-230.71,-3.7869
29.063,-234.34,-3.5552
26.539,-238.51,-2.7008
25.715,-243.41,-3.6364
25.722,-248.41,-3.6393
25.57,-253.41,-3.6724
24.791,-258.34,-3.834
23.396,-263.14,-3.2945
22.653,-268.09,-3.6364
22.661,-273.09,-3.6364
22.669,-278.1,-3.6364
35.014,-179.03,-0
38.114,-183.3,0
38.127,-188.63,0
38.14,-193.97,0
35.965,-198.61,0
35.29,-203.82,0
36.186,-209.08,0
37.081,-214.33,0
37.943,-219.6,0
38.803,-224.86,0
37.597,-229.54,0
33.86,-233.33,0
30.288,-237.29,0
28.951,-242.12,0
28.961,-247.45,0
28.97,-252.79,0
28.336,-258.08,0
26.77,-263.06,0
25.891,-268.15,0
25.9,-273.48,0
25.908,-278.81,0
