37,66,65
22,51,21
15,45,44
65,36,37
279,278,250
68,97,96
128,129,157
187,159,188
263,264,292
94,66,95
41,42,70
209,181,210
31,1,2
269,298,297
91,120,119
151,152,180
182,210,181
50,78,49
194,223,222
248,249,277
283,284,312
66,37,38
240,211,212
231,230,202
127,99,128
261,232,233
186,187,215
37,36,7
98,126,97
153,125,154
83,84,112
19,20,49
35,36,64
67,95,66
120,91,92
8,37,7
38,37,8
39,40,68
10,39,9
69,41,70
43,44,72
16,45,15
93,65,94
184,156,185
125,97,126
131,102,103
66,38,67
71,72,100
115,116,144
159,158,130
206,205,177
32,2,3
178,177,149
148,120,149
60,61,89
63,35,64
93,122,121
95,96,124
205,176,177
177,148,149
118,89,90
209,210,238
293,294,323
206,177,178
178,149,150
293,264,265
239,210,211
218,217,189
297,327,326
322,292,293
329,328,299
276,304,275
267,268,296
335,334,305
278,306,277
334,333,304
336,335,306
248,276,247
276,305,304
236,208,237
245,246,274
182,183,211
229,228,200
157,158,186
156,155,127
187,188,216
164,165,193
250,249,221
215,216,244
280,251,252
249,248,220
222,223,251
224,252,223
258,287,286
251,223,252
279,307,278
306,305,277
288,289,317
279,280,308
308,307,279
283,311,282
281,309,280
256,257,285
289,290,318
348,319,349
261,289,260
319,290,291
319,320,349
173,201,172
198,199,227
227,228,256
281,253,282
286,314,285
289,288,260
256,255,227
259,260,288
290,319,318
201,229,200
163,162,134
230,229,201
167,196,195
173,172,144
170,199,198
58,29,59
133,162,161
163,192,191
141,169,140
135,164,163
135,136,164
169,170,198
196,168,197
170,171,199
17,46,16
71,70,42
28,57,27
73,72,44
70,71,99
168,140,169
111,82,83
49,77,48
168,139,140
199,171,200
111,112,140
171,172,200
86,85,57
57,56,27
19,48,18
57,28,58
33,62,61
61,60,32
31,2,32
33,32,3
31,32,60
33,61,32
62,90,61
61,90,89
123,94,95
63,62,34
63,91,62
62,91,90
122,93,94
35,63,34
64,92,63
33,4,34
5,6,35
94,65,66
64,36,65
4,33,3
34,62,33
5,34,4
35,34,5
36,6,7
36,35,6
9,39,38
12,41,11
68,69,97
11,40,10
10,40,39
12,13,42
11,41,40
42,43,71
12,42,41
13,14,43
13,43,42
44,45,73
14,44,43
14,15,44
72,71,43
72,73,101
46,75,74
128,99,100
74,73,45
129,100,101
48,76,47
78,79,107
9,38,8
39,67,38
67,96,95
67,68,96
39,68,67
69,70,98
40,69,68
40,41,69
69,98,97
73,74,102
70,99,98
131,130,102
158,157,129
127,98,99
71,100,99
104,132,103
158,129,130
128,100,129
72,101,100
136,108,137
73,102,101
77,78,106
161,160,132
130,101,102
159,130,131
129,101,130
160,159,131
160,188,159
132,160,131
161,189,160
133,161,132
162,190,161
180,152,181
126,127,155
157,156,128
126,98,127
128,156,127
157,185,156
157,186,185
158,159,187
120,121,149
153,154,182
152,153,181
154,155,183
153,182,181
184,185,213
152,124,153
126,155,154
125,153,124
119,118,90
123,152,151
123,124,152
95,124,123
125,126,154
96,125,124
96,97,125
150,149,121
148,147,119
63,92,91
122,94,123
64,93,92
64,65,93
151,122,123
121,92,93
147,118,119
151,150,122
120,92,121
122,150,121
151,180,179
176,147,148
91,119,90
120,148,119
236,237,265
207,206,178
176,148,177
179,178,150
179,208,207
179,207,178
208,209,237
151,179,150
180,208,179
180,209,208
180,181,209
182,211,210
218,189,190
154,183,182
155,156,184
235,236,264
238,239,267
240,268,239
237,209,238
264,263,235
238,210,239
245,274,273
239,211,240
206,234,205
266,238,267
234,235,263
206,235,234
206,207,235
207,236,235
207,208,236
265,264,236
267,296,295
322,321,292
292,264,293
241,242,270
296,268,297
265,294,293
266,267,295
295,324,294
322,293,323
323,294,324
265,266,294
296,325,295
324,295,325
325,296,326
271,299,270
328,327,298
327,297,298
326,296,297
237,238,266
268,269,297
294,266,295
265,237,266
239,268,267
269,270,298
240,269,268
299,271,300
240,241,269
271,272,300
269,241,270
272,273,301
301,300,272
299,298,270
270,242,271
273,274,302
329,299,300
328,298,299
330,329,300
331,330,301
302,301,273
330,300,301
332,331,302
333,332,303
304,333,303
275,304,303
305,334,304
244,273,272
274,303,302
332,302,303
331,301,302
244,245,273
275,303,274
247,276,275
277,305,276
246,245,217
214,185,186
216,245,244
246,275,274
216,217,245
247,275,246
246,217,218
249,278,277
183,212,211
214,215,243
212,241,240
242,243,271
212,213,241
243,272,271
241,213,242
244,272,243
183,184,212
183,155,184
242,213,214
212,184,213
242,214,243
213,185,214
243,215,244
214,186,215
215,187,216
186,158,187
248,247,219
216,188,217
248,219,220
217,188,189
219,218,190
188,160,189
247,218,219
247,246,218
219,190,191
189,161,190
220,191,192
190,162,191
221,192,193
191,162,163
222,193,194
192,164,193
223,194,195
193,165,194
224,195,196
194,165,166
225,196,197
195,194,166
225,197,226
196,167,168
195,224,223
225,253,224
282,253,254
252,224,253
196,225,224
226,254,225
255,254,226
253,225,254
249,220,221
219,191,220
250,221,222
220,192,221
279,250,251
278,249,250
250,222,251
221,193,222
248,277,276
278,307,306
337,336,307
335,305,306
280,279,251
280,309,308
253,281,252
281,310,309
307,336,306
338,308,309
337,307,308
308,338,337
309,339,338
309,310,339
311,341,340
342,312,313
341,311,312
312,342,341
313,314,343
283,282,254
311,310,282
340,310,311
340,339,310
252,281,280
282,310,281
255,283,254
312,311,283
313,284,285
313,312,284
284,256,285
255,226,227
315,314,286
313,285,314
257,286,285
287,316,315
317,316,288
315,286,287
342,313,343
343,314,344
345,315,316
344,314,315
344,315,345
345,316,346
346,316,317
347,317,318
320,350,349
257,258,286
288,316,287
318,317,289
347,346,317
348,318,319
348,347,318
319,291,320
290,289,261
259,230,231
290,261,262
260,232,261
202,230,201
290,262,291
261,233,262
284,255,256
284,283,255
199,200,228
230,258,229
287,258,259
257,229,258
287,259,288
258,230,259
197,198,226
197,169,198
198,227,226
228,257,256
199,228,227
229,257,228
203,231,202
200,172,201
173,202,201
203,232,231
260,231,232
260,259,231
174,203,202
204,232,203
174,173,145
174,202,173
233,232,204
113,114,142
145,173,144
143,115,144
146,174,145
175,174,146
175,203,174
204,203,175
55,56,84
116,117,145
145,144,116
114,85,86
114,86,115
115,86,87
145,117,146
82,111,110
112,141,140
53,54,82
84,113,112
83,112,111
113,141,112
143,114,115
113,85,114
141,170,169
141,142,170
172,171,143
141,113,142
142,171,170
142,143,171
172,143,144
142,114,143
166,138,167
110,111,139
166,167,195
138,139,167
109,110,138
111,140,139
197,168,169
167,139,168
162,133,134
132,131,103
135,163,134
164,192,163
164,136,165
108,109,137
137,166,165
137,138,166
133,132,104
102,74,103
133,104,105
103,74,75
133,105,134
104,103,75
105,106,134
136,137,165
134,106,135
105,104,76
106,107,135
106,78,107
107,136,135
107,108,136
137,109,138
108,107,79
138,110,139
109,80,81
19,49,48
50,79,78
80,79,51
80,108,79
53,52,23
52,80,51
81,80,52
109,108,80
104,75,76
74,45,46
105,76,77
75,47,76
18,48,47
49,78,77
105,77,106
76,48,77
17,47,46
16,46,45
47,75,46
18,47,17
20,21,50
21,51,50
20,50,49
51,79,50
22,23,52
23,24,53
24,25,54
54,53,24
53,81,52
25,55,54
26,55,25
22,52,51
53,82,81
110,81,82
110,109,81
83,54,55
83,82,54
55,84,83
85,113,84
86,57,58
56,55,26
87,86,58
87,116,115
59,87,58
88,116,87
116,88,117
87,59,88
85,56,57
85,84,56
27,56,26
29,58,28
29,30,59
