688,634,635
616,617,670
659,658,605
965,966,1019
339,286,340
287,233,234
713,712,659
73,127,126
510,457,511
920,919,866
337,283,284
669,668,615
606,659,605
706,760,759
725,779,778
730,783,729
612,665,611
980,979,926
831,832,885
453,452,399
451,452,505
519,573,572
501,502,555
751,750,697
177,230,176
205,152,206
90,91,144
66,120,119
86,32,33
229,228,175
120,66,67
390,337,391
468,414,415
391,338,392
393,392,339
602,548,549
448,394,395
339,392,338
882,883,936
867,814,868
759,812,758
763,764,817
817,818,871
760,814,813
926,979,925
927,926,873
884,830,831
867,866,813
610,611,664
657,710,656
660,713,659
474,475,528
614,615,668
610,556,557
619,620,673
679,680,733
673,674,727
829,830,883
499,500,553
612,613,666
667,668,721
878,931,877
826,879,825
748,694,695
907,908,961
964,910,911
629,683,682
754,808,807
751,805,804
1022,969,1023
912,965,911
699,700,753
693,694,747
769,823,822
365,311,312
970,969,916
753,752,699
455,454,401
749,695,696
207,261,260
700,701,754
376,429,375
105,158,104
506,452,453
576,575,522
574,520,521
618,565,619
420,421,474
397,396,343
289,288,235
151,98,152
192,191,138
124,70,71
155,156,209
158,212,211
180,233,179
95,41,42
646,647,700
335,334,281
281,282,335
286,287,340
175,176,229
175,174,121
175,121,122
121,120,67
125,124,71
14,67,13
73,72,19
179,178,125
125,71,72
69,70,123
178,124,125
295,241,242
253,200,254
246,245,192
314,368,367
293,294,347
290,344,343
395,342,396
123,124,177
289,236,290
231,178,232
234,288,287
399,398,345
288,289,342
399,345,346
342,289,343
399,346,400
291,345,344
401,347,348
291,292,345
466,412,413
345,292,346
414,361,415
454,400,401
345,398,344
393,446,392
455,509,508
404,458,457
400,346,347
443,389,390
506,453,507
450,396,397
454,508,507
398,399,452
400,454,453
391,392,445
443,442,389
389,388,335
503,450,504
340,394,393
448,447,394
447,446,393
339,340,393
341,394,340
336,389,335
553,552,499
444,497,443
443,497,496
554,607,553
563,510,564
623,570,624
764,763,710
711,658,712
606,607,660
612,611,558
655,601,602
711,712,765
764,765,818
663,664,717
713,714,767
713,766,712
822,823,876
870,923,869
811,810,757
921,867,868
924,871,925
823,877,876
878,879,932
878,932,931
988,934,935
934,933,880
936,935,882
714,713,660
714,768,767
767,768,821
790,737,791
824,878,877
879,933,932
770,771,824
834,835,888
779,833,832
895,841,842
716,717,770
777,724,778
881,934,880
993,939,940
881,935,934
962,961,908
955,902,956
972,918,919
993,940,994
941,940,887
995,994,941
939,886,940
997,996,943
940,886,887
780,781,834
948,894,895
674,675,728
729,783,782
625,678,624
729,728,675
727,728,781
905,851,852
670,723,669
612,666,665
672,673,726
728,729,782
726,780,779
781,835,834
664,611,665
610,609,556
667,614,668
558,611,557
504,505,558
508,561,507
454,455,508
581,527,528
621,568,622
620,621,674
561,614,560
621,675,674
508,509,562
569,570,623
564,510,511
571,624,570
568,567,514
572,573,626
570,517,571
576,630,629
527,580,526
523,576,522
578,525,579
428,482,481
732,679,733
739,793,792
575,576,629
639,640,693
578,579,632
530,584,583
567,568,621
623,676,622
681,680,627
681,735,734
680,681,734
738,739,792
675,676,729
840,787,841
894,893,840
837,783,784
1003,949,950
888,941,887
1017,964,1018
1004,1003,950
950,949,896
846,793,847
906,852,853
951,1005,1004
1009,956,1010
900,953,899
745,746,799
842,841,788
738,685,739
741,794,740
739,686,740
750,751,804
793,794,847
909,855,856
850,796,797
857,803,804
957,956,903
908,909,962
1014,961,1015
959,905,906
960,959,906
963,962,909
805,806,859
798,852,851
968,915,969
860,913,859
966,967,1020
916,915,862
798,799,852
908,907,854
915,914,861
857,856,803
969,915,916
915,861,862
752,805,751
860,861,914
698,697,644
473,526,472
644,697,643
485,484,431
850,797,851
853,800,854
802,803,856
804,858,857
696,697,750
752,806,805
527,581,580
580,579,526
688,689,742
686,632,633
636,582,583
636,635,582
582,529,583
590,591,644
583,584,637
642,588,589
583,529,530
481,480,427
538,537,484
424,477,423
429,376,430
483,482,429
539,592,538
585,532,586
428,427,374
367,366,313
268,269,322
701,755,754
377,431,430
314,315,368
424,371,425
532,531,478
420,474,473
320,373,319
316,370,369
476,475,422
420,473,419
476,529,475
586,532,533
479,478,425
479,532,478
468,522,521
456,402,403
470,524,523
408,462,461
367,420,366
362,415,361
459,458,405
353,354,407
407,461,460
463,517,516
566,512,513
519,466,520
290,237,291
300,354,353
295,294,241
301,354,300
352,299,353
470,416,417
312,259,313
304,305,358
412,411,358
364,365,418
418,365,419
425,372,426
298,244,245
302,356,355
204,150,151
149,95,96
208,209,262
316,317,370
299,298,245
236,235,182
73,74,127
128,182,181
88,89,142
181,180,127
92,146,145
82,83,136
200,199,146
135,188,134
43,44,97
156,103,157
45,46,99
44,98,97
44,45,98
152,153,206
210,157,211
152,99,153
153,99,100
97,98,151
98,99,152
210,209,156
207,153,154
212,265,211
263,209,210
269,268,215
264,263,210
158,105,159
321,268,322
157,104,158
160,161,214
103,102,49
161,215,214
106,160,159
106,107,160
173,227,226
174,173,120
228,229,282
230,229,176
174,120,121
231,284,230
227,173,174
173,119,120
176,175,122
121,67,68
122,68,69
66,13,67
14,15,68
122,69,123
16,17,70
17,71,70
18,71,17
14,68,67
15,16,69
15,69,68
16,70,69
126,179,125
123,70,124
72,71,18
20,73,19
74,75,128
135,81,82
186,185,132
19,72,18
74,73,20
74,20,21
76,22,23
75,21,22
77,24,78
79,25,26
80,26,27
30,83,29
78,24,25
80,133,79
77,23,24
131,130,77
78,25,79
26,80,79
27,81,80
130,129,76
74,21,75
130,76,77
75,22,76
131,77,78
76,23,77
182,129,183
78,79,132
132,131,78
132,133,186
81,134,80
242,188,189
188,187,134
132,79,133
135,134,81
133,80,134
145,199,198
297,244,298
239,186,240
187,188,241
133,187,186
133,134,187
135,189,188
257,204,258
131,184,130
239,240,293
131,185,184
131,132,185
237,238,291
186,187,240
234,235,288
234,181,235
128,129,182
183,236,182
184,183,130
184,237,183
128,181,127
182,235,181
74,128,127
129,130,183
75,129,128
75,76,129
176,122,123
121,68,122
126,125,72
126,180,179
73,126,72
127,180,126
231,230,177
176,123,177
233,232,179
177,124,178
179,232,178
233,286,232
230,284,283
285,338,284
178,231,177
232,286,285
231,285,284
231,232,285
230,283,229
284,338,337
391,337,338
336,282,283
285,339,338
285,286,339
342,341,288
286,233,287
287,341,340
287,288,341
237,290,236
291,344,290
180,234,233
180,181,234
236,289,235
290,343,289
183,237,236
292,239,293
184,238,237
184,185,238
185,239,238
185,186,239
347,346,293
292,238,239
296,295,242
240,187,241
350,349,296
294,240,241
188,242,241
189,190,243
296,349,295
293,240,294
295,349,348
350,403,349
243,297,296
297,351,350
346,292,293
291,238,292
348,347,294
348,402,401
295,348,294
349,402,348
450,397,451
397,344,398
400,453,399
454,507,453
456,455,402
400,347,401
349,403,402
459,406,460
350,404,403
405,406,459
405,458,404
457,403,404
565,511,512
567,513,514
458,512,511
516,517,570
458,459,512
462,463,516
402,455,401
456,509,455
456,510,509
456,457,510
511,457,458
456,403,457
555,502,556
503,449,450
448,395,449
398,452,451
506,505,452
504,451,505
395,396,449
342,343,396
504,450,451
449,396,450
344,397,343
398,451,397
392,446,445
447,501,500
394,447,393
503,504,557
341,395,394
341,342,395
391,445,444
446,499,445
446,447,500
447,448,501
448,502,501
448,449,502
444,443,390
444,498,497
550,497,551
606,553,607
391,444,390
445,498,444
441,495,494
603,550,604
441,442,495
388,387,334
388,442,441
387,388,441
335,388,334
389,442,388
390,389,336
283,282,229
283,337,336
390,336,337
335,282,336
282,281,228
280,281,334
227,228,281
174,228,227
174,175,228
281,280,227
226,227,280
603,602,549
603,549,550
495,496,549
495,548,494
495,549,548
606,552,553
442,496,495
442,443,496
550,551,604
497,498,551
551,605,604
551,552,605
498,552,551
498,499,552
656,655,602
601,548,602
496,550,549
496,497,550
603,656,602
656,710,709
604,657,603
765,712,766
603,657,656
658,659,712
604,658,657
604,605,658
608,661,607
661,714,660
657,711,710
657,658,711
711,765,764
821,768,822
720,667,721
721,775,774
763,762,709
656,709,655
710,763,709
711,764,710
765,766,819
759,758,705
816,763,817
758,704,705
756,702,703
758,757,704
704,757,703
706,759,705
760,761,814
757,756,703
864,810,811
812,811,758
810,756,757
757,758,811
814,815,868
759,760,813
870,871,924
761,815,814
872,819,873
867,813,814
812,759,813
869,922,868
865,864,811
815,869,868
816,817,870
866,865,812
812,865,811
919,865,866
919,918,865
813,866,812
867,920,866
918,864,865
920,973,919
925,978,924
921,922,975
919,973,972
920,974,973
931,932,985
920,921,974
974,921,975
922,923,976
867,921,920
922,976,975
868,922,921
923,977,976
869,923,922
924,977,923
923,870,924
869,815,816
871,872,925
927,980,926
873,874,927
928,981,927
924,978,977
925,979,978
932,933,986
981,980,927
934,987,933
981,928,982
982,928,929
820,874,873
928,927,874
982,929,983
928,874,875
929,930,983
929,928,875
872,873,926
871,870,817
876,875,822
876,929,875
930,876,877
930,929,876
762,763,816
818,819,872
764,818,817
819,820,873
925,872,926
871,818,872
761,762,815
869,816,870
815,762,816
765,819,818
820,821,874
766,820,819
821,875,874
766,767,820
766,713,767
767,821,820
822,875,821
715,716,769
771,772,825
770,824,823
825,878,824
717,718,771
775,776,829
881,828,882
719,773,772
776,775,722
828,827,774
828,829,882
828,775,829
826,827,880
719,772,718
827,828,881
883,884,937
829,883,882
884,885,938
768,769,822
824,877,823
771,825,824
826,880,879
825,879,878
880,933,879
984,931,985
930,877,931
984,930,931
985,932,986
983,930,984
986,933,987
987,934,988
988,935,989
989,935,936
990,989,936
827,881,880
882,935,881
937,936,883
937,990,936
938,937,884
991,990,937
830,884,883
885,939,938
992,938,939
991,937,938
834,887,833
888,889,942
991,938,992
992,939,993
995,941,942
994,940,941
996,995,942
943,996,942
997,943,944
942,941,888
836,889,835
889,943,942
894,947,893
891,944,890
997,944,998
943,890,944
886,833,887
832,778,779
887,834,888
833,780,834
835,889,888
890,943,889
829,776,830
832,886,885
831,885,884
886,939,885
778,832,831
833,886,832
723,776,722
777,830,776
831,777,778
831,830,777
724,725,778
780,833,779
726,727,780
782,835,781
728,782,781
783,836,782
889,836,890
835,782,836
670,671,724
726,779,725
725,671,672
672,619,673
780,727,781
726,673,727
724,671,725
670,669,616
725,672,726
671,670,617
727,674,728
673,620,674
669,722,668
668,722,721
720,666,667
723,777,776
723,670,724
669,615,616
828,774,775
827,826,773
665,666,719
722,775,721
669,723,722
724,777,723
716,663,717
719,720,773
665,719,718
720,774,773
827,773,774
772,771,718
714,715,768
770,823,769
769,716,770
715,661,662
826,772,773
826,825,772
607,661,660
662,716,715
768,715,769
714,661,715
770,717,771
716,662,663
661,608,662
664,718,717
610,664,663
665,718,664
666,720,719
721,774,720
554,555,608
554,501,555
609,610,663
609,555,556
610,557,611
613,667,666
659,606,660
605,552,606
662,608,609
607,554,608
662,609,663
608,555,609
445,499,498
500,554,553
446,500,499
501,554,500
559,612,558
556,502,503
556,503,557
502,449,503
560,613,559
557,504,558
614,613,560
558,505,559
560,506,507
559,505,506
615,614,561
559,506,560
615,561,562
560,507,561
559,613,612
614,667,613
563,562,509
561,508,562
562,616,615
617,618,671
562,563,616
618,672,671
618,564,565
563,509,510
564,618,617
619,672,618
617,563,564
617,616,563
619,565,566
564,511,565
619,566,620
565,512,566
566,567,620
566,513,567
569,568,515
513,460,514
568,569,622
568,514,515
567,621,620
622,675,621
730,676,677
675,622,676
569,623,622
624,677,623
571,625,624
626,680,679
571,572,625
627,680,626
625,572,626
628,681,627
569,516,570
514,460,461
517,518,571
573,627,626
571,518,572
574,627,573
575,574,521
466,465,412
575,521,522
520,467,521
577,576,523
521,467,468
578,577,524
630,576,577
578,524,525
523,469,470
580,633,579
631,577,578
684,631,685
630,577,631
631,632,685
631,578,632
687,633,634
632,579,633
520,574,573
575,628,574
574,628,627
629,630,683
575,629,628
630,631,684
684,683,630
682,735,681
686,739,685
737,683,684
684,685,738
740,793,739
740,686,687
685,632,686
740,687,741
686,633,687
687,688,741
687,634,688
846,792,793
789,788,735
849,848,795
793,740,794
849,795,796
794,741,795
791,737,738
736,683,737
839,838,785
734,733,680
791,738,792
737,684,738
730,677,731
789,736,790
842,788,789
786,785,732
737,790,736
898,844,845
788,734,735
788,787,734
682,681,628
682,736,735
629,682,628
683,736,682
731,677,678
676,623,677
732,678,679
677,624,678
625,679,678
625,626,679
784,730,731
729,676,730
787,786,733
731,678,732
839,785,786
732,733,786
730,784,783
840,786,787
731,785,784
731,732,785
836,837,890
838,784,785
839,840,893
839,786,840
734,787,733
788,841,787
791,844,790
897,844,898
891,838,892
894,841,895
896,895,842
896,949,895
843,896,842
897,951,950
891,890,837
836,783,837
893,892,839
837,784,838
839,892,838
893,946,892
838,891,837
892,946,945
945,946,999
945,891,892
946,947,1000
946,893,947
944,945,998
944,891,945
945,999,998
948,949,1002
999,946,1000
1000,947,1001
1001,948,1002
1002,949,1003
841,894,840
895,949,948
947,948,1001
947,894,948
897,950,896
951,1004,950
952,951,898
952,1005,951
899,952,898
953,1006,952
899,953,952
1006,1005,952
1007,1006,953
954,1007,953
955,954,901
1008,1007,954
1008,954,955
1010,957,1011
957,958,1011
903,956,902
953,900,954
850,851,904
902,955,901
1009,1008,955
1010,956,957
1009,955,956
904,957,903
901,847,848
848,849,902
848,794,795
958,957,904
902,849,903
843,897,896
898,951,897
897,843,844
900,901,954
898,845,899
847,901,900
736,789,735
790,843,789
789,843,842
846,847,900
790,844,843
791,792,845
899,845,846
844,791,845
899,846,900
845,792,846
901,848,902
847,794,848
741,742,795
797,798,851
795,742,796
744,745,798
797,796,743
748,749,802
854,800,801
690,744,743
855,801,802
800,799,746
855,802,856
801,748,802
853,854,907
853,799,800
855,908,854
909,910,963
801,855,854
856,910,909
849,850,903
849,796,850
958,904,905
903,850,904
906,853,907
852,799,853
907,960,906
904,851,905
958,959,1012
958,905,959
961,960,907
905,852,906
1011,958,1012
1012,959,1013
1014,960,961
1013,959,960
1013,960,1014
1017,1016,963
1015,961,962
1015,962,1016
964,963,910
908,855,909
1017,963,964
1016,962,963
967,966,913
910,856,857
964,965,1018
964,911,965
1021,967,968
966,965,912
1022,968,969
967,914,968
1018,965,1019
1019,966,1020
1020,967,1021
1021,968,1022
969,970,1023
970,1024,1023
968,914,915
859,858,805
970,971,1024
970,917,971
967,913,914
912,858,859
863,916,862
917,970,916
916,863,917
807,861,860
911,857,858
911,910,857
966,912,913
911,858,912
914,913,860
913,912,859
750,804,803
805,858,804
807,806,753
807,808,861
806,860,859
806,807,860
754,807,753
808,862,861
809,808,755
809,862,808
863,862,809
643,697,696
641,640,587
697,698,751
753,806,752
700,754,753
755,808,754
752,698,699
752,751,698
699,646,700
485,538,484
592,593,646
640,694,693
640,641,694
749,696,750
695,694,641
587,588,641
644,645,698
748,747,694
635,634,581
692,693,746
749,803,802
695,749,748
750,803,749
691,745,744
799,798,745
747,746,693
747,800,746
801,747,748
801,800,747
796,742,743
741,688,742
797,743,744
742,689,743
797,744,798
743,689,690
690,636,637
635,581,582
744,690,691
689,636,690
638,637,584
636,583,637
745,691,692
690,637,691
745,692,746
691,637,638
692,639,693
638,584,585
639,586,640
531,584,530
586,587,640
531,585,584
642,641,588
642,695,641
689,635,636
689,688,635
692,638,639
692,691,638
639,585,586
639,638,585
634,580,581
634,633,580
528,527,474
528,582,581
529,528,475
529,582,528
480,534,533
586,533,587
534,587,533
531,477,478
588,587,534
532,479,533
591,590,537
533,479,480
535,588,534
589,643,642
645,591,592
535,534,481
696,642,643
696,695,642
589,590,643
589,588,535
590,644,643
645,699,698
591,645,644
646,699,645
645,592,646
591,538,592
701,700,647
591,537,538
590,589,536
593,592,539
647,646,593
482,536,535
537,590,536
537,483,484
537,536,483
539,538,485
425,426,479
481,534,480
482,535,481
536,589,535
427,428,481
483,536,482
318,371,317
372,373,426
372,425,371
421,475,474
480,426,427
480,479,426
375,428,374
429,482,428
375,429,428
430,483,429
484,430,431
484,483,430
321,375,374
376,377,430
322,376,375
322,323,376
375,321,322
265,264,211
213,214,267
214,215,268
376,323,377
322,269,323
374,373,320
318,264,265
213,266,212
320,319,266
267,320,266
321,374,320
372,318,319
317,264,318
318,372,371
373,427,426
319,373,372
374,427,373
369,368,315
420,419,366
424,423,370
422,421,368
315,316,369
317,371,370
259,260,313
313,260,314
261,262,315
263,317,316
317,263,264
260,259,206
359,305,306
365,312,366
256,257,310
200,253,199
257,311,310
258,259,312
416,363,417
310,311,364
366,312,313
311,257,258
314,367,313
368,421,367
419,365,366
364,311,365
421,420,367
421,422,475
369,422,368
422,423,476
423,422,369
423,477,476
370,423,369
424,478,477
371,424,370
425,478,424
473,474,527
472,418,419
530,476,477
530,529,476
585,531,532
530,477,531
470,471,524
526,579,525
525,472,526
471,418,472
526,473,527
472,419,473
577,523,524
522,469,523
415,416,469
471,525,524
469,416,470
472,525,471
466,413,467
416,362,363
362,416,415
417,471,470
418,417,364
418,471,417
463,409,410
411,410,357
467,413,414
358,411,357
469,468,415
413,412,359
573,519,520
517,463,464
520,466,467
409,463,462
414,468,467
469,522,468
410,464,463
518,517,464
465,518,464
519,572,518
519,465,466
519,518,465
513,459,460
513,512,459
515,461,462
460,406,407
569,515,516
514,461,515
350,351,404
404,351,405
405,352,406
464,410,411
515,462,516
461,407,408
408,409,462
411,412,465
408,355,409
410,356,357
464,411,465
410,409,356
354,408,407
354,355,408
355,356,409
412,358,359
303,357,356
303,304,357
405,351,352
350,296,297
406,352,353
351,298,352
406,353,407
352,298,299
351,297,298
296,242,243
301,300,247
244,243,190
246,299,245
300,353,299
302,301,248
191,244,190
301,355,354
301,302,355
356,302,303
301,247,248
249,250,303
360,306,307
251,252,305
360,307,361
253,254,307
362,308,309
360,413,359
357,304,358
414,413,360
358,305,359
414,360,361
359,306,360
252,253,306
362,309,363
307,308,361
363,364,417
361,308,362
310,364,363
305,252,306
196,250,249
254,308,307
309,310,363
254,255,308
308,255,309
304,250,251
193,246,192
146,199,145
200,201,254
306,253,307
252,199,253
251,198,252
199,252,198
144,143,90
147,200,146
201,200,147
201,202,255
139,140,193
196,197,250
87,88,141
144,198,197
251,197,198
143,144,197
194,141,195
143,197,196
303,250,304
249,195,196
304,251,305
250,197,251
139,192,138
193,247,246
302,248,249
247,193,194
302,249,303
248,195,249
189,243,242
244,297,243
191,190,137
191,245,244
300,246,247
300,299,246
136,135,82
136,189,135
138,191,137
192,245,191
139,193,192
194,248,247
85,139,138
194,195,248
85,86,139
141,142,195
140,194,193
140,141,194
31,85,84
83,137,136
140,86,87
140,139,86
87,141,140
142,196,195
27,28,81
83,84,137
190,136,137
190,189,136
29,83,82
84,138,137
82,28,29
82,81,28
31,84,30
30,84,83
85,138,84
32,85,31
86,85,32
87,33,34
87,86,33
89,88,35
90,89,36
88,34,35
89,35,36
143,142,89
87,34,88
88,142,141
143,196,142
89,90,143
145,198,144
37,90,36
91,145,144
93,92,39
93,146,92
95,148,94
94,148,147
38,91,37
37,91,90
92,145,91
92,38,39
92,91,38
93,39,40
96,95,42
95,94,41
150,149,96
94,40,41
96,43,97
105,106,159
104,50,51
205,151,152
150,97,151
101,155,154
98,45,99
47,100,46
99,46,100
149,148,95
93,40,94
93,94,147
149,203,202
43,96,42
97,150,96
93,147,146
148,201,147
150,203,149
202,203,256
205,258,204
202,148,149
309,255,256
254,201,255
257,256,203
201,148,202
309,256,310
255,202,256
311,258,312
257,203,204
207,260,206
261,314,260
262,261,208
315,314,261
259,258,205
203,150,204
259,205,206
204,151,205
261,207,208
206,153,207
208,154,155
153,100,154
208,155,209
154,100,101
158,211,157
212,266,265
263,262,209
207,154,208
316,262,263
316,315,262
157,210,156
211,264,210
319,265,266
319,318,265
321,267,268
321,320,267
267,214,268
213,159,160
214,213,160
212,158,159
266,213,267
212,159,213
107,161,160
157,103,104
48,101,47
103,49,50
104,103,50
105,104,51
156,155,102
102,155,101
156,102,103
105,51,52
101,100,47
102,48,49
102,101,48
105,52,106
52,53,106
53,107,106
