270.92,12.112,-40
266.07,13.815,-40
261.23,15.518,-40
256.39,17.22,-40
251.54,18.923,-40
246.7,20.626,-40
241.85,22.329,-40
237.01,24.031,-40
232.17,25.734,-40
227.32,27.437,-40
222.48,29.14,-40
217.64,30.842,-40
212.79,32.545,-40
207.95,34.248,-40
203.1,35.95,-40
198.26,37.653,-40
193.42,39.356,-40
188.57,41.059,-40
183.73,42.761,-40
178.89,44.464,-40
174.04,46.167,-40
169.2,47.87,-40
164.35,49.572,-40
161.74,53.845,-40
159.38,58.404,-40
157.02,62.963,-40
154.66,67.523,-40
152.3,72.082,-40
149.94,76.641,-40
147.58,81.2,-40
145.22,85.76,-40
142.86,90.319,-40
140.5,94.878,-40
138.13,99.437,-40
267.87,8.6072,-38.367
263.03,10.309,-38.182
258.19,12.01,-38.182
253.35,13.712,-38.182
248.51,15.413,-38.182
243.67,17.114,-38.182
238.83,18.816,-38.182
233.99,20.517,-38.182
229.15,22.219,-38.182
224.31,23.92,-38.182
219.47,25.622,-38.182
214.63,27.323,-38.182
209.79,29.025,-38.182
204.95,30.726,-38.182
200.11,32.427,-38.182
195.27,34.129,-38.182
190.43,35.83,-38.182
185.59,37.532,-38.182
180.75,39.233,-38.182
175.91,40.935,-38.182
171.07,42.636,-38.182
166.23,44.338,-38.182
161.39,46.039,-38.182
158.68,50.375,-38.182
156.32,54.93,-38.182
153.96,59.486,-38.182
151.6,64.042,-38.182
149.24,68.598,-38.182
146.88,73.154,-38.182
144.52,77.709,-38.182
142.17,82.265,-38.182
139.81,86.821,-38.182
137.45,91.377,-38.182
135.09,95.932,-38.182
264.82,5.1022,-36.735
259.98,6.8037,-36.364
255.14,8.5051,-36.364
250.3,10.207,-36.364
245.46,11.908,-36.364
240.62,13.609,-36.364
235.78,15.311,-36.364
230.94,17.012,-36.364
226.1,18.714,-36.364
221.26,20.415,-36.364
216.42,22.117,-36.364
211.58,23.818,-36.364
206.74,25.52,-36.364
201.9,27.221,-36.364
197.06,28.922,-36.364
192.22,30.624,-36.364
187.38,32.325,-36.364
182.54,34.027,-36.364
177.7,35.728,-36.364
172.86,37.43,-36.364
168.02,39.131,-36.364
163.18,40.833,-36.364
158.34,42.534,-36.364
155.63,46.87,-36.364
153.27,51.426,-36.364
150.92,55.981,-36.364
148.56,60.537,-36.364
146.2,65.093,-36.364
143.84,69.649,-36.364
141.48,74.204,-36.364
139.12,78.76,-36.364
136.76,83.316,-36.364
134.4,87.872,-36.364
132.04,92.428,-36.364
261.78,1.5973,-34.286
256.94,3.2988,-34.545
252.1,5.0002,-34.545
247.26,6.7016,-34.545
242.42,8.4031,-34.545
237.58,10.105,-34.545
232.74,11.806,-34.545
227.9,13.507,-34.545
223.06,15.209,-34.545
218.22,16.91,-34.545
213.38,18.612,-34.545
208.54,20.313,-34.545
203.7,22.015,-34.545
198.86,23.716,-34.545
194.02,25.417,-34.545
189.18,27.119,-34.545
184.34,28.82,-34.545
179.5,30.522,-34.545
174.66,32.223,-34.545
169.82,33.925,-34.545
164.98,35.626,-34.545
160.14,37.327,-34.545
155.3,39.029,-34.545
152.59,43.365,-34.545
150.23,47.921,-34.545
147.87,52.477,-34.545
145.51,57.032,-34.545
143.15,61.588,-34.545
140.79,66.144,-34.545
138.43,70.7,-34.545
136.07,75.255,-34.545
133.71,79.811,-34.545
131.35,84.367,-34.545
129,88.923,-34.545
258.73,-1.9076,-32.727
253.89,-0.20616,-32.727
249.05,1.4953,-32.727
244.21,3.1967,-32.727
239.37,4.8981,-32.727
234.53,6.5995,-32.727
229.69,8.301,-32.727
224.85,10.002,-32.727
220.01,11.704,-32.727
215.17,13.405,-32.727
210.33,15.107,-32.727
205.49,16.808,-32.727
200.65,18.51,-32.727
195.81,20.211,-32.727
190.97,21.912,-32.727
186.13,23.614,-32.727
181.29,25.315,-32.727
176.45,27.017,-32.727
171.61,28.718,-32.727
166.77,30.42,-32.727
161.93,32.121,-32.727
157.09,33.822,-32.727
152.25,35.524,-32.727
149.54,39.86,-32.727
147.18,44.416,-32.727
144.82,48.972,-32.727
142.46,53.528,-32.727
140.1,58.083,-32.727
137.74,62.639,-32.727
135.39,67.195,-32.727
133.03,71.751,-32.727
130.67,76.306,-32.727
128.31,80.862,-32.727
125.95,85.418,-32.727
255.69,-5.4125,-31.02
250.85,-3.7111,-30.909
246.01,-2.0097,-30.909
241.17,-0.30825,-30.909
236.33,1.3932,-30.909
231.49,3.0946,-30.909
226.65,4.796,-30.909
221.81,6.4974,-30.909
216.97,8.1988,-30.909
212.13,9.9003,-30.909
207.29,11.602,-30.909
202.45,13.303,-30.909
197.61,15.005,-30.909
192.77,16.706,-30.909
187.93,18.407,-30.909
183.09,20.109,-30.909
178.25,21.81,-30.909
173.41,23.512,-30.909
168.57,25.213,-30.909
163.73,26.914,-30.909
158.89,28.616,-30.909
154.05,30.317,-30.909
149.21,32.019,-30.909
146.49,36.356,-30.909
144.14,40.912,-30.909
141.78,45.467,-30.909
139.42,50.023,-30.909
137.06,54.579,-30.909
134.7,59.134,-30.909
132.34,63.69,-30.909
129.98,68.246,-30.909
127.62,72.801,-30.909
125.26,77.357,-30.909
122.9,81.913,-30.909
252.64,-8.9174,-29.091
247.8,-7.216,-29.091
242.96,-5.5146,-29.091
238.12,-3.8132,-29.091
233.28,-2.1118,-29.091
228.44,-0.41038,-29.091
223.6,1.291,-29.091
218.76,2.9924,-29.091
213.92,4.6938,-29.091
209.08,6.3953,-29.091
204.24,8.0967,-29.091
199.4,9.7981,-29.091
194.56,11.499,-29.091
189.72,13.201,-29.091
184.88,14.902,-29.091
180.04,16.604,-29.091
175.2,18.305,-29.091
170.36,20.007,-29.091
165.52,21.708,-29.091
160.68,23.409,-29.091
155.84,25.111,-29.091
151,26.812,-29.091
146.16,28.514,-29.091
143.45,32.851,-29.091
141.09,37.407,-29.091
138.73,41.962,-29.091
136.37,46.518,-29.091
134.01,51.074,-29.091
131.65,55.63,-29.091
129.29,60.185,-29.091
126.93,64.741,-29.091
124.57,69.297,-29.091
122.22,73.852,-29.091
119.86,78.408,-29.091
249.59,-12.422,-27.273
244.75,-10.721,-27.273
239.91,-9.0195,-27.273
235.07,-7.3181,-27.273
230.23,-5.6167,-27.273
225.39,-3.9153,-27.273
220.55,-2.2139,-27.273
215.71,-0.51254,-27.273
210.87,1.1889,-27.273
206.03,2.8903,-27.273
201.19,4.5917,-27.273
196.35,6.2931,-27.273
191.51,7.9945,-27.273
186.67,9.6959,-27.273
181.83,11.397,-27.273
176.99,13.099,-27.273
172.15,14.8,-27.273
167.31,16.501,-27.273
162.47,18.203,-27.273
157.63,19.904,-27.273
152.79,21.606,-27.273
147.95,23.307,-27.273
143.11,25.008,-27.273
140.4,29.346,-27.273
138.04,33.902,-27.273
135.68,38.458,-27.273
133.32,43.013,-27.273
130.96,47.569,-27.273
128.61,52.125,-27.273
126.25,56.68,-27.273
123.89,61.236,-27.273
121.53,65.792,-27.273
119.17,70.347,-27.273
116.81,74.903,-27.273
246.55,-15.927,-25.306
241.71,-14.226,-25.455
236.87,-12.524,-25.455
232.03,-10.823,-25.455
227.19,-9.1217,-25.455
222.35,-7.4203,-25.455
217.51,-5.7189,-25.455
212.67,-4.0175,-25.455
207.83,-2.3161,-25.455
202.99,-0.61473,-25.455
198.15,1.0867,-25.455
193.31,2.7881,-25.455
188.47,4.4894,-25.455
183.63,6.1908,-25.455
178.79,7.8922,-25.455
173.95,9.5936,-25.455
169.11,11.295,-25.455
164.27,12.996,-25.455
159.43,14.698,-25.455
154.59,16.399,-25.455
149.75,18.101,-25.455
144.91,19.802,-25.455
140.07,21.503,-25.455
137.36,25.842,-25.455
135,30.397,-25.455
132.64,34.953,-25.455
130.28,39.509,-25.455
127.92,44.064,-25.455
125.56,48.62,-25.455
123.2,53.176,-25.455
120.84,57.731,-25.455
118.48,62.287,-25.455
116.12,66.842,-25.455
113.76,71.398,-25.455
243.5,-19.432,-23.673
238.66,-17.731,-23.636
233.82,-16.029,-23.636
228.98,-14.328,-23.636
224.14,-12.627,-23.636
219.3,-10.925,-23.636
214.46,-9.2239,-23.636
209.62,-7.5225,-23.636
204.78,-5.8211,-23.636
199.94,-4.1197,-23.636
195.1,-2.4183,-23.636
190.26,-0.71696,-23.636
185.42,0.98442,-23.636
180.58,2.6858,-23.636
175.74,4.3872,-23.636
170.9,6.0886,-23.636
166.06,7.7899,-23.636
161.22,9.4913,-23.636
156.38,11.193,-23.636
151.54,12.894,-23.636
146.7,14.595,-23.636
141.86,16.297,-23.636
137.02,17.998,-23.636
134.31,22.337,-23.636
131.95,26.893,-23.636
129.59,31.448,-23.636
127.23,36.004,-23.636
124.87,40.56,-23.636
122.51,45.115,-23.636
120.15,49.671,-23.636
117.79,54.226,-23.636
115.44,58.782,-23.636
113.08,63.338,-23.636
110.72,67.893,-23.636
240.45,-22.937,-21.818
235.61,-21.236,-21.818
230.77,-19.534,-21.818
225.93,-17.833,-21.818
221.09,-16.132,-21.818
216.25,-14.43,-21.818
211.41,-12.729,-21.818
206.57,-11.027,-21.818
201.73,-9.3261,-21.818
196.9,-7.6247,-21.818
192.06,-5.9233,-21.818
187.22,-4.222,-21.818
182.38,-2.5206,-21.818
177.54,-0.81922,-21.818
172.7,0.88215,-21.818
167.86,2.5835,-21.818
163.02,4.2849,-21.818
158.18,5.9863,-21.818
153.34,7.6876,-21.818
148.5,9.389,-21.818
143.66,11.09,-21.818
138.82,12.792,-21.818
133.98,14.493,-21.818
131.26,18.832,-21.818
128.9,23.388,-21.818
126.54,27.944,-21.818
124.18,32.499,-21.818
121.83,37.055,-21.818
119.47,41.61,-21.818
117.11,46.166,-21.818
114.75,50.721,-21.818
112.39,55.277,-21.818
110.03,59.833,-21.818
107.67,64.388,-21.818
237.41,-26.442,-20
232.57,-24.741,-20
227.73,-23.039,-20
222.89,-21.338,-20
218.05,-19.637,-20
213.21,-17.935,-20
208.37,-16.234,-20
203.53,-14.532,-20
198.69,-12.831,-20
193.85,-11.13,-20
189.01,-9.4283,-20
184.17,-7.727,-20
179.33,-6.0256,-20
174.49,-4.3243,-20
169.65,-2.6229,-20
164.81,-0.92152,-20
159.97,0.77984,-20
155.13,2.4812,-20
150.29,4.1826,-20
145.45,5.8839,-20
140.61,7.5853,-20
135.77,9.2867,-20
130.93,10.988,-20
128.22,15.328,-20
125.86,19.883,-20
123.5,24.439,-20
121.14,28.994,-20
118.78,33.55,-20
116.42,38.106,-20
114.06,42.661,-20
111.7,47.217,-20
109.34,51.772,-20
106.98,56.328,-20
104.62,60.883,-20
234.36,-29.947,-18.182
229.52,-28.246,-18.182
224.68,-26.544,-18.182
219.84,-24.843,-18.182
215,-23.141,-18.182
210.16,-21.44,-18.182
205.32,-19.739,-18.182
200.48,-18.037,-18.182
195.64,-16.336,-18.182
190.8,-14.635,-18.182
185.96,-12.933,-18.182
181.12,-11.232,-18.182
176.28,-9.5306,-18.182
171.44,-7.8293,-18.182
166.6,-6.1279,-18.182
161.76,-4.4266,-18.182
156.92,-2.7252,-18.182
152.08,-1.0239,-18.182
147.24,0.6775,-18.182
142.41,2.3789,-18.182
137.57,4.0802,-18.182
132.73,5.7816,-18.182
127.89,7.4829,-18.182
125.17,11.823,-18.182
122.81,16.379,-18.182
120.45,20.934,-18.182
118.09,25.49,-18.182
115.73,30.045,-18.182
113.37,34.601,-18.182
111.01,39.156,-18.182
108.66,43.712,-18.182
106.3,48.267,-18.182
103.94,52.823,-18.182
101.58,57.378,-18.182
231.31,-33.452,-16.364
226.47,-31.75,-16.364
221.64,-30.049,-16.364
216.8,-28.348,-16.364
211.96,-26.646,-16.364
207.12,-24.945,-16.364
202.28,-23.244,-16.364
197.44,-21.542,-16.364
192.6,-19.841,-16.364
187.76,-18.14,-16.364
182.92,-16.438,-16.364
178.08,-14.737,-16.364
173.24,-13.036,-16.364
168.4,-11.334,-16.364
163.56,-9.633,-16.364
158.72,-7.9316,-16.364
153.88,-6.2303,-16.364
149.04,-4.5289,-16.364
144.2,-2.8276,-16.364
139.36,-1.1262,-16.364
134.52,0.57512,-16.364
129.68,2.2765,-16.364
124.84,3.9778,-16.364
122.12,8.3184,-16.364
119.76,12.874,-16.364
117.4,17.429,-16.364
115.05,21.985,-16.364
112.69,26.54,-16.364
110.33,31.096,-16.364
107.97,35.651,-16.364
105.61,40.207,-16.364
103.25,44.762,-16.364
100.89,49.318,-16.364
98.532,53.873,-16.364
228.27,-36.957,-14.545
223.43,-35.255,-14.545
218.59,-33.554,-14.545
213.75,-31.853,-14.545
208.91,-30.151,-14.545
204.07,-28.45,-14.545
199.23,-26.749,-14.545
194.39,-25.047,-14.545
189.55,-23.346,-14.545
184.71,-21.645,-14.545
179.87,-19.943,-14.545
175.03,-18.242,-14.545
170.19,-16.541,-14.545
165.35,-14.839,-14.545
160.51,-13.138,-14.545
155.67,-11.437,-14.545
150.83,-9.7353,-14.545
145.99,-8.034,-14.545
141.15,-6.3326,-14.545
136.31,-4.6313,-14.545
131.47,-2.93,-14.545
126.63,-1.2286,-14.545
121.79,0.47271,-14.545
119.08,4.8137,-14.545
116.72,9.3692,-14.545
114.36,13.925,-14.545
112,18.48,-14.545
109.64,23.036,-14.545
107.28,27.591,-14.545
104.92,32.147,-14.545
102.56,36.702,-14.545
100.2,41.258,-14.545
97.845,45.813,-14.545
95.486,50.369,-14.545
225.22,-40.462,-13.061
220.38,-38.76,-12.727
215.54,-37.059,-12.727
210.7,-35.358,-12.727
205.86,-33.656,-12.727
201.02,-31.955,-12.727
196.18,-30.254,-12.727
191.34,-28.552,-12.727
186.5,-26.851,-12.727
181.66,-25.15,-12.727
176.82,-23.448,-12.727
171.99,-21.747,-12.727
167.15,-20.046,-12.727
162.31,-18.344,-12.727
157.47,-16.643,-12.727
152.63,-14.942,-12.727
147.79,-13.24,-12.727
142.95,-11.539,-12.727
138.11,-9.8377,-12.727
133.27,-8.1364,-12.727
128.43,-6.4351,-12.727
123.59,-4.7337,-12.727
118.75,-3.0324,-12.727
116.03,1.309,-12.727
113.67,5.8645,-12.727
111.31,10.42,-12.727
108.95,14.975,-12.727
106.59,19.531,-12.727
104.23,24.086,-12.727
101.88,28.642,-12.727
99.517,33.197,-12.727
97.158,37.753,-12.727
94.799,42.308,-12.727
92.44,46.864,-12.727
222.18,-43.967,-10.612
217.34,-42.265,-10.909
212.5,-40.564,-10.909
207.66,-38.863,-10.909
202.82,-37.161,-10.909
197.98,-35.46,-10.909
193.14,-33.759,-10.909
188.3,-32.057,-10.909
183.46,-30.356,-10.909
178.62,-28.655,-10.909
173.78,-26.953,-10.909
168.94,-25.252,-10.909
164.1,-23.551,-10.909
159.26,-21.849,-10.909
154.42,-20.148,-10.909
149.58,-18.447,-10.909
144.74,-16.745,-10.909
139.9,-15.044,-10.909
135.06,-13.343,-10.909
130.22,-11.641,-10.909
125.38,-9.9401,-10.909
120.54,-8.2388,-10.909
115.7,-6.5375,-10.909
112.98,-2.1957,-10.909
110.62,2.3597,-10.909
108.27,6.9152,-10.909
105.91,11.471,-10.909
103.55,16.026,-10.909
101.19,20.582,-10.909
98.83,25.137,-10.909
96.471,29.692,-10.909
94.112,34.248,-10.909
91.753,38.803,-10.909
89.394,43.359,-10.909
219.13,-47.471,-8.9796
214.29,-45.77,-9.0909
209.45,-44.069,-9.0909
204.61,-42.368,-9.0909
199.77,-40.666,-9.0909
194.93,-38.965,-9.0909
190.09,-37.264,-9.0909
185.25,-35.562,-9.0909
180.41,-33.861,-9.0909
175.57,-32.16,-9.0909
170.73,-30.458,-9.0909
165.89,-28.757,-9.0909
161.05,-27.056,-9.0909
156.21,-25.354,-9.0909
151.37,-23.653,-9.0909
146.53,-21.952,-9.0909
141.69,-20.25,-9.0909
136.86,-18.549,-9.0909
132.02,-16.848,-9.0909
127.18,-15.147,-9.0909
122.34,-13.445,-9.0909
117.5,-11.744,-9.0909
112.66,-10.043,-9.0909
109.94,-5.7004,-9.0909
107.58,-1.145,-9.0909
105.22,3.4105,-9.0909
102.86,7.9659,-9.0909
100.5,12.521,-9.0909
98.142,17.077,-9.0909
95.783,21.632,-9.0909
93.424,26.188,-9.0909
91.065,30.743,-9.0909
88.706,35.298,-9.0909
86.347,39.854,-9.0909
216.08,-50.976,-7.2727
211.24,-49.275,-7.2727
206.4,-47.574,-7.2727
201.56,-45.872,-7.2727
196.72,-44.171,-7.2727
191.88,-42.47,-7.2727
187.05,-40.769,-7.2727
182.21,-39.067,-7.2727
177.37,-37.366,-7.2727
172.53,-35.665,-7.2727
167.69,-33.963,-7.2727
162.85,-32.262,-7.2727
158.01,-30.561,-7.2727
153.17,-28.859,-7.2727
148.33,-27.158,-7.2727
143.49,-25.457,-7.2727
138.65,-23.756,-7.2727
133.81,-22.054,-7.2727
128.97,-20.353,-7.2727
124.13,-18.652,-7.2727
119.29,-16.95,-7.2727
114.45,-15.249,-7.2727
109.61,-13.548,-7.2727
106.89,-9.2051,-7.2727
104.53,-4.6497,-7.2727
102.17,-0.094269,-7.2727
99.814,4.4611,-7.2727
97.455,9.0165,-7.2727
95.096,13.572,-7.2727
92.737,18.127,-7.2727
90.378,22.683,-7.2727
88.019,27.238,-7.2727
85.66,31.794,-7.2727
83.301,36.349,-7.2727
213.04,-54.481,-5.4545
208.2,-52.78,-5.4545
203.36,-51.079,-5.4545
198.52,-49.377,-5.4545
193.68,-47.676,-5.4545
188.84,-45.975,-5.4545
184,-44.274,-5.4545
179.16,-42.572,-5.4545
174.32,-40.871,-5.4545
169.48,-39.17,-5.4545
164.64,-37.468,-5.4545
159.8,-35.767,-5.4545
154.96,-34.066,-5.4545
150.12,-32.364,-5.4545
145.28,-30.663,-5.4545
140.44,-28.962,-5.4545
135.6,-27.261,-5.4545
130.76,-25.559,-5.4545
125.92,-23.858,-5.4545
121.08,-22.157,-5.4545
116.24,-20.455,-5.4545
111.4,-18.754,-5.4545
106.57,-17.053,-5.4545
103.84,-12.71,-5.4545
101.49,-8.1544,-5.4545
99.127,-3.599,-5.4545
96.768,0.95638,-5.4545
94.409,5.5118,-5.4545
92.05,10.067,-5.4545
89.691,14.623,-5.4545
87.332,19.178,-5.4545
84.973,23.733,-5.4545
82.614,28.289,-5.4545
80.255,32.844,-5.4545
209.99,-57.986,-3.6364
205.15,-56.285,-3.6364
200.31,-54.584,-3.6364
195.47,-52.882,-3.6364
190.63,-51.181,-3.6364
185.79,-49.48,-3.6364
180.95,-47.779,-3.6364
176.11,-46.077,-3.6364
171.27,-44.376,-3.6364
166.43,-42.675,-3.6364
161.59,-40.973,-3.6364
156.76,-39.272,-3.6364
151.92,-37.571,-3.6364
147.08,-35.87,-3.6364
142.24,-34.168,-3.6364
137.4,-32.467,-3.6364
132.56,-30.766,-3.6364
127.72,-29.064,-3.6364
122.88,-27.363,-3.6364
118.04,-25.662,-3.6364
113.2,-23.96,-3.6364
108.36,-22.259,-3.6364
103.52,-20.558,-3.6364
100.8,-16.214,-3.6364
98.439,-11.659,-3.6364
96.08,-7.1037,-3.6364
93.721,-2.5484,-3.6364
91.362,2.007,-3.6364
89.003,6.5623,-3.6364
86.644,11.118,-3.6364
84.285,15.673,-3.6364
81.926,20.228,-3.6364
79.567,24.784,-3.6364
77.208,29.339,-3.6364
206.94,-61.491,-1.8182
202.1,-59.79,-1.8182
197.27,-58.089,-1.8182
192.43,-56.387,-1.8182
187.59,-54.686,-1.8182
182.75,-52.985,-1.8182
177.91,-51.283,-1.8182
173.07,-49.582,-1.8182
168.23,-47.881,-1.8182
163.39,-46.18,-1.8182
158.55,-44.478,-1.8182
153.71,-42.777,-1.8182
148.87,-41.076,-1.8182
144.03,-39.375,-1.8182
139.19,-37.673,-1.8182
134.35,-35.972,-1.8182
129.51,-34.271,-1.8182
124.67,-32.569,-1.8182
119.83,-30.868,-1.8182
114.99,-29.167,-1.8182
110.15,-27.466,-1.8182
105.31,-25.764,-1.8182
100.47,-24.063,-1.8182
97.752,-19.719,-1.8182
95.393,-15.164,-1.8182
93.034,-10.608,-1.8182
90.675,-6.0531,-1.8182
88.316,-1.4978,-1.8182
85.957,3.0575,-1.8182
83.598,7.6129,-1.8182
81.239,12.168,-1.8182
78.88,16.724,-1.8182
76.521,21.279,-1.8182
74.162,25.834,-1.8182
203.9,-64.996,-0
199.05,-63.293,0
194.21,-61.591,0
189.37,-59.888,0
184.52,-58.185,0
179.68,-56.482,0
174.84,-54.78,0
169.99,-53.077,0
165.15,-51.374,0
160.3,-49.671,0
155.46,-47.969,0
150.62,-46.266,0
145.77,-44.563,0
140.93,-42.86,0
136.09,-41.158,0
131.24,-39.455,0
126.4,-37.752,0
121.55,-36.049,0
116.71,-34.347,0
111.87,-32.644,0
107.02,-30.941,0
102.18,-29.238,0
97.336,-27.536,0
94.726,-23.263,0
92.365,-18.704,0
90.004,-14.145,0
87.643,-9.5855,0
85.282,-5.0262,0
82.921,-0.46699,0
80.56,4.0923,0
78.199,8.6515,0
75.838,13.211,0
73.477,17.77,0
71.116,22.329,0
