429.3,50.497,-40
424.29,49.877,-40
419.28,49.257,-40
414.27,48.637,-40
409.26,48.017,-40
404.25,47.397,-40
399.24,46.777,-40
394.23,46.157,-40
389.22,45.537,-40
384.21,44.916,-40
379.19,44.296,-40
374.18,43.676,-40
369.17,43.056,-40
364.16,42.436,-40
359.15,41.816,-40
354.14,41.196,-40
349.13,40.576,-40
344.12,39.956,-40
339.11,39.336,-40
334.1,38.716,-40
329.09,38.096,-40
324.07,37.476,-40
319.06,36.856,-40
314.05,36.236,-40
309.04,35.616,-40
304.03,34.996,-40
299.02,34.376,-40
294.01,33.756,-40
289,33.45,-40
283.97,33.946,-40
278.95,34.442,-40
273.92,34.938,-40
268.9,35.434,-40
263.87,35.93,-40
258.85,36.426,-40
253.82,36.921,-40
248.8,37.417,-40
243.77,37.913,-40
238.75,38.409,-40
233.72,38.905,-40
228.7,39.401,-40
223.67,39.897,-40
218.65,40.393,-40
213.62,40.889,-40
208.6,41.385,-40
203.58,41.881,-40
198.55,42.377,-40
193.53,42.873,-40
188.5,43.369,-40
183.48,43.865,-40
178.45,44.36,-40
173.43,44.856,-40
168.4,45.352,-40
163.38,45.848,-40
158.35,46.344,-40
153.35,46.971,-40
148.42,48.068,-40
143.49,49.165,-40
138.56,50.263,-40
133.64,51.36,-40
128.71,52.458,-40
123.78,53.555,-40
118.85,54.652,-40
113.92,55.75,-40
108.99,56.847,-40
104.07,57.945,-40
429,45.776,-38.261
423.99,45.156,-38.261
418.98,44.536,-38.261
413.97,43.916,-38.261
408.95,43.297,-38.261
403.94,42.677,-38.261
398.93,42.057,-38.261
393.92,41.437,-38.261
388.91,40.817,-38.261
383.9,40.197,-38.261
378.89,39.577,-38.261
373.88,38.957,-38.261
368.87,38.337,-38.261
363.86,37.717,-38.261
358.85,37.097,-38.261
353.84,36.477,-38.261
348.83,35.857,-38.261
343.82,35.237,-38.261
338.81,34.617,-38.261
333.8,33.997,-38.261
328.79,33.377,-38.261
323.78,32.757,-38.261
318.77,32.137,-38.261
313.76,31.517,-38.261
308.75,30.897,-38.261
303.74,30.277,-38.261
298.73,29.657,-38.261
293.72,29.037,-38.261
288.68,28.731,-38.261
283.65,29.227,-38.261
278.63,29.722,-38.261
273.6,30.218,-38.261
268.58,30.714,-38.261
263.56,31.21,-38.261
258.53,31.706,-38.261
253.51,32.202,-38.261
248.48,32.698,-38.261
243.46,33.194,-38.261
238.43,33.69,-38.261
233.41,34.185,-38.261
228.39,34.681,-38.261
223.36,35.177,-38.261
218.34,35.673,-38.261
213.31,36.169,-38.261
208.29,36.665,-38.261
203.27,37.161,-38.261
198.24,37.657,-38.261
193.22,38.152,-38.261
188.19,38.648,-38.261
183.17,39.144,-38.261
178.14,39.64,-38.261
173.12,40.136,-38.261
168.1,40.632,-38.261
163.07,41.128,-38.261
158.05,41.624,-38.261
153.04,42.251,-38.261
148.11,43.349,-38.261
143.18,44.446,-38.261
138.25,45.543,-38.261
133.33,46.64,-38.261
128.4,47.738,-38.261
123.47,48.835,-38.261
118.54,49.932,-38.261
113.61,51.03,-38.261
108.69,52.127,-38.261
103.76,53.224,-38.261
428.69,41.056,-36.522
423.68,40.436,-36.522
418.67,39.816,-36.522
413.66,39.196,-36.522
408.65,38.576,-36.522
403.64,37.956,-36.522
398.63,37.336,-36.522
393.62,36.716,-36.522
388.61,36.096,-36.522
383.6,35.476,-36.522
378.59,34.856,-36.522
373.57,34.236,-36.522
368.56,33.616,-36.522
363.55,32.996,-36.522
358.54,32.376,-36.522
353.53,31.756,-36.522
348.52,31.136,-36.522
343.51,30.516,-36.522
338.5,29.896,-36.522
333.49,29.276,-36.522
328.48,28.656,-36.522
323.47,28.036,-36.522
318.46,27.416,-36.522
313.45,26.796,-36.522
308.44,26.176,-36.522
303.43,25.557,-36.522
298.42,24.937,-36.522
293.41,24.317,-36.522
288.37,24.01,-36.522
283.35,24.506,-36.522
278.32,25.002,-36.522
273.3,25.498,-36.522
268.27,25.994,-36.522
263.25,26.49,-36.522
258.22,26.986,-36.522
253.2,27.481,-36.522
248.18,27.977,-36.522
243.15,28.473,-36.522
238.13,28.969,-36.522
233.1,29.465,-36.522
228.08,29.961,-36.522
223.05,30.457,-36.522
218.03,30.953,-36.522
213.01,31.449,-36.522
207.98,31.944,-36.522
202.96,32.44,-36.522
197.93,32.936,-36.522
192.91,33.432,-36.522
187.89,33.928,-36.522
182.86,34.424,-36.522
177.84,34.92,-36.522
172.81,35.416,-36.522
167.79,35.912,-36.522
162.76,36.407,-36.522
157.74,36.903,-36.522
152.73,37.531,-36.522
147.8,38.628,-36.522
142.88,39.725,-36.522
137.95,40.823,-36.522
133.02,41.92,-36.522
128.09,43.017,-36.522
123.16,44.115,-36.522
118.24,45.212,-36.522
113.31,46.309,-36.522
108.38,47.407,-36.522
103.45,48.504,-36.522
428.38,36.336,-35.102
423.37,35.716,-34.783
418.36,35.096,-34.783
413.35,34.476,-34.783
408.34,33.856,-34.783
403.33,33.236,-34.783
398.32,32.616,-34.783
393.31,31.996,-34.783
388.3,31.376,-34.783
383.29,30.756,-34.783
378.28,30.136,-34.783
373.27,29.516,-34.783
368.26,28.896,-34.783
363.25,28.276,-34.783
358.24,27.656,-34.783
353.23,27.036,-34.783
348.22,26.416,-34.783
343.21,25.796,-34.783
338.2,25.176,-34.783
333.18,24.556,-34.783
328.17,23.936,-34.783
323.16,23.316,-34.783
318.15,22.696,-34.783
313.14,22.076,-34.783
308.13,21.456,-34.783
303.12,20.836,-34.783
298.11,20.216,-34.783
293.1,19.596,-34.783
288.06,19.29,-34.783
283.04,19.786,-34.783
278.01,20.282,-34.783
272.99,20.778,-34.783
267.97,21.273,-34.783
262.94,21.769,-34.783
257.92,22.265,-34.783
252.89,22.761,-34.783
247.87,23.257,-34.783
242.84,23.753,-34.783
237.82,24.249,-34.783
232.8,24.745,-34.783
227.77,25.241,-34.783
222.75,25.736,-34.783
217.72,26.232,-34.783
212.7,26.728,-34.783
207.68,27.224,-34.783
202.65,27.72,-34.783
197.63,28.216,-34.783
192.6,28.712,-34.783
187.58,29.208,-34.783
182.55,29.703,-34.783
177.53,30.199,-34.783
172.51,30.695,-34.783
167.48,31.191,-34.783
162.46,31.687,-34.783
157.43,32.183,-34.783
152.42,32.811,-34.783
147.5,33.908,-34.783
142.57,35.005,-34.783
137.64,36.102,-34.783
132.71,37.2,-34.783
127.78,38.297,-34.783
122.86,39.394,-34.783
117.93,40.492,-34.783
113,41.589,-34.783
108.07,42.686,-34.783
103.14,43.783,-34.783
428.08,31.615,-33.043
423.06,30.995,-33.043
418.05,30.375,-33.043
413.04,29.755,-33.043
408.03,29.135,-33.043
403.02,28.515,-33.043
398.01,27.895,-33.043
393,27.275,-33.043
387.99,26.655,-33.043
382.98,26.035,-33.043
377.97,25.415,-33.043
372.96,24.795,-33.043
367.95,24.175,-33.043
362.94,23.556,-33.043
357.93,22.936,-33.043
352.92,22.316,-33.043
347.91,21.696,-33.043
342.9,21.076,-33.043
337.89,20.456,-33.043
332.88,19.836,-33.043
327.87,19.216,-33.043
322.86,18.596,-33.043
317.85,17.976,-33.043
312.84,17.356,-33.043
307.83,16.736,-33.043
302.82,16.116,-33.043
297.8,15.496,-33.043
292.79,14.876,-33.043
287.76,14.569,-33.043
282.73,15.065,-33.043
277.71,15.561,-33.043
272.68,16.057,-33.043
267.66,16.553,-33.043
262.63,17.049,-33.043
257.61,17.545,-33.043
252.59,18.041,-33.043
247.56,18.537,-33.043
242.54,19.032,-33.043
237.51,19.528,-33.043
232.49,20.024,-33.043
227.47,20.52,-33.043
222.44,21.016,-33.043
217.42,21.512,-33.043
212.39,22.008,-33.043
207.37,22.504,-33.043
202.34,23,-33.043
197.32,23.495,-33.043
192.3,23.991,-33.043
187.27,24.487,-33.043
182.25,24.983,-33.043
177.22,25.479,-33.043
172.2,25.975,-33.043
167.17,26.471,-33.043
162.15,26.967,-33.043
157.13,27.463,-33.043
152.12,28.09,-33.043
147.19,29.187,-33.043
142.26,30.285,-33.043
137.33,31.382,-33.043
132.41,32.479,-33.043
127.48,33.577,-33.043
122.55,34.674,-33.043
117.62,35.771,-33.043
112.69,36.868,-33.043
107.77,37.966,-33.043
102.84,39.063,-33.043
427.77,26.895,-31.304
422.76,26.275,-31.304
417.75,25.655,-31.304
412.74,25.035,-31.304
407.73,24.415,-31.304
402.72,23.795,-31.304
397.71,23.175,-31.304
392.7,22.555,-31.304
387.68,21.935,-31.304
382.67,21.315,-31.304
377.66,20.695,-31.304
372.65,20.075,-31.304
367.64,19.455,-31.304
362.63,18.835,-31.304
357.62,18.215,-31.304
352.61,17.595,-31.304
347.6,16.975,-31.304
342.59,16.355,-31.304
337.58,15.735,-31.304
332.57,15.115,-31.304
327.56,14.495,-31.304
322.55,13.875,-31.304
317.54,13.255,-31.304
312.53,12.635,-31.304
307.52,12.015,-31.304
302.51,11.395,-31.304
297.5,10.775,-31.304
292.49,10.155,-31.304
287.45,9.8491,-31.304
282.42,10.345,-31.304
277.4,10.841,-31.304
272.38,11.337,-31.304
267.35,11.833,-31.304
262.33,12.329,-31.304
257.3,12.824,-31.304
252.28,13.32,-31.304
247.25,13.816,-31.304
242.23,14.312,-31.304
237.21,14.808,-31.304
232.18,15.304,-31.304
227.16,15.8,-31.304
222.13,16.296,-31.304
217.11,16.792,-31.304
212.09,17.287,-31.304
207.06,17.783,-31.304
202.04,18.279,-31.304
197.01,18.775,-31.304
191.99,19.271,-31.304
186.96,19.767,-31.304
181.94,20.263,-31.304
176.92,20.759,-31.304
171.89,21.254,-31.304
166.87,21.75,-31.304
161.84,22.246,-31.304
156.82,22.742,-31.304
151.81,23.37,-31.304
146.88,24.467,-31.304
141.95,25.564,-31.304
137.03,26.662,-31.304
132.1,27.759,-31.304
127.17,28.856,-31.304
122.24,29.954,-31.304
117.31,31.051,-31.304
112.39,32.148,-31.304
107.46,33.245,-31.304
102.53,34.343,-31.304
427.46,22.174,-29.565
422.45,21.555,-29.565
417.44,20.935,-29.565
412.43,20.315,-29.565
407.42,19.695,-29.565
402.41,19.075,-29.565
397.4,18.455,-29.565
392.39,17.835,-29.565
387.38,17.215,-29.565
382.37,16.595,-29.565
377.36,15.975,-29.565
372.35,15.355,-29.565
367.34,14.735,-29.565
362.33,14.115,-29.565
357.32,13.495,-29.565
352.31,12.875,-29.565
347.29,12.255,-29.565
342.28,11.635,-29.565
337.27,11.015,-29.565
332.26,10.395,-29.565
327.25,9.7749,-29.565
322.24,9.1549,-29.565
317.23,8.5349,-29.565
312.22,7.9149,-29.565
307.21,7.2949,-29.565
302.2,6.675,-29.565
297.19,6.055,-29.565
292.18,5.435,-29.565
287.14,5.1287,-29.565
282.12,5.6246,-29.565
277.09,6.1205,-29.565
272.07,6.6164,-29.565
267.04,7.1123,-29.565
262.02,7.6081,-29.565
257,8.104,-29.565
251.97,8.5999,-29.565
246.95,9.0958,-29.565
241.92,9.5917,-29.565
236.9,10.088,-29.565
231.88,10.583,-29.565
226.85,11.079,-29.565
221.83,11.575,-29.565
216.8,12.071,-29.565
211.78,12.567,-29.565
206.75,13.063,-29.565
201.73,13.559,-29.565
196.71,14.055,-29.565
191.68,14.551,-29.565
186.66,15.046,-29.565
181.63,15.542,-29.565
176.61,16.038,-29.565
171.58,16.534,-29.565
166.56,17.03,-29.565
161.54,17.526,-29.565
156.51,18.022,-29.565
151.5,18.649,-29.565
146.57,19.747,-29.565
141.65,20.844,-29.565
136.72,21.941,-29.565
131.79,23.039,-29.565
126.86,24.136,-29.565
121.94,25.233,-29.565
117.01,26.33,-29.565
112.08,27.428,-29.565
107.15,28.525,-29.565
102.22,29.622,-29.565
427.15,17.454,-27.755
422.14,16.834,-27.826
417.13,16.214,-27.826
412.12,15.594,-27.826
407.11,14.974,-27.826
402.1,14.354,-27.826
397.09,13.734,-27.826
392.08,13.114,-27.826
387.07,12.494,-27.826
382.06,11.874,-27.826
377.05,11.254,-27.826
372.04,10.634,-27.826
367.03,10.014,-27.826
362.02,9.3943,-27.826
357.01,8.7744,-27.826
352,8.1544,-27.826
346.99,7.5344,-27.826
341.98,6.9144,-27.826
336.97,6.2944,-27.826
331.96,5.6745,-27.826
326.95,5.0545,-27.826
321.94,4.4345,-27.826
316.93,3.8145,-27.826
311.92,3.1945,-27.826
306.9,2.5745,-27.826
301.89,1.9546,-27.826
296.88,1.3346,-27.826
291.87,0.71461,-27.826
286.83,0.40832,-27.826
281.81,0.90421,-27.826
276.79,1.4001,-27.826
271.76,1.896,-27.826
266.74,2.3919,-27.826
261.71,2.8878,-27.826
256.69,3.3836,-27.826
251.66,3.8795,-27.826
246.64,4.3754,-27.826
241.62,4.8713,-27.826
236.59,5.3672,-27.826
231.57,5.8631,-27.826
226.54,6.359,-27.826
221.52,6.8548,-27.826
216.5,7.3507,-27.826
211.47,7.8466,-27.826
206.45,8.3425,-27.826
201.42,8.8384,-27.826
196.4,9.3343,-27.826
191.37,9.8302,-27.826
186.35,10.326,-27.826
181.33,10.822,-27.826
176.3,11.318,-27.826
171.28,11.814,-27.826
166.25,12.31,-27.826
161.23,12.805,-27.826
156.21,13.301,-27.826
151.2,13.929,-27.826
146.27,15.026,-27.826
141.34,16.124,-27.826
136.41,17.221,-27.826
131.48,18.318,-27.826
126.56,19.415,-27.826
121.63,20.513,-27.826
116.7,21.61,-27.826
111.77,22.707,-27.826
106.84,23.805,-27.826
101.92,24.902,-27.826
426.85,12.734,-26.087
421.84,12.114,-26.087
416.83,11.494,-26.087
411.82,10.874,-26.087
406.81,10.254,-26.087
401.8,9.6338,-26.087
396.78,9.0138,-26.087
391.77,8.3938,-26.087
386.76,7.7739,-26.087
381.75,7.1539,-26.087
376.74,6.5339,-26.087
371.73,5.9139,-26.087
366.72,5.2939,-26.087
361.71,4.674,-26.087
356.7,4.054,-26.087
351.69,3.434,-26.087
346.68,2.814,-26.087
341.67,2.194,-26.087
336.66,1.5741,-26.087
331.65,0.95407,-26.087
326.64,0.33409,-26.087
321.63,-0.28589,-26.087
316.62,-0.90588,-26.087
311.61,-1.5259,-26.087
306.6,-2.1458,-26.087
301.59,-2.7658,-26.087
296.58,-3.3858,-26.087
291.57,-4.0058,-26.087
286.53,-4.3121,-26.087
281.5,-3.8162,-26.087
276.48,-3.3203,-26.087
271.45,-2.8244,-26.087
266.43,-2.3285,-26.087
261.41,-1.8326,-26.087
256.38,-1.3368,-26.087
251.36,-0.84086,-26.087
246.33,-0.34498,-26.087
241.31,0.15091,-26.087
236.29,0.64679,-26.087
231.26,1.1427,-26.087
226.24,1.6386,-26.087
221.21,2.1345,-26.087
216.19,2.6303,-26.087
211.16,3.1262,-26.087
206.14,3.6221,-26.087
201.12,4.118,-26.087
196.09,4.6139,-26.087
191.07,5.1098,-26.087
186.04,5.6057,-26.087
181.02,6.1015,-26.087
176,6.5974,-26.087
170.97,7.0933,-26.087
165.95,7.5892,-26.087
160.92,8.0851,-26.087
155.9,8.581,-26.087
150.89,9.2086,-26.087
145.96,10.306,-26.087
141.03,11.403,-26.087
136.11,12.5,-26.087
131.18,13.598,-26.087
126.25,14.695,-26.087
121.32,15.792,-26.087
116.39,16.89,-26.087
111.47,17.987,-26.087
106.54,19.084,-26.087
101.61,20.182,-26.087
426.54,8.0133,-24.348
421.53,7.3933,-24.348
416.52,6.7734,-24.348
411.51,6.1534,-24.348
406.5,5.5334,-24.348
401.49,4.9134,-24.348
396.48,4.2934,-24.348
391.47,3.6735,-24.348
386.46,3.0535,-24.348
381.45,2.4335,-24.348
376.44,1.8135,-24.348
371.43,1.1935,-24.348
366.42,0.57355,-24.348
361.4,-0.046431,-24.348
356.39,-0.66641,-24.348
351.38,-1.2864,-24.348
346.37,-1.9064,-24.348
341.36,-2.5264,-24.348
336.35,-3.1463,-24.348
331.34,-3.7663,-24.348
326.33,-4.3863,-24.348
321.32,-5.0063,-24.348
316.31,-5.6263,-24.348
311.3,-6.2462,-24.348
306.29,-6.8662,-24.348
301.28,-7.4862,-24.348
296.27,-8.1062,-24.348
291.26,-8.7262,-24.348
286.22,-9.0325,-24.348
281.2,-8.5366,-24.348
276.17,-8.0407,-24.348
271.15,-7.5448,-24.348
266.12,-7.0489,-24.348
261.1,-6.553,-24.348
256.08,-6.0571,-24.348
251.05,-5.5613,-24.348
246.03,-5.0654,-24.348
241,-4.5695,-24.348
235.98,-4.0736,-24.348
230.95,-3.5777,-24.348
225.93,-3.0818,-24.348
220.91,-2.5859,-24.348
215.88,-2.0901,-24.348
210.86,-1.5942,-24.348
205.83,-1.0983,-24.348
200.81,-0.60239,-24.348
195.78,-0.10651,-24.348
190.76,0.38938,-24.348
185.74,0.88526,-24.348
180.71,1.3811,-24.348
175.69,1.877,-24.348
170.66,2.3729,-24.348
165.64,2.8688,-24.348
160.62,3.3647,-24.348
155.59,3.8606,-24.348
150.58,4.4882,-24.348
145.65,5.5855,-24.348
140.73,6.6828,-24.348
135.8,7.7801,-24.348
130.87,8.8774,-24.348
125.94,9.9746,-24.348
121.01,11.072,-24.348
116.09,12.169,-24.348
111.16,13.267,-24.348
106.23,14.364,-24.348
101.3,15.461,-24.348
426.23,3.2929,-22.609
421.22,2.673,-22.609
416.21,2.053,-22.609
411.2,1.433,-22.609
406.19,0.81301,-22.609
401.18,0.19303,-22.609
396.17,-0.42695,-22.609
391.16,-1.0469,-22.609
386.15,-1.6669,-22.609
381.14,-2.2869,-22.609
376.13,-2.9069,-22.609
371.12,-3.5269,-22.609
366.11,-4.1468,-22.609
361.1,-4.7668,-22.609
356.09,-5.3868,-22.609
351.08,-6.0068,-22.609
346.07,-6.6268,-22.609
341.06,-7.2467,-22.609
336.05,-7.8667,-22.609
331.04,-8.4867,-22.609
326.03,-9.1067,-22.609
321.01,-9.7267,-22.609
316,-10.347,-22.609
310.99,-10.967,-22.609
305.98,-11.587,-22.609
300.97,-12.207,-22.609
295.96,-12.827,-22.609
290.95,-13.447,-22.609
285.91,-13.753,-22.609
280.89,-13.257,-22.609
275.86,-12.761,-22.609
270.84,-12.265,-22.609
265.82,-11.769,-22.609
260.79,-11.273,-22.609
255.77,-10.778,-22.609
250.74,-10.282,-22.609
245.72,-9.7858,-22.609
240.7,-9.2899,-22.609
235.67,-8.794,-22.609
230.65,-8.2981,-22.609
225.62,-7.8022,-22.609
220.6,-7.3063,-22.609
215.57,-6.8104,-22.609
210.55,-6.3146,-22.609
205.53,-5.8187,-22.609
200.5,-5.3228,-22.609
195.48,-4.8269,-22.609
190.45,-4.331,-22.609
185.43,-3.8351,-22.609
180.41,-3.3392,-22.609
175.38,-2.8434,-22.609
170.36,-2.3475,-22.609
165.33,-1.8516,-22.609
160.31,-1.3557,-22.609
155.28,-0.85981,-22.609
150.27,-0.23222,-22.609
145.35,0.86507,-22.609
140.42,1.9624,-22.609
135.49,3.0597,-22.609
130.56,4.157,-22.609
125.64,5.2543,-22.609
120.71,6.3516,-22.609
115.78,7.4489,-22.609
110.85,8.5462,-22.609
105.92,9.6434,-22.609
101,10.741,-22.609
425.93,-1.4274,-20.87
420.92,-2.0474,-20.87
415.91,-2.6674,-20.87
410.89,-3.2874,-20.87
405.88,-3.9074,-20.87
400.87,-4.5274,-20.87
395.86,-5.1473,-20.87
390.85,-5.7673,-20.87
385.84,-6.3873,-20.87
380.83,-7.0073,-20.87
375.82,-7.6273,-20.87
370.81,-8.2472,-20.87
365.8,-8.8672,-20.87
360.79,-9.4872,-20.87
355.78,-10.107,-20.87
350.77,-10.727,-20.87
345.76,-11.347,-20.87
340.75,-11.967,-20.87
335.74,-12.587,-20.87
330.73,-13.207,-20.87
325.72,-13.827,-20.87
320.71,-14.447,-20.87
315.7,-15.067,-20.87
310.69,-15.687,-20.87
305.68,-16.307,-20.87
300.67,-16.927,-20.87
295.66,-17.547,-20.87
290.65,-18.167,-20.87
285.61,-18.473,-20.87
280.58,-17.977,-20.87
275.56,-17.481,-20.87
270.53,-16.986,-20.87
265.51,-16.49,-20.87
260.49,-15.994,-20.87
255.46,-15.498,-20.87
250.44,-15.002,-20.87
245.41,-14.506,-20.87
240.39,-14.01,-20.87
235.36,-13.514,-20.87
230.34,-13.018,-20.87
225.32,-12.523,-20.87
220.29,-12.027,-20.87
215.27,-11.531,-20.87
210.24,-11.035,-20.87
205.22,-10.539,-20.87
200.19,-10.043,-20.87
195.17,-9.5473,-20.87
190.15,-9.0514,-20.87
185.12,-8.5555,-20.87
180.1,-8.0596,-20.87
175.07,-7.5637,-20.87
170.05,-7.0679,-20.87
165.03,-6.572,-20.87
160,-6.0761,-20.87
154.98,-5.5802,-20.87
149.97,-4.9526,-20.87
145.04,-3.8553,-20.87
140.11,-2.758,-20.87
135.18,-1.6607,-20.87
130.26,-0.56342,-20.87
125.33,0.53387,-20.87
120.4,1.6312,-20.87
115.47,2.7285,-20.87
110.54,3.8258,-20.87
105.62,4.9231,-20.87
100.69,6.0204,-20.87
425.62,-6.1478,-19.13
420.61,-6.7678,-19.13
415.6,-7.3878,-19.13
410.59,-8.0078,-19.13
405.58,-8.6278,-19.13
400.57,-9.2477,-19.13
395.56,-9.8677,-19.13
390.55,-10.488,-19.13
385.54,-11.108,-19.13
380.53,-11.728,-19.13
375.52,-12.348,-19.13
370.5,-12.968,-19.13
365.49,-13.588,-19.13
360.48,-14.208,-19.13
355.47,-14.828,-19.13
350.46,-15.448,-19.13
345.45,-16.068,-19.13
340.44,-16.688,-19.13
335.43,-17.308,-19.13
330.42,-17.927,-19.13
325.41,-18.547,-19.13
320.4,-19.167,-19.13
315.39,-19.787,-19.13
310.38,-20.407,-19.13
305.37,-21.027,-19.13
300.36,-21.647,-19.13
295.35,-22.267,-19.13
290.34,-22.887,-19.13
285.3,-23.194,-19.13
280.27,-22.698,-19.13
275.25,-22.202,-19.13
270.23,-21.706,-19.13
265.2,-21.21,-19.13
260.18,-20.714,-19.13
255.15,-20.218,-19.13
250.13,-19.722,-19.13
245.11,-19.227,-19.13
240.08,-18.731,-19.13
235.06,-18.235,-19.13
230.03,-17.739,-19.13
225.01,-17.243,-19.13
219.98,-16.747,-19.13
214.96,-16.251,-19.13
209.94,-15.755,-19.13
204.91,-15.259,-19.13
199.89,-14.764,-19.13
194.86,-14.268,-19.13
189.84,-13.772,-19.13
184.82,-13.276,-19.13
179.79,-12.78,-19.13
174.77,-12.284,-19.13
169.74,-11.788,-19.13
164.72,-11.292,-19.13
159.69,-10.796,-19.13
154.67,-10.301,-19.13
149.66,-9.673,-19.13
144.73,-8.5757,-19.13
139.8,-7.4784,-19.13
134.88,-6.3811,-19.13
129.95,-5.2838,-19.13
125.02,-4.1865,-19.13
120.09,-3.0892,-19.13
115.17,-1.9919,-19.13
110.24,-0.89463,-19.13
105.31,0.20267,-19.13
100.38,1.3,-19.13
425.31,-10.868,-17.391
420.3,-11.488,-17.391
415.29,-12.108,-17.391
410.28,-12.728,-17.391
405.27,-13.348,-17.391
400.26,-13.968,-17.391
395.25,-14.588,-17.391
390.24,-15.208,-17.391
385.23,-15.828,-17.391
380.22,-16.448,-17.391
375.21,-17.068,-17.391
370.2,-17.688,-17.391
365.19,-18.308,-17.391
360.18,-18.928,-17.391
355.17,-19.548,-17.391
350.16,-20.168,-17.391
345.15,-20.788,-17.391
340.14,-21.408,-17.391
335.12,-22.028,-17.391
330.11,-22.648,-17.391
325.1,-23.268,-17.391
320.09,-23.888,-17.391
315.08,-24.508,-17.391
310.07,-25.128,-17.391
305.06,-25.748,-17.391
300.05,-26.368,-17.391
295.04,-26.988,-17.391
290.03,-27.608,-17.391
284.99,-27.914,-17.391
279.97,-27.418,-17.391
274.94,-26.922,-17.391
269.92,-26.426,-17.391
264.9,-25.93,-17.391
259.87,-25.435,-17.391
254.85,-24.939,-17.391
249.82,-24.443,-17.391
244.8,-23.947,-17.391
239.77,-23.451,-17.391
234.75,-22.955,-17.391
229.73,-22.459,-17.391
224.7,-21.963,-17.391
219.68,-21.467,-17.391
214.65,-20.972,-17.391
209.63,-20.476,-17.391
204.61,-19.98,-17.391
199.58,-19.484,-17.391
194.56,-18.988,-17.391
189.53,-18.492,-17.391
184.51,-17.996,-17.391
179.48,-17.5,-17.391
174.46,-17.005,-17.391
169.44,-16.509,-17.391
164.41,-16.013,-17.391
159.39,-15.517,-17.391
154.36,-15.021,-17.391
149.35,-14.393,-17.391
144.43,-13.296,-17.391
139.5,-12.199,-17.391
134.57,-11.101,-17.391
129.64,-10.004,-17.391
124.71,-8.9069,-17.391
119.79,-7.8096,-17.391
114.86,-6.7123,-17.391
109.93,-5.615,-17.391
105,-4.5177,-17.391
100.07,-3.4204,-17.391
425,-15.589,-15.652
419.99,-16.209,-15.652
414.98,-16.829,-15.652
409.97,-17.449,-15.652
404.96,-18.069,-15.652
399.95,-18.689,-15.652
394.94,-19.309,-15.652
389.93,-19.928,-15.652
384.92,-20.548,-15.652
379.91,-21.168,-15.652
374.9,-21.788,-15.652
369.89,-22.408,-15.652
364.88,-23.028,-15.652
359.87,-23.648,-15.652
354.86,-24.268,-15.652
349.85,-24.888,-15.652
344.84,-25.508,-15.652
339.83,-26.128,-15.652
334.82,-26.748,-15.652
329.81,-27.368,-15.652
324.8,-27.988,-15.652
319.79,-28.608,-15.652
314.78,-29.228,-15.652
309.77,-29.848,-15.652
304.76,-30.468,-15.652
299.75,-31.088,-15.652
294.73,-31.708,-15.652
289.72,-32.328,-15.652
284.69,-32.634,-15.652
279.66,-32.139,-15.652
274.64,-31.643,-15.652
269.61,-31.147,-15.652
264.59,-30.651,-15.652
259.56,-30.155,-15.652
254.54,-29.659,-15.652
249.52,-29.163,-15.652
244.49,-28.667,-15.652
239.47,-28.171,-15.652
234.44,-27.676,-15.652
229.42,-27.18,-15.652
224.39,-26.684,-15.652
219.37,-26.188,-15.652
214.35,-25.692,-15.652
209.32,-25.196,-15.652
204.3,-24.7,-15.652
199.27,-24.204,-15.652
194.25,-23.708,-15.652
189.23,-23.213,-15.652
184.2,-22.717,-15.652
179.18,-22.221,-15.652
174.15,-21.725,-15.652
169.13,-21.229,-15.652
164.1,-20.733,-15.652
159.08,-20.237,-15.652
154.06,-19.741,-15.652
149.05,-19.114,-15.652
144.12,-18.016,-15.652
139.19,-16.919,-15.652
134.26,-15.822,-15.652
129.34,-14.725,-15.652
124.41,-13.627,-15.652
119.48,-12.53,-15.652
114.55,-11.433,-15.652
109.62,-10.335,-15.652
104.7,-9.2381,-15.652
99.768,-8.1408,-15.652
424.7,-20.309,-13.913
419.69,-20.929,-13.913
414.68,-21.549,-13.913
409.67,-22.169,-13.913
404.66,-22.789,-13.913
399.65,-23.409,-13.913
394.64,-24.029,-13.913
389.63,-24.649,-13.913
384.61,-25.269,-13.913
379.6,-25.889,-13.913
374.59,-26.509,-13.913
369.58,-27.129,-13.913
364.57,-27.749,-13.913
359.56,-28.369,-13.913
354.55,-28.989,-13.913
349.54,-29.609,-13.913
344.53,-30.229,-13.913
339.52,-30.849,-13.913
334.51,-31.469,-13.913
329.5,-32.089,-13.913
324.49,-32.709,-13.913
319.48,-33.329,-13.913
314.47,-33.949,-13.913
309.46,-34.569,-13.913
304.45,-35.189,-13.913
299.44,-35.809,-13.913
294.43,-36.429,-13.913
289.42,-37.049,-13.913
284.38,-37.355,-13.913
279.35,-36.859,-13.913
274.33,-36.363,-13.913
269.31,-35.867,-13.913
264.28,-35.371,-13.913
259.26,-34.875,-13.913
254.23,-34.379,-13.913
249.21,-33.884,-13.913
244.18,-33.388,-13.913
239.16,-32.892,-13.913
234.14,-32.396,-13.913
229.11,-31.9,-13.913
224.09,-31.404,-13.913
219.06,-30.908,-13.913
214.04,-30.412,-13.913
209.02,-29.917,-13.913
203.99,-29.421,-13.913
198.97,-28.925,-13.913
193.94,-28.429,-13.913
188.92,-27.933,-13.913
183.89,-27.437,-13.913
178.87,-26.941,-13.913
173.85,-26.445,-13.913
168.82,-25.949,-13.913
163.8,-25.454,-13.913
158.77,-24.958,-13.913
153.75,-24.462,-13.913
148.74,-23.834,-13.913
143.81,-22.737,-13.913
138.88,-21.64,-13.913
133.96,-20.542,-13.913
129.03,-19.445,-13.913
124.1,-18.348,-13.913
119.17,-17.25,-13.913
114.24,-16.153,-13.913
109.32,-15.056,-13.913
104.39,-13.958,-13.913
99.461,-12.861,-13.913
424.39,-25.029,-12.174
419.38,-25.649,-12.174
414.37,-26.269,-12.174
409.36,-26.889,-12.174
404.35,-27.509,-12.174
399.34,-28.129,-12.174
394.33,-28.749,-12.174
389.32,-29.369,-12.174
384.31,-29.989,-12.174
379.3,-30.609,-12.174
374.29,-31.229,-12.174
369.28,-31.849,-12.174
364.27,-32.469,-12.174
359.26,-33.089,-12.174
354.25,-33.709,-12.174
349.23,-34.329,-12.174
344.22,-34.949,-12.174
339.21,-35.569,-12.174
334.2,-36.189,-12.174
329.19,-36.809,-12.174
324.18,-37.429,-12.174
319.17,-38.049,-12.174
314.16,-38.669,-12.174
309.15,-39.289,-12.174
304.14,-39.909,-12.174
299.13,-40.529,-12.174
294.12,-41.149,-12.174
289.11,-41.769,-12.174
284.07,-42.075,-12.174
279.05,-41.579,-12.174
274.02,-41.083,-12.174
269,-40.588,-12.174
263.97,-40.092,-12.174
258.95,-39.596,-12.174
253.93,-39.1,-12.174
248.9,-38.604,-12.174
243.88,-38.108,-12.174
238.85,-37.612,-12.174
233.83,-37.116,-12.174
228.8,-36.62,-12.174
223.78,-36.125,-12.174
218.76,-35.629,-12.174
213.73,-35.133,-12.174
208.71,-34.637,-12.174
203.68,-34.141,-12.174
198.66,-33.645,-12.174
193.64,-33.149,-12.174
188.61,-32.653,-12.174
183.59,-32.157,-12.174
178.56,-31.662,-12.174
173.54,-31.166,-12.174
168.51,-30.67,-12.174
163.49,-30.174,-12.174
158.47,-29.678,-12.174
153.44,-29.182,-12.174
148.43,-28.555,-12.174
143.5,-27.457,-12.174
138.58,-26.36,-12.174
133.65,-25.263,-12.174
128.72,-24.165,-12.174
123.79,-23.068,-12.174
118.87,-21.971,-12.174
113.94,-20.873,-12.174
109.01,-19.776,-12.174
104.08,-18.679,-12.174
99.153,-17.582,-12.174
424.08,-29.75,-10.435
419.07,-30.37,-10.435
414.06,-30.99,-10.435
409.05,-31.61,-10.435
404.04,-32.23,-10.435
399.03,-32.85,-10.435
394.02,-33.47,-10.435
389.01,-34.09,-10.435
384,-34.71,-10.435
378.99,-35.33,-10.435
373.98,-35.95,-10.435
368.97,-36.57,-10.435
363.96,-37.19,-10.435
358.95,-37.81,-10.435
353.94,-38.43,-10.435
348.93,-39.05,-10.435
343.92,-39.669,-10.435
338.91,-40.289,-10.435
333.9,-40.909,-10.435
328.89,-41.529,-10.435
323.88,-42.149,-10.435
318.87,-42.769,-10.435
313.86,-43.389,-10.435
308.84,-44.009,-10.435
303.83,-44.629,-10.435
298.82,-45.249,-10.435
293.81,-45.869,-10.435
288.8,-46.489,-10.435
283.76,-46.796,-10.435
278.74,-46.3,-10.435
273.72,-45.804,-10.435
268.69,-45.308,-10.435
263.67,-44.812,-10.435
258.64,-44.316,-10.435
253.62,-43.82,-10.435
248.59,-43.324,-10.435
243.57,-42.828,-10.435
238.55,-42.333,-10.435
233.52,-41.837,-10.435
228.5,-41.341,-10.435
223.47,-40.845,-10.435
218.45,-40.349,-10.435
213.43,-39.853,-10.435
208.4,-39.357,-10.435
203.38,-38.861,-10.435
198.35,-38.366,-10.435
193.33,-37.87,-10.435
188.3,-37.374,-10.435
183.28,-36.878,-10.435
178.26,-36.382,-10.435
173.23,-35.886,-10.435
168.21,-35.39,-10.435
163.18,-34.894,-10.435
158.16,-34.398,-10.435
153.14,-33.903,-10.435
148.13,-33.275,-10.435
143.2,-32.178,-10.435
138.27,-31.08,-10.435
133.34,-29.983,-10.435
128.41,-28.886,-10.435
123.49,-27.788,-10.435
118.56,-26.691,-10.435
113.63,-25.594,-10.435
108.7,-24.497,-10.435
103.77,-23.399,-10.435
98.846,-22.302,-10.435
423.78,-34.47,-8.6957
418.77,-35.09,-8.6957
413.76,-35.71,-8.6957
408.75,-36.33,-8.6957
403.74,-36.95,-8.6957
398.72,-37.57,-8.6957
393.71,-38.19,-8.6957
388.7,-38.81,-8.6957
383.69,-39.43,-8.6957
378.68,-40.05,-8.6957
373.67,-40.67,-8.6957
368.66,-41.29,-8.6957
363.65,-41.91,-8.6957
358.64,-42.53,-8.6957
353.63,-43.15,-8.6957
348.62,-43.77,-8.6957
343.61,-44.39,-8.6957
338.6,-45.01,-8.6957
333.59,-45.63,-8.6957
328.58,-46.25,-8.6957
323.57,-46.87,-8.6957
318.56,-47.49,-8.6957
313.55,-48.11,-8.6957
308.54,-48.73,-8.6957
303.53,-49.35,-8.6957
298.52,-49.97,-8.6957
293.51,-50.59,-8.6957
288.5,-51.21,-8.6957
283.46,-51.516,-8.6957
278.43,-51.02,-8.6957
273.41,-50.524,-8.6957
268.38,-50.028,-8.6957
263.36,-49.532,-8.6957
258.34,-49.037,-8.6957
253.31,-48.541,-8.6957
248.29,-48.045,-8.6957
243.26,-47.549,-8.6957
238.24,-47.053,-8.6957
233.22,-46.557,-8.6957
228.19,-46.061,-8.6957
223.17,-45.565,-8.6957
218.14,-45.069,-8.6957
213.12,-44.574,-8.6957
208.09,-44.078,-8.6957
203.07,-43.582,-8.6957
198.05,-43.086,-8.6957
193.02,-42.59,-8.6957
188,-42.094,-8.6957
182.97,-41.598,-8.6957
177.95,-41.102,-8.6957
172.92,-40.606,-8.6957
167.9,-40.111,-8.6957
162.88,-39.615,-8.6957
157.85,-39.119,-8.6957
152.83,-38.623,-8.6957
147.82,-37.995,-8.6957
142.89,-36.898,-8.6957
137.96,-35.801,-8.6957
133.03,-34.703,-8.6957
128.11,-33.606,-8.6957
123.18,-32.509,-8.6957
118.25,-31.412,-8.6957
113.32,-30.314,-8.6957
108.4,-29.217,-8.6957
103.47,-28.12,-8.6957
98.539,-27.022,-8.6957
423.47,-39.191,-6.9565
418.46,-39.811,-6.9565
413.45,-40.431,-6.9565
408.44,-41.051,-6.9565
403.43,-41.67,-6.9565
398.42,-42.29,-6.9565
393.41,-42.91,-6.9565
388.4,-43.53,-6.9565
383.39,-44.15,-6.9565
378.38,-44.77,-6.9565
373.37,-45.39,-6.9565
368.36,-46.01,-6.9565
363.35,-46.63,-6.9565
358.33,-47.25,-6.9565
353.32,-47.87,-6.9565
348.31,-48.49,-6.9565
343.3,-49.11,-6.9565
338.29,-49.73,-6.9565
333.28,-50.35,-6.9565
328.27,-50.97,-6.9565
323.26,-51.59,-6.9565
318.25,-52.21,-6.9565
313.24,-52.83,-6.9565
308.23,-53.45,-6.9565
303.22,-54.07,-6.9565
298.21,-54.69,-6.9565
293.2,-55.31,-6.9565
288.19,-55.93,-6.9565
283.15,-56.236,-6.9565
278.13,-55.74,-6.9565
273.1,-55.245,-6.9565
268.08,-54.749,-6.9565
263.05,-54.253,-6.9565
258.03,-53.757,-6.9565
253,-53.261,-6.9565
247.98,-52.765,-6.9565
242.96,-52.269,-6.9565
237.93,-51.773,-6.9565
232.91,-51.277,-6.9565
227.88,-50.782,-6.9565
222.86,-50.286,-6.9565
217.84,-49.79,-6.9565
212.81,-49.294,-6.9565
207.79,-48.798,-6.9565
202.76,-48.302,-6.9565
197.74,-47.806,-6.9565
192.71,-47.31,-6.9565
187.69,-46.815,-6.9565
182.67,-46.319,-6.9565
177.64,-45.823,-6.9565
172.62,-45.327,-6.9565
167.59,-44.831,-6.9565
162.57,-44.335,-6.9565
157.55,-43.839,-6.9565
152.52,-43.343,-6.9565
147.51,-42.716,-6.9565
142.58,-41.618,-6.9565
137.66,-40.521,-6.9565
132.73,-39.424,-6.9565
127.8,-38.327,-6.9565
122.87,-37.229,-6.9565
117.94,-36.132,-6.9565
113.02,-35.035,-6.9565
108.09,-33.937,-6.9565
103.16,-32.84,-6.9565
98.232,-31.743,-6.9565
423.16,-43.911,-5.2174
418.15,-44.531,-5.2174
413.14,-45.151,-5.2174
408.13,-45.771,-5.2174
403.12,-46.391,-5.2174
398.11,-47.011,-5.2174
393.1,-47.631,-5.2174
388.09,-48.251,-5.2174
383.08,-48.871,-5.2174
378.07,-49.491,-5.2174
373.06,-50.111,-5.2174
368.05,-50.731,-5.2174
363.04,-51.351,-5.2174
358.03,-51.971,-5.2174
353.02,-52.591,-5.2174
348.01,-53.211,-5.2174
343,-53.831,-5.2174
337.99,-54.451,-5.2174
332.98,-55.071,-5.2174
327.97,-55.691,-5.2174
322.95,-56.311,-5.2174
317.94,-56.931,-5.2174
312.93,-57.551,-5.2174
307.92,-58.171,-5.2174
302.91,-58.791,-5.2174
297.9,-59.41,-5.2174
292.89,-60.03,-5.2174
287.88,-60.65,-5.2174
282.84,-60.957,-5.2174
277.82,-60.461,-5.2174
272.79,-59.965,-5.2174
267.77,-59.469,-5.2174
262.75,-58.973,-5.2174
257.72,-58.477,-5.2174
252.7,-57.981,-5.2174
247.67,-57.486,-5.2174
242.65,-56.99,-5.2174
237.63,-56.494,-5.2174
232.6,-55.998,-5.2174
227.58,-55.502,-5.2174
222.55,-55.006,-5.2174
217.53,-54.51,-5.2174
212.5,-54.014,-5.2174
207.48,-53.518,-5.2174
202.46,-53.023,-5.2174
197.43,-52.527,-5.2174
192.41,-52.031,-5.2174
187.38,-51.535,-5.2174
182.36,-51.039,-5.2174
177.33,-50.543,-5.2174
172.31,-50.047,-5.2174
167.29,-49.551,-5.2174
162.26,-49.055,-5.2174
157.24,-48.56,-5.2174
152.21,-48.064,-5.2174
147.2,-47.436,-5.2174
142.28,-46.339,-5.2174
137.35,-45.242,-5.2174
132.42,-44.144,-5.2174
127.49,-43.047,-5.2174
122.56,-41.95,-5.2174
117.64,-40.852,-5.2174
112.71,-39.755,-5.2174
107.78,-38.658,-5.2174
102.85,-37.56,-5.2174
97.925,-36.463,-5.2174
422.86,-48.631,-3.2653
417.85,-49.251,-3.4783
412.83,-49.871,-3.4783
407.82,-50.491,-3.4783
402.81,-51.111,-3.4783
397.8,-51.731,-3.4783
392.79,-52.351,-3.4783
387.78,-52.971,-3.4783
382.77,-53.591,-3.4783
377.76,-54.211,-3.4783
372.75,-54.831,-3.4783
367.74,-55.451,-3.4783
362.73,-56.071,-3.4783
357.72,-56.691,-3.4783
352.71,-57.311,-3.4783
347.7,-57.931,-3.4783
342.69,-58.551,-3.4783
337.68,-59.171,-3.4783
332.67,-59.791,-3.4783
327.66,-60.411,-3.4783
322.65,-61.031,-3.4783
317.64,-61.651,-3.4783
312.63,-62.271,-3.4783
307.62,-62.891,-3.4783
302.61,-63.511,-3.4783
297.6,-64.131,-3.4783
292.59,-64.751,-3.4783
287.58,-65.371,-3.4783
282.54,-65.677,-3.4783
277.51,-65.181,-3.4783
272.49,-64.685,-3.4783
267.46,-64.189,-3.4783
262.44,-63.694,-3.4783
257.41,-63.198,-3.4783
252.39,-62.702,-3.4783
247.37,-62.206,-3.4783
242.34,-61.71,-3.4783
237.32,-61.214,-3.4783
232.29,-60.718,-3.4783
227.27,-60.222,-3.4783
222.25,-59.726,-3.4783
217.22,-59.231,-3.4783
212.2,-58.735,-3.4783
207.17,-58.239,-3.4783
202.15,-57.743,-3.4783
197.12,-57.247,-3.4783
192.1,-56.751,-3.4783
187.08,-56.255,-3.4783
182.05,-55.759,-3.4783
177.03,-55.264,-3.4783
172,-54.768,-3.4783
166.98,-54.272,-3.4783
161.96,-53.776,-3.4783
156.93,-53.28,-3.4783
151.91,-52.784,-3.4783
146.9,-52.157,-3.4783
141.97,-51.059,-3.4783
137.04,-49.962,-3.4783
132.11,-48.865,-3.4783
127.19,-47.767,-3.4783
122.26,-46.67,-3.4783
117.33,-45.573,-3.4783
112.4,-44.475,-3.4783
107.47,-43.378,-3.4783
102.55,-42.281,-3.4783
97.618,-41.184,-3.4783
422.55,-53.352,-1.6327
417.54,-53.972,-1.7391
412.53,-54.592,-1.7391
407.52,-55.212,-1.7391
402.51,-55.832,-1.7391
397.5,-56.452,-1.7391
392.49,-57.072,-1.7391
387.48,-57.692,-1.7391
382.47,-58.312,-1.7391
377.46,-58.932,-1.7391
372.44,-59.552,-1.7391
367.43,-60.172,-1.7391
362.42,-60.792,-1.7391
357.41,-61.411,-1.7391
352.4,-62.031,-1.7391
347.39,-62.651,-1.7391
342.38,-63.271,-1.7391
337.37,-63.891,-1.7391
332.36,-64.511,-1.7391
327.35,-65.131,-1.7391
322.34,-65.751,-1.7391
317.33,-66.371,-1.7391
312.32,-66.991,-1.7391
307.31,-67.611,-1.7391
302.3,-68.231,-1.7391
297.29,-68.851,-1.7391
292.28,-69.471,-1.7391
287.27,-70.091,-1.7391
282.23,-70.398,-1.7391
277.2,-69.902,-1.7391
272.18,-69.406,-1.7391
267.16,-68.91,-1.7391
262.13,-68.414,-1.7391
257.11,-67.918,-1.7391
252.08,-67.422,-1.7391
247.06,-66.926,-1.7391
242.04,-66.43,-1.7391
237.01,-65.935,-1.7391
231.99,-65.439,-1.7391
226.96,-64.943,-1.7391
221.94,-64.447,-1.7391
216.91,-63.951,-1.7391
211.89,-63.455,-1.7391
206.87,-62.959,-1.7391
201.84,-62.463,-1.7391
196.82,-61.967,-1.7391
191.79,-61.472,-1.7391
186.77,-60.976,-1.7391
181.75,-60.48,-1.7391
176.72,-59.984,-1.7391
171.7,-59.488,-1.7391
166.67,-58.992,-1.7391
161.65,-58.496,-1.7391
156.62,-58,-1.7391
151.6,-57.504,-1.7391
146.59,-56.877,-1.7391
141.66,-55.78,-1.7391
136.73,-54.682,-1.7391
131.81,-53.585,-1.7391
126.88,-52.488,-1.7391
121.95,-51.39,-1.7391
117.02,-50.293,-1.7391
112.1,-49.196,-1.7391
107.17,-48.099,-1.7391
102.24,-47.001,-1.7391
97.311,-45.904,-1.7391
422.24,-58.072,-0
417.23,-58.692,0
412.22,-59.312,0
407.21,-59.932,0
402.2,-60.552,0
397.19,-61.172,0
392.18,-61.792,0
387.17,-62.412,0
382.15,-63.032,0
377.14,-63.652,0
372.13,-64.273,0
367.12,-64.893,0
362.11,-65.513,0
357.1,-66.133,0
352.09,-66.753,0
347.08,-67.373,0
342.07,-67.993,0
337.06,-68.613,0
332.05,-69.233,0
327.04,-69.853,0
322.02,-70.473,0
317.01,-71.093,0
312,-71.713,0
306.99,-72.333,0
301.98,-72.953,0
296.97,-73.573,0
291.96,-74.193,0
286.95,-74.813,0
281.93,-75.119,0
276.91,-74.623,0
271.88,-74.127,0
266.86,-73.631,0
261.83,-73.135,0
256.81,-72.639,0
251.79,-72.143,0
246.76,-71.648,0
241.74,-71.152,0
236.71,-70.656,0
231.69,-70.16,0
226.66,-69.664,0
221.64,-69.168,0
216.61,-68.672,0
211.59,-68.176,0
206.56,-67.68,0
201.54,-67.184,0
196.51,-66.688,0
191.49,-66.192,0
186.46,-65.696,0
181.44,-65.2,0
176.42,-64.704,0
171.39,-64.209,0
166.37,-63.713,0
161.34,-63.217,0
156.32,-62.721,0
151.29,-62.225,0
146.29,-61.598,0
141.36,-60.501,0
136.43,-59.404,0
131.5,-58.306,0
126.57,-57.209,0
121.65,-56.111,0
116.72,-55.014,0
111.79,-53.917,0
106.86,-52.819,0
101.93,-51.722,0
97.004,-50.624,-0
