261,262,277
337,353,352
165,181,180
338,339,354
233,249,248
248,263,247
98,113,97
19,18,3
65,49,50
66,81,65
67,82,66
81,80,65
161,162,177
325,324,309
354,353,338
294,310,309
294,278,279
290,289,274
156,157,172
193,178,194
168,167,152
210,211,226
241,257,256
358,373,357
278,262,263
212,213,228
312,296,297
252,268,267
329,328,313
42,58,57
189,204,188
167,182,166
13,28,12
54,39,55
94,78,79
98,97,82
113,112,97
33,32,17
88,87,72
115,116,131
36,20,21
91,90,75
35,19,20
77,76,61
19,34,18
67,51,52
64,48,49
73,58,74
149,165,164
166,181,165
133,134,149
133,117,118
182,167,183
183,184,199
183,199,198
193,208,192
165,180,164
198,199,214
163,147,148
150,135,151
160,145,161
196,180,181
145,129,130
164,179,163
161,146,162
275,274,259
246,230,231
200,215,199
229,230,245
241,225,226
225,209,210
243,244,259
243,259,258
273,257,258
312,313,328
321,337,336
338,353,337
292,293,308
288,273,289
260,276,275
274,273,258
323,324,339
359,375,374
371,355,356
356,355,340
328,329,344
348,349,364
327,311,312
291,307,306
308,309,324
305,304,289
304,305,320
305,289,290
226,227,242
246,262,261
275,276,291
293,309,308
186,187,202
222,206,207
201,200,185
279,280,295
184,169,185
232,233,248
250,266,265
310,311,326
333,317,318
359,360,375
284,300,299
234,249,233
298,299,314
214,229,213
335,350,334
250,234,235
377,376,361
351,350,335
87,102,86
350,349,334
297,313,312
334,319,335
334,318,319
317,332,316
189,190,205
270,286,285
318,303,319
271,270,255
156,141,157
83,82,67
173,188,172
187,172,188
171,155,156
171,170,155
167,166,151
75,90,74
98,82,83
93,108,92
101,102,117
156,155,140
124,125,140
66,65,50
28,27,12
22,21,6
55,40,56
60,45,61
27,11,12
11,26,10
29,13,14
29,28,13
28,29,44
46,62,61
15,30,14
30,45,29
17,16,1
2,17,1
17,32,16
50,35,51
18,17,2
18,34,33
32,33,48
18,33,17
34,49,33
33,49,48
69,53,54
82,81,66
64,49,65
97,81,82
97,96,81
50,51,66
55,56,71
83,67,68
66,51,67
69,84,68
84,100,99
19,35,34
36,51,35
34,50,49
34,35,50
18,2,3
20,19,4
36,21,37
19,3,4
21,20,5
21,22,37
53,52,37
35,20,36
20,4,5
8,23,7
55,39,40
22,6,7
21,5,6
26,11,27
9,24,8
24,39,23
23,22,7
23,39,38
22,38,37
22,23,38
71,86,70
118,117,102
54,55,70
54,38,39
55,71,70
74,59,75
102,101,86
86,71,87
69,54,70
53,38,54
52,53,68
37,38,53
36,52,51
36,37,52
84,83,68
67,52,68
86,85,70
68,53,69
85,84,69
85,100,84
115,100,116
119,118,103
70,85,69
86,101,85
85,101,100
88,89,104
103,102,87
139,124,140
91,107,106
123,108,124
133,118,134
125,124,109
132,117,133
116,101,117
103,118,102
119,134,118
149,150,165
165,150,166
119,135,134
125,126,141
150,151,166
156,140,141
168,184,183
184,200,199
134,150,149
134,135,150
148,132,133
132,116,117
130,115,131
100,101,116
116,132,131
133,149,148
164,148,149
162,146,147
144,128,129
163,148,164
131,147,146
132,148,147
180,179,164
162,147,163
195,179,180
178,163,179
114,115,130
132,147,131
83,99,98
83,84,99
98,114,113
98,99,114
114,130,129
131,146,130
99,115,114
99,100,115
65,80,64
81,96,80
97,112,96
113,114,129
113,129,128
130,146,145
112,113,128
160,144,145
161,145,146
144,129,145
176,160,161
161,177,176
178,179,194
177,192,176
194,210,209
208,209,224
193,209,208
210,226,225
242,241,226
224,209,225
162,178,177
162,163,178
210,194,195
193,177,178
179,195,194
182,183,198
209,193,194
192,177,193
212,211,196
210,195,211
290,274,275
273,272,257
211,227,226
227,212,228
227,243,242
227,228,243
258,259,274
278,263,279
242,258,257
242,243,258
225,241,240
242,257,241
224,225,240
240,241,256
289,273,274
272,256,257
288,272,273
288,289,304
291,306,290
307,308,323
305,321,320
322,307,323
336,337,352
352,353,368
368,353,369
320,321,336
355,354,339
337,321,322
370,354,355
369,353,354
369,354,370
355,339,340
338,323,339
370,355,371
357,356,341
339,324,340
322,323,338
322,306,307
305,306,321
305,290,306
337,322,338
321,306,322
275,291,290
292,307,291
323,308,324
307,292,308
293,277,278
260,275,259
277,293,292
294,295,310
327,326,311
340,324,325
341,356,340
372,371,356
357,372,356
358,357,342
373,372,357
357,341,342
340,325,341
358,342,343
341,325,326
374,358,359
374,373,358
343,327,328
310,325,309
358,343,359
342,327,343
343,344,359
343,328,344
342,326,327
342,341,326
325,310,326
309,293,294
278,294,293
295,311,310
277,262,278
280,296,295
279,295,294
296,311,295
230,246,245
247,262,246
245,246,261
265,266,281
247,231,232
247,246,231
247,263,262
269,270,285
276,261,277
260,244,245
292,276,277
292,291,276
244,260,259
261,276,260
243,228,244
227,211,212
260,245,261
244,228,229
195,196,211
195,180,196
213,212,197
229,214,230
196,197,212
196,181,197
214,213,198
214,215,230
197,198,213
197,181,182
244,229,245
228,213,229
215,214,199
215,231,230
197,182,198
181,166,182
216,215,200
216,231,215
217,216,201
232,231,216
204,205,220
216,200,201
219,218,203
232,216,217
217,233,232
235,236,251
202,203,218
170,185,169
204,219,203
202,217,201
218,219,234
253,237,238
235,234,219
233,217,218
218,234,233
235,251,250
234,250,249
251,266,250
249,250,265
253,254,269
266,282,281
283,298,282
266,267,282
285,286,301
280,265,281
282,297,281
280,264,265
264,248,249
232,248,247
249,265,264
263,264,279
263,248,264
264,280,279
281,296,280
327,312,328
311,296,312
281,297,296
314,299,315
314,329,313
330,345,329
314,330,329
331,347,346
362,377,361
359,344,360
375,360,376
376,360,361
344,345,360
344,329,345
378,377,362
360,345,361
345,346,361
345,330,346
379,378,363
361,346,362
363,378,362
346,347,362
346,330,331
332,331,316
332,347,331
330,315,331
314,313,298
297,298,313
315,330,314
282,298,297
299,300,315
283,299,298
316,301,317
283,284,299
301,302,317
315,316,331
315,300,316
333,332,317
333,348,332
300,301,316
318,334,333
380,379,364
362,347,363
364,379,363
380,364,365
363,347,348
363,348,364
347,332,348
349,333,334
349,348,333
380,365,381
364,349,365
365,366,381
365,349,350
366,367,382
366,382,381
367,366,351
366,350,351
366,365,350
285,301,300
302,318,317
302,286,287
269,284,268
286,302,301
303,318,302
252,236,237
287,303,302
254,255,270
270,271,286
271,287,286
267,268,283
285,300,284
283,268,284
267,251,252
282,267,283
266,251,267
284,269,285
268,252,253
269,254,270
252,251,236
204,220,219
235,219,220
220,236,235
238,239,254
222,221,206
236,220,221
221,237,236
239,255,254
239,238,223
237,221,222
268,253,269
252,237,253
222,223,238
253,238,254
237,222,238
222,207,223
190,189,174
172,157,173
189,173,174
125,109,110
106,107,122
90,89,74
138,139,154
135,119,120
123,124,139
123,107,108
140,125,141
124,108,109
170,171,186
188,203,187
171,156,172
155,139,140
173,189,188
190,206,205
188,204,203
205,221,220
189,205,204
206,221,205
203,202,187
201,185,186
217,202,218
201,186,202
154,155,170
154,139,155
187,171,172
187,186,171
167,168,183
185,200,184
151,152,167
169,184,168
168,152,153
151,135,136
168,153,169
152,151,136
185,170,186
169,153,154
136,120,121
119,103,104
152,136,137
135,120,136
137,121,122
88,103,87
152,137,153
136,121,137
120,105,121
104,89,105
138,122,123
121,105,106
169,154,170
153,137,138
153,138,154
137,122,138
138,123,139
122,107,123
73,74,89
57,56,41
121,106,122
105,89,90
60,75,59
74,58,59
92,91,76
92,107,91
120,104,105
120,119,104
103,88,104
87,71,72
88,72,73
71,56,72
88,73,89
72,56,57
106,90,91
106,105,90
8,24,23
25,40,24
56,40,41
39,24,40
9,25,24
26,41,25
57,41,42
40,25,41
9,10,25
73,57,58
73,72,57
45,60,44
60,76,75
10,26,25
27,42,26
58,42,43
41,26,42
58,43,59
42,27,43
45,44,29
43,27,28
43,44,59
43,28,44
63,62,47
62,77,61
94,93,78
91,75,76
77,92,76
108,107,92
110,109,94
110,126,125
44,60,59
61,76,60
109,93,94
109,108,93
93,77,78
93,92,77
46,61,45
79,78,63
78,62,63
78,77,62
46,30,31
29,14,30
30,46,45
47,62,46
46,31,47
30,15,31
