1261,1326,1260
1085,1020,1086
1237,1171,1172
664,729,663
800,735,801
163,98,164
818,752,753
471,536,470
155,90,156
334,335,400
350,415,349
159,225,224
271,206,272
170,236,235
278,277,212
597,662,596
674,673,608
795,794,729
577,643,642
1191,1126,1192
732,797,731
668,667,602
649,583,584
951,1017,1016
901,966,900
975,1040,974
823,824,889
1086,1020,1021
1168,1102,1103
984,1049,983
539,604,538
623,622,557
556,490,491
552,551,486
575,510,576
511,512,577
245,246,311
69,70,135
79,144,78
399,333,334
662,661,596
137,138,203
269,334,268
10,11,76
158,223,157
290,291,356
224,223,158
71,136,70
317,318,383
213,278,212
274,275,340
277,278,343
406,405,340
505,504,439
552,553,618
752,687,753
863,798,864
666,665,600
603,538,604
550,549,484
555,621,620
698,632,633
825,759,760
606,671,605
672,738,737
534,599,533
468,469,534
619,554,620
670,736,735
762,761,696
670,735,669
600,599,534
1324,1390,1389
1128,1063,1129
866,867,932
1280,1346,1345
741,740,675
809,808,743
676,742,741
884,818,819
1321,1256,1322
795,729,730
1255,1256,1321
1257,1258,1323
1397,1398,1463
1388,1387,1322
863,929,928
1029,964,1030
1258,1193,1259
1090,1091,1156
1078,1143,1077
1006,1071,1005
1327,1262,1328
1060,1125,1059
1529,1463,1464
1275,1276,1341
1144,1145,1210
1194,1193,1128
1019,1084,1018
1081,1015,1016
1139,1138,1073
999,1065,1064
1073,1138,1072
1083,1018,1084
861,796,862
955,954,889
817,751,752
676,741,675
1081,1016,1082
998,932,933
832,898,897
956,890,891
1016,950,951
811,877,876
901,900,835
962,961,896
1417,1416,1351
964,898,899
1366,1431,1365
1526,1461,1527
1477,1542,1476
1163,1162,1097
1227,1161,1162
1114,1180,1179
1169,1104,1170
1110,1109,1044
1374,1309,1375
1098,1099,1164
1363,1428,1362
1171,1170,1105
1251,1185,1186
1516,1450,1451
1180,1181,1246
1172,1171,1106
1184,1185,1250
656,722,721
1174,1239,1173
1105,1170,1104
966,965,900
1118,1053,1119
893,892,827
908,909,974
827,826,761
911,912,977
986,985,920
584,650,649
640,575,641
385,450,384
589,588,523
245,311,310
754,688,689
832,766,767
812,877,811
821,755,756
699,700,765
687,686,621
341,406,340
360,295,361
388,454,453
237,236,171
164,98,99
36,37,102
78,77,12
40,106,105
109,108,43
234,233,168
105,170,104
228,229,294
178,244,243
246,247,312
114,180,179
109,110,175
135,134,69
136,71,137
5,70,4
6,72,71
71,72,137
153,152,87
70,136,135
337,272,338
332,266,267
269,204,270
203,269,268
339,274,340
138,137,72
204,205,270
73,138,72
144,145,210
401,336,402
407,406,341
272,273,338
272,207,273
273,339,338
355,289,290
209,210,275
278,279,344
147,213,212
353,288,354
205,140,206
276,277,342
143,77,78
96,95,30
210,209,144
142,141,76
146,212,211
144,143,78
17,82,16
222,157,223
18,19,84
152,217,151
84,149,83
219,218,153
84,150,149
22,23,88
31,32,97
226,225,160
92,158,157
157,222,156
150,85,151
217,152,218
88,154,153
225,159,160
91,157,156
165,230,164
160,94,95
292,293,358
289,223,224
361,426,360
345,344,279
161,226,160
226,291,225
351,350,285
214,279,213
216,215,150
217,218,283
215,214,149
147,81,82
213,279,278
416,350,351
349,415,414
347,281,282
410,344,345
343,278,344
346,281,347
417,351,352
347,282,348
353,287,288
474,473,408
557,492,558
289,354,288
486,421,487
303,369,368
362,363,428
553,488,554
573,507,508
418,484,483
488,489,554
418,419,484
421,486,420
549,550,615
549,483,484
557,556,491
555,489,490
755,754,689
683,682,617
489,423,424
451,452,517
749,684,750
819,753,754
751,750,685
681,680,615
608,543,609
547,546,481
544,609,543
745,679,680
615,614,549
749,683,684
600,534,535
539,473,474
673,738,672
670,604,605
737,738,803
740,741,806
605,540,606
674,675,740
410,409,344
342,277,343
408,342,343
341,276,342
273,274,339
341,342,407
405,339,340
412,477,411
470,469,404
407,342,408
471,406,472
407,473,472
401,402,467
403,469,468
202,136,137
466,400,401
398,332,333
534,533,468
466,401,467
536,601,535
601,666,600
669,603,604
669,668,603
668,669,734
804,739,805
799,733,734
735,736,801
669,735,734
802,737,803
794,793,728
464,398,399
991,992,1057
993,994,1059
796,797,862
869,803,804
864,929,863
928,862,863
867,801,802
871,806,872
869,804,870
806,807,872
866,801,867
938,873,939
1000,999,934
932,931,866
878,944,943
868,867,802
1060,1059,994
995,929,930
1001,1067,1066
997,932,998
999,1064,998
1063,998,1064
1073,1072,1007
1001,1000,935
927,862,928
1063,997,998
1058,993,1059
928,929,994
1058,992,993
793,727,728
794,728,729
1057,1058,1123
1190,1191,1256
1190,1124,1125
1324,1259,1325
1193,1194,1259
1072,1138,1137
1138,1139,1204
1130,1195,1129
1260,1259,1194
1392,1391,1326
1322,1256,1257
1525,1460,1526
1389,1455,1454
1325,1391,1390
1460,1459,1394
1393,1327,1328
1326,1325,1260
1397,1462,1396
1392,1327,1393
1525,1524,1459
1458,1457,1392
1460,1461,1526
1528,1463,1529
1537,1472,1538
1400,1466,1465
1394,1328,1329
1463,1462,1397
1395,1394,1329
1265,1266,1331
1270,1271,1336
1196,1262,1261
1263,1328,1262
1130,1131,1196
1199,1200,1265
1265,1200,1266
1202,1267,1201
1136,1202,1201
1203,1268,1202
1208,1207,1142
1204,1270,1269
1076,1142,1141
1143,1144,1209
1277,1276,1211
1273,1207,1208
1281,1215,1216
1214,1280,1279
1336,1337,1402
1336,1271,1337
1470,1404,1405
1400,1334,1335
1475,1540,1474
1403,1404,1469
1269,1203,1204
1285,1350,1284
1271,1272,1337
1287,1352,1286
1345,1279,1280
1421,1355,1356
1551,1485,1486
1469,1404,1470
1420,1354,1355
1284,1350,1349
1552,1486,1487
1410,1476,1475
1349,1348,1283
1348,1347,1282
1212,1213,1278
1353,1352,1287
1159,1224,1158
1282,1281,1216
1216,1217,1282
1426,1425,1360
1285,1286,1351
1364,1298,1299
1021,1022,1087
1018,1017,952
1021,1087,1086
953,1018,952
1152,1151,1086
1083,1082,1017
1024,1023,958
954,1019,953
1078,1144,1143
1147,1148,1213
1136,1137,1202
1270,1204,1205
1071,1006,1072
1206,1141,1207
1074,1073,1008
1003,937,938
1089,1155,1154
1148,1147,1082
885,950,884
1006,1005,940
944,945,1010
1005,1004,939
808,742,743
949,948,883
880,881,946
943,942,877
820,754,755
753,688,754
887,952,886
953,1019,1018
888,954,953
954,1020,1019
1023,957,958
1021,1020,955
952,887,953
955,1020,954
757,758,823
764,765,830
698,699,764
705,770,704
700,766,765
842,907,841
1096,1030,1031
963,1028,962
965,1031,1030
1030,964,965
700,701,766
909,843,844
834,833,768
786,785,720
836,770,771
912,846,847
901,835,836
892,891,826
1102,1036,1037
1035,969,970
1234,1168,1169
1167,1102,1168
1102,1037,1103
1181,1180,1115
1235,1169,1170
1169,1103,1104
1103,1038,1104
1036,1035,970
1092,1026,1027
1165,1100,1166
1101,1100,1035
1033,1099,1098
1095,1029,1030
1094,1093,1028
1094,1159,1093
1217,1216,1151
1160,1159,1094
1156,1155,1090
1423,1357,1358
1356,1290,1291
1161,1160,1095
1159,1158,1093
1168,1233,1167
1231,1232,1297
1162,1228,1227
1149,1150,1215
1553,1552,1487
1548,1482,1483
1551,1486,1552
1489,1554,1488
1353,1287,1288
1288,1287,1222
1492,1557,1491
1484,1419,1485
1561,1560,1495
1423,1488,1422
1559,1493,1494
1560,1559,1494
1498,1563,1497
1494,1428,1429
1566,1500,1501
1497,1431,1432
1369,1434,1368
1361,1360,1295
1433,1432,1367
1291,1357,1356
1357,1291,1292
1364,1299,1365
1296,1231,1297
1367,1368,1433
1297,1232,1298
1442,1376,1377
1436,1370,1371
1368,1367,1302
1440,1439,1374
1303,1368,1302
1304,1370,1369
1318,1252,1253
1239,1174,1240
1245,1180,1246
1568,1567,1502
1497,1496,1431
1566,1501,1567
1569,1503,1504
1504,1503,1438
1435,1500,1434
1505,1570,1504
1502,1436,1437
1381,1380,1315
1370,1304,1305
1443,1442,1377
1379,1378,1313
1576,1575,1510
1503,1502,1437
1449,1448,1383
1248,1249,1314
1319,1318,1253
1247,1248,1313
1383,1382,1317
1315,1380,1314
1181,1182,1247
1113,1114,1179
1253,1252,1187
1317,1316,1251
1385,1384,1319
1040,1041,1106
1120,1121,1186
1047,1113,1112
1118,1052,1053
1046,1045,980
786,852,851
1186,1121,1187
1109,1108,1043
970,969,904
1048,1049,1114
908,973,907
907,842,908
909,975,974
840,839,774
915,849,850
912,847,913
915,916,981
845,780,846
852,853,918
845,846,911
778,843,777
906,840,841
838,837,772
909,844,910
776,841,775
846,780,781
701,767,766
850,785,851
782,781,716
851,852,917
1119,1054,1120
723,788,722
785,784,719
857,792,858
783,717,718
713,779,778
653,719,718
720,785,719
654,720,719
721,787,786
791,726,792
584,583,518
449,383,384
453,519,518
449,515,514
581,582,647
515,450,516
379,444,378
648,582,583
579,513,514
583,582,517
580,645,579
574,640,639
713,712,647
648,713,647
845,779,780
702,768,767
646,712,711
713,714,779
714,713,648
714,780,779
709,708,643
560,561,626
642,708,707
776,711,777
642,643,708
778,712,713
644,710,709
711,712,777
709,775,774
774,775,840
635,701,700
769,704,770
567,632,566
689,688,623
569,635,634
635,700,634
642,707,641
636,701,635
503,568,502
564,630,629
691,625,626
622,621,556
435,500,434
561,560,495
430,495,429
426,425,360
572,573,638
569,634,568
567,502,568
498,563,497
506,571,505
572,571,506
644,643,578
578,643,577
507,442,508
310,375,309
442,443,508
510,511,576
238,303,237
237,302,236
169,104,170
304,239,305
434,369,435
569,504,570
174,108,109
179,244,178
307,373,372
292,291,226
433,432,367
369,370,435
302,301,236
234,235,300
234,300,299
357,356,291
107,108,173
171,236,170
106,41,107
175,110,176
103,104,169
100,99,34
100,34,35
105,106,171
105,39,40
110,109,44
44,109,43
111,112,177
114,49,115
113,178,112
45,110,44
111,176,110
113,179,178
180,245,179
113,112,47
245,244,179
248,314,313
316,317,382
248,249,314
318,319,384
2,68,67
1,2,67
3,68,2
4,70,69
8,74,73
9,74,8
73,74,139
76,77,142
7,72,6
7,73,72
7,8,73
5,71,70
5,6,71
267,201,202
202,137,203
141,206,140
138,73,139
142,208,207
139,74,140
201,135,136
134,68,69
3,69,68
3,4,69
200,134,135
133,68,134
67,68,133
266,200,201
199,134,200
133,134,199
199,200,265
268,267,202
200,135,201
268,202,203
201,136,202
265,266,331
399,334,400
465,464,399
397,332,398
331,266,332
268,334,333
333,332,267
265,200,266
333,267,268
266,201,267
269,335,334
336,337,402
269,270,335
403,338,404
403,404,469
338,339,404
335,270,336
336,270,271
337,403,402
337,338,403
336,271,337
206,207,272
203,204,269
271,272,337
138,204,203
138,139,204
139,205,204
139,140,205
205,271,270
205,206,271
207,206,141
140,74,75
209,208,143
141,140,75
143,208,142
209,275,274
209,143,144
142,77,143
142,207,141
208,273,207
208,274,273
208,209,274
275,341,340
275,276,341
211,210,145
211,277,276
210,276,275
210,211,276
481,482,547
409,343,344
280,345,279
346,412,411
280,346,345
347,348,413
216,281,215
282,283,348
216,282,281
415,350,416
281,280,215
281,346,280
146,211,145
212,277,211
214,213,148
214,280,279
149,214,148
215,280,214
79,14,80
82,148,147
213,147,148
146,81,147
215,149,150
148,82,83
217,216,151
149,148,83
212,146,147
145,79,80
75,76,141
75,10,76
9,75,74
9,10,75
13,78,12
79,145,144
13,79,78
80,146,145
13,14,79
81,146,80
11,77,76
12,77,11
15,80,14
81,80,15
81,15,16
81,16,82
18,83,17
89,154,88
82,17,83
85,84,19
155,154,89
83,18,84
85,20,86
24,25,90
156,90,91
20,21,86
84,85,150
152,153,218
154,155,220
349,284,350
155,156,221
284,285,350
20,85,19
86,151,85
86,152,151
86,87,152
91,92,157
87,21,22
92,93,158
89,23,24
156,222,221
223,288,222
93,159,158
90,89,24
155,89,90
88,23,89
153,87,88
86,21,87
87,22,88
25,91,90
26,91,25
27,92,26
160,159,94
91,26,92
28,94,93
29,94,28
33,98,32
34,99,33
165,164,99
98,33,99
161,160,95
93,27,28
32,98,97
96,97,162
96,31,97
166,231,165
163,97,98
165,231,230
233,234,299
230,229,164
162,97,163
102,168,167
167,233,232
161,96,162
30,31,96
29,95,94
29,30,95
159,93,94
92,27,93
159,224,158
225,291,290
96,161,95
162,227,161
227,226,161
227,293,292
163,228,162
228,294,293
231,297,296
294,295,360
227,228,293
365,300,366
162,228,227
229,230,295
163,229,228
163,164,229
295,296,361
297,232,298
229,295,294
296,297,362
230,296,295
230,231,296
294,360,359
427,362,428
296,362,361
365,366,431
430,496,495
359,424,358
297,363,362
299,300,365
491,425,426
423,422,357
294,359,293
360,425,359
227,292,226
293,359,358
292,358,357
359,425,424
490,424,425
422,421,356
287,352,286
353,418,352
289,355,354
356,357,422
488,422,423
420,354,355
292,357,291
358,424,423
356,355,290
288,223,289
224,290,289
224,225,290
155,221,220
222,288,287
221,287,286
221,222,287
419,353,354
352,287,353
154,220,219
221,286,220
154,219,153
220,286,285
151,216,150
217,282,216
217,283,282
218,219,284
218,284,283
351,286,352
219,285,284
219,220,285
286,351,285
352,418,417
483,482,417
349,414,348
283,349,348
283,284,349
417,482,416
414,413,348
416,482,481
413,412,347
414,415,480
483,549,548
483,417,418
416,351,417
420,486,485
418,353,419
414,480,479
548,549,614
614,613,548
545,479,480
482,548,547
482,483,548
415,481,480
415,416,481
485,550,484
551,617,616
485,551,550
685,620,686
553,552,487
485,419,420
487,552,486
553,554,619
688,687,622
620,554,555
488,487,422
488,553,487
551,485,486
484,419,485
354,420,419
421,422,487
355,421,420
355,356,421
358,423,357
424,490,489
556,555,490
488,423,489
425,491,490
559,493,494
427,426,361
427,492,426
426,492,491
495,496,561
362,427,361
428,493,427
364,429,363
428,363,429
559,494,560
494,429,495
427,493,492
494,495,560
428,494,493
428,429,494
497,562,496
691,626,692
562,561,496
626,627,692
565,566,631
564,565,630
559,625,624
561,562,627
560,626,625
694,629,695
493,559,558
560,625,559
493,558,492
559,624,558
492,557,491
558,624,623
621,555,556
554,489,555
558,623,557
624,689,623
684,619,685
618,553,619
685,686,751
620,621,686
622,687,621
688,753,687
557,622,556
623,688,622
693,692,627
760,695,761
561,627,626
629,630,695
628,693,627
695,696,761
625,690,624
690,756,755
757,756,691
689,624,690
757,691,692
690,625,691
693,758,692
889,824,890
692,758,757
760,761,826
693,759,758
759,694,760
691,756,690
757,822,756
690,755,689
756,822,821
686,752,751
686,687,752
879,878,813
816,751,817
884,883,818
817,752,818
683,748,682
680,614,615
615,616,681
681,616,682
682,748,747
879,814,880
815,814,749
748,683,749
684,685,750
619,620,685
617,618,683
617,552,618
616,617,682
551,552,617
550,616,615
550,551,616
618,684,683
618,619,684
747,746,681
679,614,680
681,746,680
611,676,610
613,612,547
613,679,678
743,678,744
612,613,678
548,613,547
614,679,613
680,746,745
747,812,746
682,747,681
748,813,747
679,745,744
746,811,745
679,744,678
745,810,744
745,811,810
879,813,814
743,742,677
743,744,809
676,677,742
612,678,677
678,743,677
744,810,809
811,876,810
807,741,742
868,803,869
804,805,870
671,737,736
671,672,737
739,738,673
671,670,605
740,739,674
672,607,673
674,739,673
740,805,739
736,670,671
669,604,670
539,605,604
606,672,671
539,540,605
607,672,606
607,608,673
609,675,674
546,611,545
470,535,469
674,608,609
607,542,608
609,610,675
675,610,676
544,610,609
611,677,676
544,545,610
612,677,611
611,610,545
543,477,478
476,411,477
546,547,612
612,611,546
544,479,545
480,546,545
480,481,546
479,413,414
412,346,347
479,478,413
411,345,346
478,477,412
410,345,411
410,411,476
478,544,543
413,478,412
479,544,478
408,409,474
477,543,542
476,475,410
408,343,409
408,473,407
606,540,541
407,472,406
473,538,472
475,474,409
542,543,608
473,539,538
474,475,540
410,475,409
476,477,542
606,541,607
541,476,542
474,540,539
541,542,607
475,541,540
475,476,541
597,663,662
532,467,533
601,600,535
533,467,468
602,601,536
534,469,535
538,537,472
538,603,537
405,471,470
472,537,471
471,405,406
404,339,405
335,401,400
335,336,401
402,468,467
402,403,468
405,470,404
471,537,536
531,596,530
465,400,466
467,532,466
530,529,464
465,399,400
398,333,399
331,332,397
397,398,463
463,464,529
530,464,465
463,398,464
466,532,531
533,599,598
531,530,465
531,532,597
466,531,465
532,533,598
529,530,595
664,598,599
595,596,661
595,530,596
664,663,598
729,728,663
602,667,601
665,599,600
470,536,535
537,603,602
537,602,536
603,668,602
531,597,596
598,663,597
532,598,597
599,665,664
667,666,601
731,665,666
734,733,668
733,732,667
798,799,864
734,735,800
666,732,731
666,667,732
668,733,667
734,800,799
731,730,665
731,797,796
730,664,665
730,729,664
728,662,663
728,727,662
661,662,727
796,861,795
795,860,794
794,860,859
926,992,991
927,861,862
860,795,861
730,796,795
730,731,796
794,859,793
860,861,926
859,860,925
860,926,925
927,992,926
861,927,926
928,994,993
797,863,862
867,933,932
864,930,929
995,994,929
997,931,932
997,996,931
800,801,866
869,935,934
1000,934,935
933,867,868
930,864,865
865,799,800
797,798,863
865,931,930
732,798,797
732,733,798
866,865,800
798,733,799
799,865,864
866,931,865
736,802,801
736,737,802
802,803,868
870,935,869
738,804,803
738,739,804
941,875,876
805,740,806
871,870,805
806,741,807
810,875,809
807,742,808
809,875,874
876,942,941
808,873,807
939,940,1005
807,873,872
940,875,941
938,939,1004
873,874,939
808,874,873
808,809,874
1007,941,942
940,874,875
1071,1070,1005
1001,935,936
1007,1006,941
939,874,940
870,871,936
872,873,938
806,871,805
872,938,937
934,868,869
934,933,868
870,936,935
1003,938,1004
871,937,936
871,872,937
1002,1068,1067
999,933,934
937,1003,1002
1136,1135,1070
1069,1070,1135
1065,1130,1064
1001,1002,1067
1136,1070,1071
1070,1069,1004
1002,936,937
1008,1007,942
1075,1009,1010
941,1006,940
1007,1072,1006
1068,1002,1003
1001,936,1002
1003,1069,1068
1003,1004,1069
1005,1070,1004
1137,1138,1203
1135,1136,1201
1135,1134,1069
1071,1137,1136
1071,1072,1137
1074,1140,1139
1140,1141,1206
1200,1135,1201
1134,1068,1069
1132,1133,1198
1133,1068,1134
1001,1066,1000
1133,1134,1199
1197,1131,1132
1066,1067,1132
1067,1133,1132
1067,1068,1133
1192,1126,1127
1129,1195,1194
1129,1063,1064
1061,1060,995
1064,1130,1129
1130,1065,1131
1132,1131,1066
1132,1198,1197
1066,1065,1000
1066,1131,1065
1065,999,1000
998,933,999
996,995,930
996,997,1062
931,996,930
997,1063,1062
996,1062,1061
1063,1128,1062
996,1061,995
1062,1128,1127
995,1060,994
1192,1127,1193
927,993,992
927,928,993
925,926,991
1125,1124,1059
1057,992,1058
1191,1125,1126
1060,1061,1126
1060,1126,1125
1127,1128,1193
1061,1127,1126
1061,1062,1127
1058,1124,1123
1058,1059,1124
1255,1190,1256
1189,1124,1190
1123,1124,1189
1258,1257,1192
1190,1125,1191
1191,1192,1257
1192,1193,1258
1129,1194,1128
1261,1262,1327
1262,1196,1197
1195,1130,1196
1263,1197,1198
1196,1131,1197
1197,1263,1262
1264,1199,1265
1195,1260,1194
1261,1327,1326
1195,1261,1260
1195,1196,1261
1392,1326,1327
1325,1259,1260
1461,1460,1395
1393,1328,1394
1263,1329,1328
1269,1270,1335
1330,1395,1329
1396,1462,1461
1258,1259,1324
1326,1391,1325
1258,1324,1323
1325,1390,1324
1322,1257,1323
1256,1191,1257
1189,1190,1255
1322,1323,1388
1321,1322,1387
1389,1388,1323
1389,1390,1455
1324,1389,1323
1390,1391,1456
1524,1523,1458
1454,1388,1389
1387,1388,1453
1453,1454,1519
1520,1454,1455
1521,1520,1455
1453,1388,1454
1519,1454,1520
1521,1455,1456
1522,1521,1456
1457,1522,1456
1522,1457,1523
1392,1393,1458
1459,1524,1458
1459,1460,1525
1394,1395,1460
1390,1456,1455
1457,1458,1523
1391,1457,1456
1391,1392,1457
1393,1459,1458
1393,1394,1459
1396,1461,1395
1462,1527,1461
1395,1330,1396
1331,1332,1397
1464,1463,1398
1399,1464,1398
1466,1532,1531
1467,1466,1401
1469,1535,1534
1462,1528,1527
1462,1463,1528
1530,1465,1531
1464,1530,1529
1464,1465,1530
1399,1465,1464
1466,1531,1465
1532,1466,1467
1533,1532,1467
1468,1533,1467
1468,1403,1469
1471,1536,1470
1468,1469,1534
1470,1535,1469
1402,1467,1401
1468,1534,1533
1470,1405,1471
1401,1400,1335
1402,1468,1467
1402,1403,1468
1405,1406,1471
1402,1337,1403
1333,1334,1399
1333,1332,1267
1466,1400,1401
1399,1334,1400
1401,1335,1336
1334,1333,1268
1401,1336,1402
1335,1270,1336
1465,1399,1400
1398,1332,1333
1397,1332,1398
1331,1266,1332
1396,1330,1331
1329,1263,1264
1396,1331,1397
1264,1263,1198
1398,1333,1399
1332,1266,1267
1330,1265,1331
1264,1198,1199
1330,1264,1265
1330,1329,1264
1133,1199,1198
1200,1201,1266
1134,1200,1199
1134,1135,1200
1333,1267,1268
1266,1201,1267
1137,1203,1202
1270,1205,1271
1334,1268,1269
1267,1202,1268
1334,1269,1335
1268,1203,1269
1138,1204,1203
1206,1207,1272
1139,1205,1204
1205,1140,1206
1339,1338,1273
1271,1205,1206
1340,1339,1274
1272,1207,1273
1143,1208,1142
1209,1275,1274
1209,1274,1208
1273,1208,1274
1277,1342,1276
1276,1210,1211
1210,1145,1211
1212,1146,1147
1344,1278,1279
1277,1211,1212
1277,1343,1342
1276,1342,1341
1278,1343,1277
1275,1210,1276
1344,1343,1278
1275,1341,1340
1345,1344,1279
1409,1343,1344
1281,1346,1280
1278,1213,1279
1347,1412,1346
1410,1344,1345
1408,1342,1343
1273,1338,1272
1407,1341,1342
1338,1337,1272
1274,1339,1273
1340,1405,1339
1404,1338,1339
1403,1337,1338
1275,1340,1274
1341,1406,1340
1406,1407,1472
1403,1338,1404
1472,1473,1538
1404,1339,1405
1408,1474,1473
1405,1340,1406
1409,1410,1475
1406,1341,1407
1535,1470,1536
1536,1471,1537
1537,1471,1472
1406,1472,1471
1473,1474,1539
1407,1473,1472
1407,1408,1473
1538,1473,1539
1539,1474,1540
1476,1542,1541
1475,1541,1540
1479,1544,1478
1474,1409,1475
1477,1543,1542
1408,1409,1474
1476,1541,1475
1546,1545,1480
1407,1342,1408
1550,1485,1551
1408,1343,1409
1484,1483,1418
1409,1344,1410
1477,1478,1543
1477,1412,1478
1484,1418,1419
1412,1411,1346
1413,1479,1478
1413,1414,1479
1485,1419,1420
1413,1412,1347
1410,1411,1476
1476,1411,1477
1543,1478,1544
1545,1479,1480
1544,1479,1545
1414,1480,1479
1484,1485,1550
1546,1480,1481
1547,1546,1481
1548,1547,1482
1549,1484,1550
1548,1483,1549
1483,1417,1418
1481,1482,1547
1481,1416,1482
1414,1415,1480
1480,1415,1481
1485,1420,1486
1416,1350,1351
1549,1483,1484
1482,1417,1483
1482,1416,1417
1415,1349,1350
1420,1421,1486
1417,1352,1418
1419,1353,1354
1418,1352,1353
1421,1487,1486
1418,1353,1419
1478,1412,1413
1411,1345,1346
1477,1411,1412
1410,1345,1411
1414,1413,1348
1348,1413,1347
1284,1349,1283
1350,1416,1415
1481,1415,1416
1414,1349,1415
1282,1217,1283
1283,1217,1218
1283,1348,1282
1349,1414,1348
1347,1346,1281
1279,1213,1214
1347,1281,1282
1280,1215,1281
1152,1217,1151
1218,1284,1283
1152,1218,1217
1219,1285,1284
1352,1351,1286
1352,1417,1351
1350,1285,1351
1284,1218,1219
1152,1153,1218
1220,1285,1219
1223,1288,1222
1286,1285,1220
1085,1151,1150
1154,1220,1219
1221,1220,1155
1221,1286,1220
1090,1155,1089
1156,1221,1155
1157,1223,1222
1287,1286,1221
1088,1154,1153
1155,1220,1154
1089,1088,1023
1089,1154,1088
1152,1086,1087
1085,1019,1020
1153,1152,1087
1153,1219,1218
1088,1153,1087
1154,1219,1153
1083,1149,1148
1079,1078,1013
1082,1016,1017
1015,950,1016
1018,1083,1017
1150,1151,1216
1151,1085,1086
1084,1019,1085
1082,1147,1081
1148,1149,1214
1084,1149,1083
1150,1216,1215
1084,1150,1149
1084,1085,1150
1083,1148,1082
1149,1215,1214
1148,1214,1213
1215,1280,1214
1077,1143,1142
1144,1210,1209
1079,1145,1144
1146,1211,1145
1147,1146,1081
1147,1213,1212
1277,1212,1278
1211,1146,1212
1143,1209,1208
1210,1275,1209
1271,1206,1272
1205,1139,1140
1073,1074,1139
1141,1142,1207
1140,1074,1075
1073,1007,1008
1075,1141,1140
1075,1076,1141
1079,1144,1078
1009,1075,1074
1142,1076,1077
1009,1074,1008
943,1008,942
1075,1010,1076
943,1009,1008
1011,1077,1076
945,946,1011
1012,1077,1011
1013,1012,947
1145,1080,1146
1080,1145,1079
1077,1012,1078
1012,1013,1078
1080,1081,1146
948,1014,1013
1015,1081,1080
1014,1080,1079
1014,1015,1080
946,881,947
948,949,1014
948,1013,947
1014,1079,1013
881,882,947
949,1015,1014
882,883,948
950,1015,949
944,1010,1009
1011,1076,1010
879,944,878
945,1011,1010
878,943,877
944,1009,943
879,945,944
946,1012,1011
880,946,945
947,1012,946
878,812,813
817,818,883
877,812,878
880,945,879
810,876,875
877,942,876
746,812,811
748,749,814
747,813,812
881,815,816
748,814,813
749,750,815
948,947,882
880,814,815
884,949,883
881,880,815
816,815,750
816,882,881
751,816,750
817,882,816
886,885,820
818,753,819
886,820,821
819,754,820
888,887,822
820,755,821
891,957,956
887,821,822
950,949,884
882,817,883
885,884,819
885,951,950
952,951,886
952,1017,951
820,885,819
886,951,885
953,887,888
886,821,887
956,1021,955
954,888,889
956,1022,1021
1022,1088,1087
1023,1022,957
1023,1088,1022
892,957,891
889,888,823
1022,956,957
955,890,956
958,957,892
890,824,825
955,889,890
888,822,823
757,823,822
890,825,891
758,824,823
758,759,824
891,825,826
824,759,825
762,827,761
895,896,961
828,894,893
895,961,960
766,831,765
831,832,897
829,895,894
963,897,898
827,892,826
893,958,892
959,958,893
959,1025,1024
894,960,959
1027,962,1028
894,959,893
960,961,1026
827,828,893
895,960,894
829,830,895
963,898,964
897,962,896
963,1029,1028
895,830,896
896,831,897
1029,963,964
962,897,963
900,899,834
967,901,902
833,898,832
830,765,831
896,830,831
829,763,764
899,898,833
831,766,832
899,833,834
832,767,833
900,834,835
833,767,768
838,904,903
902,903,968
839,905,904
903,969,968
903,902,837
702,767,701
837,838,903
905,970,904
839,840,905
841,907,906
840,906,905
973,908,974
836,837,902
904,969,903
838,839,904
906,971,905
907,973,972
971,1036,970
1041,1040,975
907,972,906
1039,973,974
972,1037,971
905,971,970
1038,1039,1104
906,972,971
973,1039,1038
1034,968,969
967,1032,966
967,902,968
901,836,902
899,900,965
1035,1034,969
899,965,964
966,1031,965
901,967,966
968,1034,1033
966,1032,1031
967,968,1033
1099,1033,1034
1032,967,1033
1101,1166,1100
1098,1097,1032
1167,1166,1101
1099,1034,1100
1103,1037,1038
1036,971,1037
1105,1040,1106
1039,974,1040
1110,1176,1175
1105,1039,1040
1102,1101,1036
1100,1034,1035
972,1038,1037
972,973,1038
1036,1101,1035
1102,1167,1101
1171,1236,1170
1168,1103,1169
1171,1105,1106
1104,1039,1105
1113,1178,1112
1175,1176,1241
1233,1232,1167
1233,1298,1232
1099,1100,1165
1167,1232,1166
1095,1096,1161
1165,1166,1231
1099,1165,1164
1166,1232,1231
1164,1165,1230
1230,1165,1231
1161,1227,1226
1160,1225,1159
1164,1163,1098
1095,1030,1096
1096,1162,1161
1163,1228,1162
1096,1097,1162
1164,1230,1229
1097,1098,1163
1032,1033,1098
1031,1097,1096
1031,1032,1097
961,962,1027
1029,1095,1094
961,1027,1026
1028,1093,1027
1029,1094,1028
1095,1160,1094
1092,1091,1026
1089,1023,1024
960,1026,1025
1027,1093,1092
960,1025,959
1026,1091,1025
959,1024,958
1025,1091,1090
1024,1090,1089
1024,1025,1090
1157,1156,1091
1157,1158,1223
1158,1092,1093
1158,1157,1092
1225,1224,1159
1157,1222,1156
1092,1157,1091
1158,1224,1223
1290,1289,1224
1222,1221,1156
1289,1288,1223
1287,1221,1222
1223,1224,1289
1359,1358,1293
1161,1226,1160
1290,1224,1225
1225,1291,1290
1359,1293,1294
1293,1227,1228
1226,1225,1160
1296,1230,1231
1229,1163,1164
1295,1229,1230
1228,1163,1229
1292,1226,1227
1291,1225,1226
1226,1292,1291
1228,1229,1294
1360,1359,1294
1292,1227,1293
1360,1294,1295
1293,1228,1294
1362,1361,1296
1294,1229,1295
1296,1361,1295
1495,1430,1496
1421,1420,1355
1358,1292,1293
1424,1358,1359
1357,1292,1358
1355,1289,1290
1355,1354,1289
1354,1288,1289
1354,1353,1288
1422,1356,1357
1355,1290,1356
1422,1487,1421
1419,1354,1420
1422,1421,1356
1489,1423,1424
1427,1428,1493
1557,1492,1558
1427,1492,1426
1422,1357,1423
1488,1553,1487
1488,1554,1553
1556,1555,1490
1555,1554,1489
1487,1422,1488
1555,1489,1490
1488,1423,1489
1491,1556,1490
1491,1557,1556
1558,1493,1559
1489,1424,1490
1492,1493,1558
1490,1424,1425
1491,1426,1492
1495,1494,1429
1426,1360,1361
1493,1492,1427
1425,1359,1360
1491,1490,1425
1423,1358,1424
1491,1425,1426
1424,1359,1425
1361,1427,1426
1361,1362,1427
1560,1494,1495
1493,1428,1494
1427,1362,1428
1430,1431,1496
1364,1430,1429
1365,1431,1430
1366,1432,1431
1433,1434,1499
1430,1495,1429
1496,1561,1495
1562,1561,1496
1497,1563,1562
1497,1562,1496
1498,1497,1432
1498,1564,1563
1565,1564,1499
1433,1499,1498
1500,1566,1565
1500,1565,1499
1567,1501,1502
1568,1502,1503
1501,1436,1502
1433,1498,1432
1499,1564,1498
1434,1433,1368
1434,1500,1499
1369,1435,1434
1435,1501,1500
1436,1435,1370
1436,1501,1435
1366,1367,1432
1301,1302,1367
1370,1305,1371
1234,1300,1299
1303,1369,1368
1370,1435,1369
1438,1437,1372
1304,1369,1303
1298,1364,1363
1365,1430,1364
1363,1362,1297
1363,1429,1428
1298,1363,1297
1364,1429,1363
1233,1234,1299
1301,1367,1366
1300,1366,1365
1300,1301,1366
1233,1299,1298
1300,1365,1299
1362,1296,1297
1295,1230,1296
1234,1233,1168
1234,1235,1300
1235,1234,1169
1235,1301,1300
1236,1235,1170
1236,1301,1235
1237,1236,1171
1302,1301,1236
1305,1306,1371
1302,1236,1237
1306,1372,1371
1303,1302,1237
1238,1237,1172
1238,1303,1237
1173,1239,1238
1304,1303,1238
1308,1374,1373
1304,1238,1239
1307,1306,1241
1173,1238,1172
1373,1372,1307
1306,1240,1241
1241,1242,1307
1379,1314,1380
1178,1244,1243
1308,1307,1242
1247,1312,1246
1310,1309,1244
1310,1311,1376
1311,1246,1312
1309,1310,1375
1311,1312,1377
1245,1311,1310
1245,1246,1311
1242,1243,1308
1244,1245,1310
1437,1436,1371
1375,1310,1376
1378,1443,1377
1376,1311,1377
1378,1444,1443
1577,1512,1578
1373,1439,1438
1440,1506,1505
1309,1374,1308
1375,1440,1374
1372,1306,1307
1305,1240,1306
1373,1438,1372
1439,1504,1438
1308,1373,1307
1374,1439,1373
1372,1437,1371
1438,1503,1437
1505,1504,1439
1441,1440,1375
1441,1507,1506
1441,1506,1440
1503,1569,1568
1504,1570,1569
1506,1507,1572
1440,1505,1439
1506,1572,1571
1505,1571,1570
1505,1506,1571
1442,1507,1441
1509,1575,1574
1507,1573,1572
1507,1508,1573
1573,1508,1574
1444,1509,1443
1510,1511,1576
1575,1509,1510
1444,1510,1509
1509,1508,1443
1509,1574,1508
1376,1441,1375
1442,1508,1507
1508,1442,1443
1441,1376,1442
1381,1447,1446
1512,1513,1578
1444,1445,1510
1510,1445,1511
1513,1512,1447
1445,1380,1446
1513,1447,1448
1446,1380,1381
1515,1514,1449
1447,1382,1448
1446,1512,1511
1446,1447,1512
1511,1577,1576
1511,1512,1577
1513,1579,1578
1513,1514,1579
1579,1514,1580
1513,1448,1514
1514,1515,1580
1580,1515,1581
1517,1451,1452
1581,1516,1582
1582,1516,1517
1583,1582,1517
1515,1450,1516
1581,1515,1516
1514,1448,1449
1583,1517,1518
1451,1450,1385
1516,1451,1517
1450,1449,1384
1583,1518,1584
1253,1187,1188
1515,1449,1450
1448,1382,1383
1450,1384,1385
1383,1318,1384
1187,1121,1122
1517,1452,1518
1451,1386,1452
1511,1445,1446
1444,1379,1445
1445,1379,1380
1378,1312,1313
1444,1378,1379
1377,1312,1378
1382,1381,1316
1382,1447,1381
1449,1383,1384
1382,1316,1317
1313,1248,1314
1316,1381,1315
1247,1313,1312
1314,1379,1313
1181,1247,1246
1314,1249,1315
1182,1248,1247
1249,1250,1315
1182,1183,1248
1250,1316,1315
1250,1185,1251
1252,1318,1317
1252,1317,1251
1318,1383,1317
1451,1385,1386
1384,1318,1319
1254,1319,1253
1320,1385,1319
1386,1385,1320
1183,1118,1184
1186,1252,1251
1119,1120,1185
1187,1252,1186
1254,1253,1188
1320,1319,1254
1188,1187,1122
1122,1121,1056
983,1049,1048
1054,1055,1120
1184,1119,1185
981,982,1047
1185,1120,1186
1119,1053,1054
1113,1048,1114
1047,1046,981
1181,1116,1182
1115,1049,1050
1117,1051,1052
1116,1115,1050
1116,1117,1182
1116,1051,1117
1114,1115,1180
1116,1181,1115
1184,1118,1119
1117,1052,1118
1183,1184,1249
1183,1117,1118
1248,1183,1249
1182,1117,1183
1184,1250,1249
1251,1316,1250
1175,1109,1110
1178,1179,1244
1112,1178,1177
1179,1245,1244
1243,1244,1309
1243,1177,1178
1113,1179,1178
1180,1245,1179
1308,1243,1309
1242,1177,1243
1305,1239,1240
1305,1304,1239
1106,1107,1172
1174,1175,1240
1172,1107,1173
1176,1242,1241
1111,1112,1177
1177,1242,1176
1240,1175,1241
1107,1106,1041
1174,1109,1175
1108,1107,1042
1042,1107,1041
1108,1173,1107
1174,1108,1109
1174,1173,1108
1046,1111,1045
1042,1041,976
1112,1111,1046
976,975,910
1176,1110,1111
1109,1043,1044
1176,1111,1177
1110,1045,1111
1112,1046,1047
976,977,1042
1047,1048,1113
1049,1115,1114
1050,984,985
980,979,914
1050,985,1051
915,980,914
982,1048,1047
982,983,1048
986,1052,1051
982,916,917
979,1044,978
1045,1110,1044
1108,1042,1043
1041,975,976
911,977,976
977,1043,1042
914,979,913
1044,1043,978
1046,980,981
979,978,913
1045,979,980
1045,1044,979
910,911,976
978,1043,977
975,909,910
908,843,909
978,977,912
910,845,911
978,912,913
911,846,912
847,848,913
781,780,715
848,914,913
916,982,981
914,849,915
917,983,982
980,915,981
914,848,849
851,917,916
918,983,917
852,918,917
919,984,918
854,853,788
919,918,853
986,920,921
919,853,854
923,922,857
920,919,854
987,1052,986
983,918,984
1116,1050,1051
1049,984,1050
1053,1052,987
985,919,920
1051,985,986
984,919,985
1053,987,988
986,921,987
1055,1054,989
987,921,922
1121,1120,1055
1053,988,1054
1121,1055,1056
1054,988,989
1055,989,990
988,987,922
1055,990,1056
855,921,920
990,989,924
989,988,923
923,988,922
789,855,854
856,921,855
924,923,858
922,921,856
858,923,857
924,989,923
790,789,724
790,855,789
725,790,724
856,855,790
791,856,790
857,922,856
857,791,792
857,856,791
789,854,788
855,920,854
783,784,849
785,786,851
721,786,720
787,852,786
853,787,788
853,852,787
657,722,656
788,787,722
585,586,651
654,719,653
587,588,653
655,720,654
589,655,654
656,721,655
655,721,720
722,787,721
589,590,655
657,723,722
789,723,724
789,788,723
791,725,726
791,790,725
658,723,657
724,723,658
655,590,656
520,455,521
586,521,587
653,588,654
588,522,523
584,585,650
521,522,587
654,588,589
587,522,588
517,518,583
652,586,587
518,519,584
520,521,586
519,585,584
585,520,586
653,652,587
585,519,520
454,520,519
454,455,520
451,385,386
454,519,453
516,451,517
450,449,384
451,516,450
517,582,516
452,518,517
452,453,518
512,447,513
380,445,379
447,448,513
447,446,381
515,449,450
448,383,449
582,581,516
514,448,449
646,645,580
578,513,579
581,580,515
513,448,514
646,581,647
515,516,581
645,644,579
577,512,578
514,580,579
514,515,580
581,646,580
647,712,646
715,714,649
647,582,648
649,714,648
715,780,714
651,716,650
716,717,782
715,649,650
648,583,649
718,717,652
650,585,651
718,652,653
651,586,652
650,716,715
784,718,719
651,717,716
651,652,717
847,782,848
781,715,716
782,783,848
782,717,783
850,784,785
783,718,784
916,915,850
848,783,849
916,850,851
849,784,850
845,844,779
845,910,844
847,781,782
847,846,781
645,711,710
645,646,711
710,711,776
778,844,843
712,778,777
779,844,778
773,839,838
773,774,839
708,774,773
775,841,840
708,709,774
776,842,841
843,842,777
843,908,842
710,776,775
777,842,776
579,644,578
645,710,644
576,642,641
576,577,642
641,707,706
708,773,707
644,709,643
710,775,709
704,703,638
771,705,706
571,572,637
639,705,704
637,572,638
772,707,773
640,705,639
706,707,772
639,704,638
771,706,772
640,706,705
640,641,706
838,772,773
704,769,703
771,770,705
836,835,770
837,771,772
837,836,771
697,698,763
699,765,764
829,764,830
763,698,764
769,768,703
769,834,768
835,769,770
835,834,769
829,828,763
829,894,828
825,760,826
759,693,694
696,695,630
696,697,762
631,697,696
697,763,762
828,762,763
828,827,762
630,631,696
632,698,697
628,694,693
695,760,694
628,629,694
563,564,629
632,631,566
632,697,631
634,633,568
634,700,699
636,635,570
636,637,702
633,699,698
633,634,699
636,702,701
703,768,702
571,637,636
637,703,702
570,571,636
638,703,637
565,500,566
569,503,504
501,566,500
567,633,632
501,567,566
568,633,567
501,502,567
436,437,502
498,564,563
565,631,630
562,628,627
562,563,628
628,563,629
562,497,563
496,431,497
434,500,499
499,565,564
499,500,565
364,430,429
431,496,430
432,431,366
432,497,431
367,432,366
498,497,432
433,498,432
499,564,498
499,433,434
499,498,433
368,369,434
436,502,501
435,501,500
435,436,501
435,370,436
504,505,570
437,503,502
437,438,503
436,371,437
439,440,505
438,504,503
438,439,504
373,439,438
506,507,572
374,440,439
441,507,506
635,569,570
568,503,569
573,639,638
570,505,571
573,572,507
573,574,639
440,506,505
440,441,506
509,574,508
574,575,640
508,574,573
575,576,641
509,575,574
509,510,575
578,512,513
378,444,443
577,576,511
509,508,443
444,445,510
445,446,511
379,445,444
511,510,445
509,443,444
310,376,375
374,375,440
442,507,441
509,444,510
443,442,377
512,446,447
512,511,446
315,380,314
244,309,243
376,311,377
445,380,446
312,313,378
380,381,446
314,380,379
381,382,447
379,313,314
379,378,313
184,249,183
249,250,315
246,245,180
246,312,311
378,377,312
237,303,302
181,246,180
247,313,312
241,307,306
308,373,307
309,308,243
374,373,308
177,243,242
244,245,310
310,309,244
374,308,309
312,377,311
311,376,310
443,377,378
442,441,376
442,376,377
375,374,309
370,304,305
374,439,373
441,375,376
441,440,375
302,303,368
370,371,436
303,304,369
371,372,437
369,304,370
372,438,437
370,305,371
373,438,372
430,365,431
232,297,231
297,298,363
365,430,364
433,367,368
366,300,301
367,301,302
367,366,301
433,368,434
367,302,368
364,299,365
298,233,299
364,298,299
364,363,298
166,232,231
233,298,232
235,234,169
235,301,300
170,235,169
236,301,235
172,237,171
240,241,306
238,304,303
306,372,371
240,306,305
307,372,306
238,239,304
306,371,305
241,240,175
242,308,307
106,172,171
239,240,305
172,238,237
172,173,238
106,107,172
174,240,239
173,239,238
173,174,239
101,102,167
169,234,168
100,101,166
168,233,167
167,166,101
165,99,100
100,166,165
167,232,166
168,102,103
101,36,102
101,35,36
101,100,35
38,103,37
168,103,169
102,37,103
104,38,39
104,103,38
41,42,107
170,105,171
104,39,105
172,107,173
106,40,41
42,108,107
43,108,42
46,111,45
45,111,110
112,178,177
112,111,46
112,46,47
108,174,173
175,240,174
109,175,174
176,242,241
177,242,176
243,308,242
176,241,175
242,307,241
111,177,176
178,243,177
48,49,114
114,179,113
182,181,116
247,246,181
182,247,181
248,313,247
181,180,115
248,247,182
113,48,114
116,181,115
47,48,113
115,180,114
49,50,115
50,116,115
183,182,117
183,117,118
182,116,117
184,183,118
248,182,183
250,249,184
249,248,183
185,250,184
382,317,383
251,250,185
251,317,316
252,317,251
252,318,317
249,315,314
250,251,316
315,381,380
382,448,447
315,316,381
383,448,382
381,316,382
315,250,316
451,450,385
383,318,384
252,253,318
452,451,386
384,319,385
387,388,453
452,386,387
385,319,320
452,387,453
253,319,318
386,385,320
