461.45,31.864,-40
456.44,31.244,-40
451.43,30.624,-40
446.42,30.004,-40
441.41,29.385,-40
436.4,28.765,-40
431.4,28.145,-40
426.39,27.525,-40
421.38,26.905,-40
416.37,26.285,-40
411.36,25.665,-40
406.35,25.046,-40
401.34,24.426,-40
396.33,23.806,-40
391.32,23.186,-40
386.31,22.566,-40
381.3,21.946,-40
376.29,21.326,-40
371.28,20.706,-40
366.27,20.087,-40
361.26,19.467,-40
356.25,18.847,-40
351.24,18.227,-40
346.23,17.607,-40
341.23,16.987,-40
336.22,16.367,-40
331.21,15.748,-40
326.2,15.128,-40
321.18,14.813,-40
316.16,15.309,-40
311.14,15.805,-40
306.11,16.301,-40
301.09,16.796,-40
296.07,17.292,-40
291.04,17.788,-40
286.02,18.284,-40
281,18.779,-40
275.97,19.275,-40
270.95,19.771,-40
265.93,20.267,-40
260.91,20.763,-40
255.88,21.258,-40
250.86,21.754,-40
245.84,22.25,-40
240.81,22.746,-40
235.79,23.242,-40
230.77,23.737,-40
225.74,24.233,-40
220.72,24.729,-40
215.7,25.225,-40
210.67,25.721,-40
205.65,26.216,-40
200.63,26.712,-40
195.6,27.208,-40
190.58,27.704,-40
185.73,28.673,-40
181.56,31.518,-40
177.39,34.364,-40
173.22,37.209,-40
169.05,40.054,-40
164.88,42.9,-40
160.71,45.745,-40
156.54,48.591,-40
152.38,51.436,-40
148.21,54.282,-40
144.04,57.127,-40
139.87,59.973,-40
135.86,62.96,-40
133.54,67.442,-40
131.22,71.925,-40
128.9,76.407,-40
126.57,80.889,-40
124.25,85.372,-40
121.93,89.854,-40
119.61,94.336,-40
117.29,98.819,-40
114.97,103.3,-40
112.65,107.78,-40
110.33,112.27,-40
459.58,27.581,-38.095
454.58,26.962,-38.095
449.57,26.342,-38.095
444.56,25.723,-38.095
439.56,25.103,-38.095
434.55,24.483,-38.095
429.54,23.864,-38.095
424.53,23.244,-38.095
419.53,22.625,-38.095
414.52,22.005,-38.095
409.51,21.385,-38.095
404.51,20.766,-38.095
399.5,20.146,-38.095
394.49,19.527,-38.095
389.48,18.907,-38.095
384.48,18.287,-38.095
379.47,17.668,-38.095
374.46,17.048,-38.095
369.45,16.429,-38.095
364.45,15.809,-38.095
359.44,15.19,-38.095
354.43,14.57,-38.095
349.43,13.95,-38.095
344.42,13.331,-38.095
339.41,12.711,-38.095
334.4,12.092,-38.095
329.4,11.472,-38.095
324.39,10.852,-38.095
319.35,10.533,-38.098
314.33,11.022,-38.095
309.31,11.518,-38.095
304.29,12.013,-38.095
299.27,12.509,-38.095
294.25,13.005,-38.095
289.23,13.5,-38.095
284.21,13.996,-38.095
279.19,14.491,-38.095
274.16,14.987,-38.095
269.14,15.483,-38.095
264.12,15.978,-38.095
259.1,16.474,-38.095
254.08,16.969,-38.095
249.06,17.465,-38.095
244.04,17.96,-38.095
239.02,18.456,-38.095
234,18.952,-38.095
228.98,19.447,-38.095
223.95,19.943,-38.095
218.93,20.438,-38.095
213.91,20.934,-38.095
208.89,21.429,-38.095
203.87,21.925,-38.095
198.85,22.421,-38.095
193.83,22.916,-38.095
188.81,23.412,-38.095
183.86,24.392,-38.095
179.69,27.236,-38.095
175.52,30.08,-38.095
171.36,32.924,-38.095
167.19,35.768,-38.095
163.02,38.613,-38.095
158.85,41.457,-38.095
154.69,44.301,-38.095
150.52,47.145,-38.095
146.35,49.989,-38.095
142.19,52.834,-38.095
138.02,55.678,-38.095
133.98,58.699,-38.095
131.66,63.179,-38.095
129.34,67.66,-38.095
127.02,72.14,-38.095
124.7,76.62,-38.095
122.38,81.101,-38.095
120.06,85.581,-38.095
117.74,90.061,-38.095
115.42,94.542,-38.095
113.1,99.022,-38.095
110.78,103.5,-38.095
108.46,107.98,-38.095
457.72,23.299,-35.918
452.71,22.679,-36.19
447.7,22.06,-36.19
442.7,21.44,-36.19
437.69,20.82,-36.19
432.68,20.201,-36.19
427.67,19.581,-36.19
422.67,18.962,-36.19
417.66,18.342,-36.19
412.65,17.722,-36.19
407.65,17.103,-36.19
402.64,16.483,-36.19
397.63,15.864,-36.19
392.62,15.244,-36.19
387.62,14.624,-36.19
382.61,14.005,-36.19
377.6,13.385,-36.19
372.59,12.766,-36.19
367.59,12.146,-36.19
362.58,11.526,-36.19
357.57,10.907,-36.19
352.57,10.287,-36.19
347.56,9.6677,-36.19
342.55,9.0481,-36.19
337.54,8.4285,-36.19
332.54,7.8089,-36.19
327.53,7.1893,-36.19
322.52,6.5697,-36.19
317.49,6.2502,-36.193
312.47,6.7397,-36.19
307.45,7.2352,-36.19
302.42,7.7308,-36.19
297.4,8.2264,-36.19
292.38,8.722,-36.19
287.36,9.2175,-36.19
282.34,9.7131,-36.19
277.32,10.209,-36.19
272.3,10.704,-36.19
267.28,11.2,-36.19
262.26,11.695,-36.19
257.23,12.191,-36.19
252.21,12.687,-36.19
247.19,13.182,-36.19
242.17,13.678,-36.19
237.15,14.173,-36.19
232.13,14.669,-36.19
227.11,15.164,-36.19
222.09,15.66,-36.19
217.07,16.156,-36.19
212.05,16.651,-36.19
207.02,17.147,-36.19
202,17.642,-36.19
196.98,18.138,-36.19
191.96,18.633,-36.19
186.94,19.129,-36.19
181.99,20.109,-36.19
177.82,22.953,-36.19
173.66,25.797,-36.19
169.49,28.642,-36.19
165.32,31.486,-36.19
161.16,34.33,-36.19
156.99,37.174,-36.19
152.82,40.018,-36.19
148.65,42.863,-36.19
144.49,45.707,-36.19
140.32,48.551,-36.19
136.15,51.395,-36.19
132.11,54.417,-36.19
129.79,58.897,-36.19
127.47,63.377,-36.19
125.15,67.857,-36.19
122.83,72.338,-36.19
120.51,76.818,-36.19
118.19,81.298,-36.19
115.87,85.779,-36.19
113.55,90.259,-36.19
111.23,94.739,-36.19
108.91,99.22,-36.19
106.59,103.7,-36.19
455.85,19.016,-34.286
450.84,18.396,-34.286
445.84,17.777,-34.286
440.83,17.157,-34.286
435.82,16.538,-34.286
430.81,15.918,-34.286
425.81,15.298,-34.286
420.8,14.679,-34.286
415.79,14.059,-34.286
410.79,13.44,-34.286
405.78,12.82,-34.286
400.77,12.201,-34.286
395.76,11.581,-34.286
390.76,10.961,-34.286
385.75,10.342,-34.286
380.74,9.7222,-34.286
375.73,9.1026,-34.286
370.73,8.483,-34.286
365.72,7.8634,-34.286
360.71,7.2438,-34.286
355.71,6.6242,-34.286
350.7,6.0046,-34.286
345.69,5.385,-34.286
340.68,4.7654,-34.286
335.68,4.1458,-34.286
330.67,3.5263,-34.286
325.66,2.9067,-34.286
320.66,2.2871,-34.286
315.62,1.9675,-34.288
310.6,2.457,-34.286
305.58,2.9526,-34.286
300.56,3.4481,-34.286
295.54,3.9437,-34.286
290.51,4.4393,-34.286
285.49,4.9349,-34.286
280.47,5.4304,-34.286
275.45,5.926,-34.286
270.43,6.4216,-34.286
265.41,6.9171,-34.286
260.39,7.4127,-34.286
255.37,7.9083,-34.286
250.35,8.4039,-34.286
245.33,8.8994,-34.286
240.3,9.395,-34.286
235.28,9.8906,-34.286
230.26,10.386,-34.286
225.24,10.882,-34.286
220.22,11.377,-34.286
215.2,11.873,-34.286
210.18,12.368,-34.286
205.16,12.864,-34.286
200.14,13.36,-34.286
195.12,13.855,-34.286
190.09,14.351,-34.286
185.07,14.846,-34.286
180.12,15.826,-34.286
175.96,18.67,-34.286
171.79,21.515,-34.286
167.62,24.359,-34.286
163.46,27.203,-34.286
159.29,30.047,-34.286
155.12,32.891,-34.286
150.95,35.736,-34.286
146.79,38.58,-34.286
142.62,41.424,-34.286
138.45,44.268,-34.286
134.28,47.112,-34.286
130.25,50.134,-34.286
127.93,54.614,-34.286
125.61,59.095,-34.286
123.29,63.575,-34.286
120.97,68.055,-34.286
118.65,72.535,-34.286
116.33,77.016,-34.286
114.01,81.496,-34.286
111.68,85.976,-34.286
109.36,90.457,-34.286
107.04,94.937,-34.286
104.72,99.417,-34.286
453.98,14.733,-32.381
448.98,14.114,-32.381
443.97,13.494,-32.381
438.96,12.875,-32.381
433.95,12.255,-32.381
428.95,11.635,-32.381
423.94,11.016,-32.381
418.93,10.396,-32.381
413.93,9.7766,-32.381
408.92,9.157,-32.381
403.91,8.5374,-32.381
398.9,7.9178,-32.381
393.9,7.2983,-32.381
388.89,6.6787,-32.381
383.88,6.0591,-32.381
378.87,5.4395,-32.381
373.87,4.8199,-32.381
368.86,4.2003,-32.381
363.85,3.5807,-32.381
358.85,2.9611,-32.381
353.84,2.3415,-32.381
348.83,1.7219,-32.381
343.82,1.1024,-32.381
338.82,0.48277,-32.381
333.81,-0.13682,-32.381
328.8,-0.75641,-32.381
323.8,-1.376,-32.381
318.79,-1.9956,-32.381
313.75,-2.3152,-32.384
308.73,-1.8257,-32.381
303.71,-1.3301,-32.381
298.69,-0.83454,-32.381
293.67,-0.33897,-32.381
288.65,0.1566,-32.381
283.63,0.65217,-32.381
278.61,1.1477,-32.381
273.58,1.6433,-32.381
268.56,2.1389,-32.381
263.54,2.6345,-32.381
258.52,3.13,-32.381
253.5,3.6256,-32.381
248.48,4.1212,-32.381
243.46,4.6168,-32.381
238.44,5.1123,-32.381
233.42,5.6079,-32.381
228.4,6.1035,-32.381
223.37,6.599,-32.381
218.35,7.0946,-32.381
213.33,7.5902,-32.381
208.31,8.0858,-32.381
203.29,8.5813,-32.381
198.27,9.0769,-32.381
193.25,9.5725,-32.381
188.23,10.068,-32.381
183.21,10.564,-32.381
178.26,11.543,-32.381
174.09,14.388,-32.381
169.92,17.232,-32.381
165.76,20.076,-32.381
161.59,22.92,-32.381
157.42,25.764,-32.381
153.25,28.609,-32.381
149.09,31.453,-32.381
144.92,34.297,-32.381
140.75,37.141,-32.381
136.58,39.986,-32.381
132.42,42.83,-32.381
128.38,45.851,-32.381
126.06,50.332,-32.381
123.74,54.812,-32.381
121.42,59.292,-32.381
119.1,63.772,-32.381
116.78,68.253,-32.381
114.46,72.733,-32.381
112.14,77.213,-32.381
109.82,81.694,-32.381
107.5,86.174,-32.381
105.18,90.654,-32.381
102.86,95.135,-32.381
452.12,10.451,-30.476
447.11,9.8311,-30.476
442.1,9.2115,-30.476
437.09,8.5919,-30.476
432.09,7.9723,-30.476
427.08,7.3527,-30.476
422.07,6.7331,-30.476
417.07,6.1135,-30.476
412.06,5.4939,-30.476
407.05,4.8744,-30.476
402.04,4.2548,-30.476
397.04,3.6352,-30.476
392.03,3.0156,-30.476
387.02,2.396,-30.476
382.02,1.7764,-30.476
377.01,1.1568,-30.476
372,0.53723,-30.476
366.99,-0.082363,-30.476
361.99,-0.70195,-30.476
356.98,-1.3215,-30.476
351.97,-1.9411,-30.476
346.96,-2.5607,-30.476
341.96,-3.1803,-30.476
336.95,-3.7999,-30.476
331.94,-4.4195,-30.476
326.94,-5.0391,-30.476
321.93,-5.6587,-30.476
316.92,-6.2783,-30.476
311.89,-6.5978,-30.479
306.86,-6.1084,-30.476
301.84,-5.6128,-30.476
296.82,-5.1172,-30.476
291.8,-4.6216,-30.476
286.78,-4.1261,-30.476
281.76,-3.6305,-30.476
276.74,-3.1349,-30.476
271.72,-2.6394,-30.476
266.7,-2.1438,-30.476
261.68,-1.6482,-30.476
256.65,-1.1526,-30.476
251.63,-0.65707,-30.476
246.61,-0.1615,-30.476
241.59,0.33407,-30.476
236.57,0.82965,-30.476
231.55,1.3252,-30.476
226.53,1.8208,-30.476
221.51,2.3164,-30.476
216.49,2.8119,-30.476
211.47,3.3075,-30.476
206.44,3.8031,-30.476
201.42,4.2987,-30.476
196.4,4.7942,-30.476
191.38,5.2898,-30.476
186.36,5.7854,-30.476
181.34,6.2809,-30.476
176.39,7.2607,-30.476
172.22,10.105,-30.476
168.06,12.949,-30.476
163.89,15.793,-30.476
159.72,18.638,-30.476
155.55,21.482,-30.476
151.39,24.326,-30.476
147.22,27.17,-30.476
143.05,30.014,-30.476
138.88,32.859,-30.476
134.72,35.703,-30.476
130.55,38.547,-30.476
126.51,41.569,-30.476
124.19,46.049,-30.476
121.87,50.529,-30.476
119.55,55.01,-30.476
117.23,59.49,-30.476
114.91,63.97,-30.476
112.59,68.45,-30.476
110.27,72.931,-30.476
107.95,77.411,-30.476
105.63,81.891,-30.476
103.31,86.372,-30.476
100.99,90.852,-30.476
450.25,6.168,-28.571
445.24,5.5484,-28.571
440.23,4.9288,-28.571
435.23,4.3092,-28.571
430.22,3.6896,-28.571
425.21,3.07,-28.571
420.21,2.4505,-28.571
415.2,1.8309,-28.571
410.19,1.2113,-28.571
405.18,0.59168,-28.571
400.18,-0.027907,-28.571
395.17,-0.6475,-28.571
390.16,-1.2671,-28.571
385.16,-1.8867,-28.571
380.15,-2.5063,-28.571
375.14,-3.1259,-28.571
370.13,-3.7454,-28.571
365.13,-4.365,-28.571
360.12,-4.9846,-28.571
355.11,-5.6042,-28.571
350.1,-6.2238,-28.571
345.1,-6.8434,-28.571
340.09,-7.463,-28.571
335.08,-8.0826,-28.571
330.08,-8.7022,-28.571
325.07,-9.3217,-28.571
320.06,-9.9413,-28.571
315.05,-10.561,-28.571
310.02,-10.881,-28.574
305,-10.391,-28.571
299.98,-9.8955,-28.571
294.96,-9.3999,-28.571
289.93,-8.9043,-28.571
284.91,-8.4088,-28.571
279.89,-7.9132,-28.571
274.87,-7.4176,-28.571
269.85,-6.922,-28.571
264.83,-6.4265,-28.571
259.81,-5.9309,-28.571
254.79,-5.4353,-28.571
249.77,-4.9397,-28.571
244.75,-4.4442,-28.571
239.72,-3.9486,-28.571
234.7,-3.453,-28.571
229.68,-2.9575,-28.571
224.66,-2.4619,-28.571
219.64,-1.9663,-28.571
214.62,-1.4707,-28.571
209.6,-0.97517,-28.571
204.58,-0.4796,-28.571
199.56,0.015971,-28.571
194.54,0.51154,-28.571
189.51,1.0071,-28.571
184.49,1.5027,-28.571
179.47,1.9983,-28.571
174.52,2.978,-28.571
170.36,5.8222,-28.571
166.19,8.6664,-28.571
162.02,11.511,-28.571
157.85,14.355,-28.571
153.69,17.199,-28.571
149.52,20.043,-28.571
145.35,22.887,-28.571
141.18,25.732,-28.571
137.02,28.576,-28.571
132.85,31.42,-28.571
128.68,34.264,-28.571
124.64,37.286,-28.571
122.32,41.766,-28.571
120,46.247,-28.571
117.68,50.727,-28.571
115.36,55.207,-28.571
113.04,59.687,-28.571
110.72,64.168,-28.571
108.4,68.648,-28.571
106.08,73.128,-28.571
103.76,77.609,-28.571
101.44,82.089,-28.571
99.123,86.569,-28.571
448.38,1.8853,-26.667
443.37,1.2657,-26.667
438.37,0.64613,-26.667
433.36,0.026546,-26.667
428.35,-0.59304,-26.667
423.35,-1.2126,-26.667
418.34,-1.8322,-26.667
413.33,-2.4518,-26.667
408.32,-3.0714,-26.667
403.32,-3.691,-26.667
398.31,-4.3106,-26.667
393.3,-4.9302,-26.667
388.3,-5.5498,-26.667
383.29,-6.1693,-26.667
378.28,-6.7889,-26.667
373.27,-7.4085,-26.667
368.27,-8.0281,-26.667
363.26,-8.6477,-26.667
358.25,-9.2673,-26.667
353.24,-9.8869,-26.667
348.24,-10.506,-26.667
343.23,-11.126,-26.667
338.22,-11.746,-26.667
333.22,-12.365,-26.667
328.21,-12.985,-26.667
323.2,-13.604,-26.667
318.19,-14.224,-26.667
313.19,-14.844,-26.667
308.15,-15.163,-26.669
303.13,-14.674,-26.667
298.11,-14.178,-26.667
293.09,-13.683,-26.667
288.07,-13.187,-26.667
283.05,-12.691,-26.667
278.03,-12.196,-26.667
273,-11.7,-26.667
267.98,-11.205,-26.667
262.96,-10.709,-26.667
257.94,-10.214,-26.667
252.92,-9.718,-26.667
247.9,-9.2224,-26.667
242.88,-8.7269,-26.667
237.86,-8.2313,-26.667
232.84,-7.7357,-26.667
227.82,-7.2401,-26.667
222.79,-6.7446,-26.667
217.77,-6.249,-26.667
212.75,-5.7534,-26.667
207.73,-5.2579,-26.667
202.71,-4.7623,-26.667
197.69,-4.2667,-26.667
192.67,-3.7711,-26.667
187.65,-3.2756,-26.667
182.63,-2.78,-26.667
177.61,-2.2844,-26.667
172.66,-1.3047,-26.667
168.49,1.5395,-26.667
164.32,4.3837,-26.667
160.15,7.2279,-26.667
155.99,10.072,-26.667
151.82,12.916,-26.667
147.65,15.761,-26.667
143.48,18.605,-26.667
139.32,21.449,-26.667
135.15,24.293,-26.667
130.98,27.137,-26.667
126.82,29.982,-26.667
122.78,33.003,-26.667
120.46,37.484,-26.667
118.14,41.964,-26.667
115.82,46.444,-26.667
113.5,50.925,-26.667
111.18,55.405,-26.667
108.86,59.885,-26.667
106.54,64.365,-26.667
104.22,68.846,-26.667
101.9,73.326,-26.667
99.576,77.806,-26.667
97.256,82.287,-26.667
446.51,-2.3974,-24.762
441.51,-3.0169,-24.762
436.5,-3.6365,-24.762
431.49,-4.2561,-24.762
426.49,-4.8757,-24.762
421.48,-5.4953,-24.762
416.47,-6.1149,-24.762
411.46,-6.7345,-24.762
406.46,-7.3541,-24.762
401.45,-7.9737,-24.762
396.44,-8.5932,-24.762
391.44,-9.2128,-24.762
386.43,-9.8324,-24.762
381.42,-10.452,-24.762
376.41,-11.072,-24.762
371.41,-11.691,-24.762
366.4,-12.311,-24.762
361.39,-12.93,-24.762
356.38,-13.55,-24.762
351.38,-14.17,-24.762
346.37,-14.789,-24.762
341.36,-15.409,-24.762
336.36,-16.028,-24.762
331.35,-16.648,-24.762
326.34,-17.267,-24.762
321.33,-17.887,-24.762
316.33,-18.507,-24.762
311.32,-19.126,-24.762
306.28,-19.446,-24.765
301.26,-18.956,-24.762
296.24,-18.461,-24.762
291.22,-17.965,-24.762
286.2,-17.47,-24.762
281.18,-16.974,-24.762
276.16,-16.479,-24.762
271.14,-15.983,-24.762
266.12,-15.487,-24.762
261.1,-14.992,-24.762
256.07,-14.496,-24.762
251.05,-14.001,-24.762
246.03,-13.505,-24.762
241.01,-13.01,-24.762
235.99,-12.514,-24.762
230.97,-12.018,-24.762
225.95,-11.523,-24.762
220.93,-11.027,-24.762
215.91,-10.532,-24.762
210.89,-10.036,-24.762
205.86,-9.5405,-24.762
200.84,-9.045,-24.762
195.82,-8.5494,-24.762
190.8,-8.0538,-24.762
185.78,-7.5582,-24.762
180.76,-7.0627,-24.762
175.74,-6.5671,-24.762
170.79,-5.5874,-24.762
166.62,-2.7432,-24.762
162.45,0.10102,-24.762
158.29,2.9452,-24.762
154.12,5.7894,-24.762
149.95,8.6336,-24.762
145.79,11.478,-24.762
141.62,14.322,-24.762
137.45,17.166,-24.762
133.28,20.01,-24.762
129.12,22.855,-24.762
124.95,25.699,-24.762
120.91,28.721,-24.762
118.59,33.201,-24.762
116.27,37.681,-24.762
113.95,42.162,-24.762
111.63,46.642,-24.762
109.31,51.122,-24.762
106.99,55.602,-24.762
104.67,60.083,-24.762
102.35,64.563,-24.762
100.03,69.043,-24.762
97.709,73.524,-24.762
95.389,78.004,-24.762
444.65,-6.68,-22.857
439.64,-7.2996,-22.857
434.63,-7.9192,-22.857
429.63,-8.5388,-22.857
424.62,-9.1584,-22.857
419.61,-9.778,-22.857
414.6,-10.398,-22.857
409.6,-11.017,-22.857
404.59,-11.637,-22.857
399.58,-12.256,-22.857
394.58,-12.876,-22.857
389.57,-13.496,-22.857
384.56,-14.115,-22.857
379.55,-14.735,-22.857
374.55,-15.354,-22.857
369.54,-15.974,-22.857
364.53,-16.593,-22.857
359.52,-17.213,-22.857
354.52,-17.833,-22.857
349.51,-18.452,-22.857
344.5,-19.072,-22.857
339.5,-19.691,-22.857
334.49,-20.311,-22.857
329.48,-20.931,-22.857
324.47,-21.55,-22.857
319.47,-22.17,-22.857
314.46,-22.789,-22.857
309.45,-23.409,-22.857
304.42,-23.729,-22.86
299.4,-23.239,-22.857
294.38,-22.744,-22.857
289.35,-22.248,-22.857
284.33,-21.752,-22.857
279.31,-21.257,-22.857
274.29,-20.761,-22.857
269.27,-20.266,-22.857
264.25,-19.77,-22.857
259.23,-19.275,-22.857
254.21,-18.779,-22.857
249.19,-18.283,-22.857
244.17,-17.788,-22.857
239.14,-17.292,-22.857
234.12,-16.797,-22.857
229.1,-16.301,-22.857
224.08,-15.806,-22.857
219.06,-15.31,-22.857
214.04,-14.814,-22.857
209.02,-14.319,-22.857
204,-13.823,-22.857
198.98,-13.328,-22.857
193.96,-12.832,-22.857
188.93,-12.337,-22.857
183.91,-11.841,-22.857
178.89,-11.345,-22.857
173.87,-10.85,-22.857
168.92,-9.8701,-22.857
164.75,-7.0259,-22.857
160.59,-4.1817,-22.857
156.42,-1.3375,-22.857
152.25,1.5067,-22.857
148.09,4.3509,-22.857
143.92,7.1951,-22.857
139.75,10.039,-22.857
135.58,12.884,-22.857
131.42,15.728,-22.857
127.25,18.572,-22.857
123.08,21.416,-22.857
119.04,24.438,-22.857
116.72,28.918,-22.857
114.4,33.399,-22.857
112.08,37.879,-22.857
109.76,42.359,-22.857
107.44,46.84,-22.857
105.12,51.32,-22.857
102.8,55.8,-22.857
100.48,60.28,-22.857
98.162,64.761,-22.857
95.842,69.241,-22.857
93.522,73.721,-22.857
442.78,-10.963,-20.952
437.77,-11.582,-20.952
432.77,-12.202,-20.952
427.76,-12.821,-20.952
422.75,-13.441,-20.952
417.74,-14.061,-20.952
412.74,-14.68,-20.952
407.73,-15.3,-20.952
402.72,-15.919,-20.952
397.72,-16.539,-20.952
392.71,-17.159,-20.952
387.7,-17.778,-20.952
382.69,-18.398,-20.952
377.69,-19.017,-20.952
372.68,-19.637,-20.952
367.67,-20.257,-20.952
362.66,-20.876,-20.952
357.66,-21.496,-20.952
352.65,-22.115,-20.952
347.64,-22.735,-20.952
342.64,-23.354,-20.952
337.63,-23.974,-20.952
332.62,-24.594,-20.952
327.61,-25.213,-20.952
322.61,-25.833,-20.952
317.6,-26.452,-20.952
312.59,-27.072,-20.952
307.59,-27.692,-20.952
302.55,-28.011,-20.955
297.53,-27.522,-20.952
292.51,-27.026,-20.952
287.49,-26.531,-20.952
282.47,-26.035,-20.952
277.45,-25.539,-20.952
272.42,-25.044,-20.952
267.4,-24.548,-20.952
262.38,-24.053,-20.952
257.36,-23.557,-20.952
252.34,-23.062,-20.952
247.32,-22.566,-20.952
242.3,-22.07,-20.952
237.28,-21.575,-20.952
232.26,-21.079,-20.952
227.24,-20.584,-20.952
222.21,-20.088,-20.952
217.19,-19.593,-20.952
212.17,-19.097,-20.952
207.15,-18.601,-20.952
202.13,-18.106,-20.952
197.11,-17.61,-20.952
192.09,-17.115,-20.952
187.07,-16.619,-20.952
182.05,-16.124,-20.952
177.02,-15.628,-20.952
172,-15.132,-20.952
167.05,-14.153,-20.952
162.89,-11.309,-20.952
158.72,-8.4644,-20.952
154.55,-5.6202,-20.952
150.39,-2.776,-20.952
146.22,0.068195,-20.952
142.05,2.9124,-20.952
137.88,5.7566,-20.952
133.72,8.6008,-20.952
129.55,11.445,-20.952
125.38,14.289,-20.952
121.21,17.133,-20.952
117.18,20.155,-20.952
114.86,24.636,-20.952
112.54,29.116,-20.952
110.22,33.596,-20.952
107.9,38.077,-20.952
105.58,42.557,-20.952
103.26,47.037,-20.952
100.93,51.517,-20.952
98.615,55.998,-20.952
96.295,60.478,-20.952
93.975,64.958,-20.952
91.654,69.439,-20.952
440.91,-15.245,-19.048
435.91,-15.865,-19.048
430.9,-16.485,-19.048
425.89,-17.104,-19.048
420.88,-17.724,-19.048
415.88,-18.343,-19.048
410.87,-18.963,-19.048
405.86,-19.582,-19.048
400.86,-20.202,-19.048
395.85,-20.822,-19.048
390.84,-21.441,-19.048
385.83,-22.061,-19.048
380.83,-22.68,-19.048
375.82,-23.3,-19.048
370.81,-23.92,-19.048
365.81,-24.539,-19.048
360.8,-25.159,-19.048
355.79,-25.778,-19.048
350.78,-26.398,-19.048
345.78,-27.018,-19.048
340.77,-27.637,-19.048
335.76,-28.257,-19.048
330.75,-28.876,-19.048
325.75,-29.496,-19.048
320.74,-30.115,-19.048
315.73,-30.735,-19.048
310.73,-31.355,-19.048
305.72,-31.974,-19.048
300.68,-32.294,-19.05
295.66,-31.804,-19.048
290.64,-31.309,-19.048
285.62,-30.813,-19.048
280.6,-30.318,-19.048
275.58,-29.822,-19.048
270.56,-29.327,-19.048
265.54,-28.831,-19.048
260.51,-28.335,-19.048
255.49,-27.84,-19.048
250.47,-27.344,-19.048
245.45,-26.849,-19.048
240.43,-26.353,-19.048
235.41,-25.858,-19.048
230.39,-25.362,-19.048
225.37,-24.866,-19.048
220.35,-24.371,-19.048
215.33,-23.875,-19.048
210.3,-23.38,-19.048
205.28,-22.884,-19.048
200.26,-22.389,-19.048
195.24,-21.893,-19.048
190.22,-21.397,-19.048
185.2,-20.902,-19.048
180.18,-20.406,-19.048
175.16,-19.911,-19.048
170.14,-19.415,-19.048
165.19,-18.436,-19.048
161.02,-15.591,-19.048
156.85,-12.747,-19.048
152.69,-9.9029,-19.048
148.52,-7.0587,-19.048
144.35,-4.2145,-19.048
140.18,-1.3703,-19.048
136.02,1.4739,-19.048
131.85,4.3181,-19.048
127.68,7.1623,-19.048
123.51,10.006,-19.048
119.35,12.851,-19.048
115.31,15.873,-19.048
112.99,20.353,-19.048
110.67,24.833,-19.048
108.35,29.314,-19.048
106.03,33.794,-19.048
103.71,38.274,-19.048
101.39,42.754,-19.048
99.068,47.235,-19.048
96.748,51.715,-19.048
94.428,56.195,-19.048
92.107,60.676,-19.048
89.787,65.156,-19.048
439.05,-19.528,-17.143
434.04,-20.148,-17.143
429.03,-20.767,-17.143
424.02,-21.387,-17.143
419.02,-22.006,-17.143
414.01,-22.626,-17.143
409,-23.246,-17.143
404,-23.865,-17.143
398.99,-24.485,-17.143
393.98,-25.104,-17.143
388.97,-25.724,-17.143
383.97,-26.344,-17.143
378.96,-26.963,-17.143
373.95,-27.583,-17.143
368.95,-28.202,-17.143
363.94,-28.822,-17.143
358.93,-29.441,-17.143
353.92,-30.061,-17.143
348.92,-30.681,-17.143
343.91,-31.3,-17.143
338.9,-31.92,-17.143
333.89,-32.539,-17.143
328.89,-33.159,-17.143
323.88,-33.779,-17.143
318.87,-34.398,-17.143
313.87,-35.018,-17.143
308.86,-35.637,-17.143
303.85,-36.257,-17.143
298.82,-36.577,-17.145
293.79,-36.087,-17.143
288.77,-35.592,-17.143
283.75,-35.096,-17.143
278.73,-34.6,-17.143
273.71,-34.105,-17.143
268.69,-33.609,-17.143
263.67,-33.114,-17.143
258.65,-32.618,-17.143
253.63,-32.123,-17.143
248.61,-31.627,-17.143
243.58,-31.131,-17.143
238.56,-30.636,-17.143
233.54,-30.14,-17.143
228.52,-29.645,-17.143
223.5,-29.149,-17.143
218.48,-28.654,-17.143
213.46,-28.158,-17.143
208.44,-27.662,-17.143
203.42,-27.167,-17.143
198.4,-26.671,-17.143
193.37,-26.176,-17.143
188.35,-25.68,-17.143
183.33,-25.185,-17.143
178.31,-24.689,-17.143
173.29,-24.193,-17.143
168.27,-23.698,-17.143
163.32,-22.718,-17.143
159.15,-19.874,-17.143
154.99,-17.03,-17.143
150.82,-14.186,-17.143
146.65,-11.341,-17.143
142.48,-8.4972,-17.143
138.32,-5.653,-17.143
134.15,-2.8088,-17.143
129.98,0.035352,-17.143
125.81,2.8795,-17.143
121.65,5.7237,-17.143
117.48,8.5679,-17.143
113.44,11.59,-17.143
111.12,16.07,-17.143
108.8,20.551,-17.143
106.48,25.031,-17.143
104.16,29.511,-17.143
101.84,33.992,-17.143
99.521,38.472,-17.143
97.201,42.952,-17.143
94.88,47.432,-17.143
92.56,51.913,-17.143
90.24,56.393,-17.143
87.92,60.873,-17.143
437.18,-23.811,-15.238
432.17,-24.43,-15.238
427.16,-25.05,-15.238
422.16,-25.669,-15.238
417.15,-26.289,-15.238
412.14,-26.909,-15.238
407.14,-27.528,-15.238
402.13,-28.148,-15.238
397.12,-28.767,-15.238
392.11,-29.387,-15.238
387.11,-30.007,-15.238
382.1,-30.626,-15.238
377.09,-31.246,-15.238
372.09,-31.865,-15.238
367.08,-32.485,-15.238
362.07,-33.105,-15.238
357.06,-33.724,-15.238
352.06,-34.344,-15.238
347.05,-34.963,-15.238
342.04,-35.583,-15.238
337.03,-36.202,-15.238
332.03,-36.822,-15.238
327.02,-37.442,-15.238
322.01,-38.061,-15.238
317.01,-38.681,-15.238
312,-39.3,-15.238
306.99,-39.92,-15.238
301.98,-40.54,-15.238
296.95,-40.859,-15.241
291.93,-40.37,-15.238
286.91,-39.874,-15.238
281.89,-39.379,-15.238
276.86,-38.883,-15.238
271.84,-38.388,-15.238
266.82,-37.892,-15.238
261.8,-37.396,-15.238
256.78,-36.901,-15.238
251.76,-36.405,-15.238
246.74,-35.91,-15.238
241.72,-35.414,-15.238
236.7,-34.919,-15.238
231.68,-34.423,-15.238
226.65,-33.927,-15.238
221.63,-33.432,-15.238
216.61,-32.936,-15.238
211.59,-32.441,-15.238
206.57,-31.945,-15.238
201.55,-31.45,-15.238
196.53,-30.954,-15.238
191.51,-30.458,-15.238
186.49,-29.963,-15.238
181.47,-29.467,-15.238
176.44,-28.972,-15.238
171.42,-28.476,-15.238
166.4,-27.981,-15.238
161.45,-27.001,-15.238
157.29,-24.157,-15.238
153.12,-21.313,-15.238
148.95,-18.468,-15.238
144.78,-15.624,-15.238
140.62,-12.78,-15.238
136.45,-9.9358,-15.238
132.28,-7.0916,-15.238
128.12,-4.2474,-15.238
123.95,-1.4032,-15.238
119.78,1.441,-15.238
115.61,4.2852,-15.238
111.57,7.3074,-15.238
109.25,11.788,-15.238
106.93,16.268,-15.238
104.61,20.748,-15.238
102.29,25.229,-15.238
99.974,29.709,-15.238
97.654,34.189,-15.238
95.333,38.669,-15.238
93.013,43.15,-15.238
90.693,47.63,-15.238
88.373,52.11,-15.238
86.053,56.591,-15.238
435.31,-28.093,-13.333
430.3,-28.713,-13.333
425.3,-29.333,-13.333
420.29,-29.952,-13.333
415.28,-30.572,-13.333
410.28,-31.191,-13.333
405.27,-31.811,-13.333
400.26,-32.431,-13.333
395.25,-33.05,-13.333
390.25,-33.67,-13.333
385.24,-34.289,-13.333
380.23,-34.909,-13.333
375.23,-35.528,-13.333
370.22,-36.148,-13.333
365.21,-36.768,-13.333
360.2,-37.387,-13.333
355.2,-38.007,-13.333
350.19,-38.626,-13.333
345.18,-39.246,-13.333
340.17,-39.866,-13.333
335.17,-40.485,-13.333
330.16,-41.105,-13.333
325.15,-41.724,-13.333
320.15,-42.344,-13.333
315.14,-42.963,-13.333
310.13,-43.583,-13.333
305.12,-44.203,-13.333
300.12,-44.822,-13.333
295.08,-45.142,-13.336
290.06,-44.652,-13.333
285.04,-44.157,-13.333
280.02,-43.661,-13.333
275,-43.166,-13.333
269.98,-42.67,-13.333
264.96,-42.175,-13.333
259.93,-41.679,-13.333
254.91,-41.183,-13.333
249.89,-40.688,-13.333
244.87,-40.192,-13.333
239.85,-39.697,-13.333
234.83,-39.201,-13.333
229.81,-38.706,-13.333
224.79,-38.21,-13.333
219.77,-37.714,-13.333
214.75,-37.219,-13.333
209.72,-36.723,-13.333
204.7,-36.228,-13.333
199.68,-35.732,-13.333
194.66,-35.237,-13.333
189.64,-34.741,-13.333
184.62,-34.245,-13.333
179.6,-33.75,-13.333
174.58,-33.254,-13.333
169.56,-32.759,-13.333
164.54,-32.263,-13.333
159.59,-31.284,-13.333
155.42,-28.439,-13.333
151.25,-25.595,-13.333
147.08,-22.751,-13.333
142.92,-19.907,-13.333
138.75,-17.063,-13.333
134.58,-14.218,-13.333
130.42,-11.374,-13.333
126.25,-8.5301,-13.333
122.08,-5.6859,-13.333
117.91,-2.8417,-13.333
113.75,0.0024938,-13.333
109.71,3.0247,-13.333
107.39,7.505,-13.333
105.07,11.985,-13.333
102.75,16.466,-13.333
100.43,20.946,-13.333
98.106,25.426,-13.333
95.786,29.906,-13.333
93.466,34.387,-13.333
91.146,38.867,-13.333
88.826,43.347,-13.333
86.506,47.828,-13.333
84.186,52.308,-13.333
433.44,-32.376,-11.429
428.44,-32.996,-11.429
423.43,-33.615,-11.429
418.42,-34.235,-11.429
413.42,-34.854,-11.429
408.41,-35.474,-11.429
403.4,-36.094,-11.429
398.39,-36.713,-11.429
393.39,-37.333,-11.429
388.38,-37.952,-11.429
383.37,-38.572,-11.429
378.37,-39.192,-11.429
373.36,-39.811,-11.429
368.35,-40.431,-11.429
363.34,-41.05,-11.429
358.34,-41.67,-11.429
353.33,-42.289,-11.429
348.32,-42.909,-11.429
343.31,-43.529,-11.429
338.31,-44.148,-11.429
333.3,-44.768,-11.429
328.29,-45.387,-11.429
323.29,-46.007,-11.429
318.28,-46.627,-11.429
313.27,-47.246,-11.429
308.26,-47.866,-11.429
303.26,-48.485,-11.429
298.25,-49.105,-11.429
293.21,-49.425,-11.431
288.19,-48.935,-11.429
283.17,-48.44,-11.429
278.15,-47.944,-11.429
273.13,-47.448,-11.429
268.11,-46.953,-11.429
263.09,-46.457,-11.429
258.07,-45.962,-11.429
253.05,-45.466,-11.429
248.03,-44.971,-11.429
243,-44.475,-11.429
237.98,-43.979,-11.429
232.96,-43.484,-11.429
227.94,-42.988,-11.429
222.92,-42.493,-11.429
217.9,-41.997,-11.429
212.88,-41.502,-11.429
207.86,-41.006,-11.429
202.84,-40.51,-11.429
197.82,-40.015,-11.429
192.79,-39.519,-11.429
187.77,-39.024,-11.429
182.75,-38.528,-11.429
177.73,-38.033,-11.429
172.71,-37.537,-11.429
167.69,-37.041,-11.429
162.67,-36.546,-11.429
157.72,-35.566,-11.429
153.55,-32.722,-11.429
149.38,-29.878,-11.429
145.22,-27.034,-11.429
141.05,-24.19,-11.429
136.88,-21.345,-11.429
132.72,-18.501,-11.429
128.55,-15.657,-11.429
124.38,-12.813,-11.429
120.21,-9.9686,-11.429
116.05,-7.1244,-11.429
111.88,-4.2802,-11.429
107.84,-1.2579,-11.429
105.52,3.2224,-11.429
103.2,7.7026,-11.429
100.88,12.183,-11.429
98.559,16.663,-11.429
96.239,21.144,-11.429
93.919,25.624,-11.429
91.599,30.104,-11.429
89.279,34.584,-11.429
86.959,39.065,-11.429
84.639,43.545,-11.429
82.319,48.025,-11.429
431.58,-36.659,-9.7959
426.57,-37.278,-9.5238
421.56,-37.898,-9.5238
416.56,-38.518,-9.5238
411.55,-39.137,-9.5238
406.54,-39.757,-9.5238
401.53,-40.376,-9.5238
396.53,-40.996,-9.5238
391.52,-41.615,-9.5238
386.51,-42.235,-9.5238
381.51,-42.855,-9.5238
376.5,-43.474,-9.5238
371.49,-44.094,-9.5238
366.48,-44.713,-9.5238
361.48,-45.333,-9.5238
356.47,-45.953,-9.5238
351.46,-46.572,-9.5238
346.46,-47.192,-9.5238
341.45,-47.811,-9.5238
336.44,-48.431,-9.5238
331.43,-49.05,-9.5238
326.43,-49.67,-9.5238
321.42,-50.29,-9.5238
316.41,-50.909,-9.5238
311.4,-51.529,-9.5238
306.4,-52.148,-9.5238
301.39,-52.768,-9.5238
296.38,-53.388,-9.5238
291.35,-53.707,-9.5265
286.33,-53.218,-9.5238
281.31,-52.722,-9.5238
276.28,-52.227,-9.5238
271.26,-51.731,-9.5238
266.24,-51.236,-9.5238
261.22,-50.74,-9.5238
256.2,-50.244,-9.5238
251.18,-49.749,-9.5238
246.16,-49.253,-9.5238
241.14,-48.758,-9.5238
236.12,-48.262,-9.5238
231.1,-47.767,-9.5238
226.07,-47.271,-9.5238
221.05,-46.775,-9.5238
216.03,-46.28,-9.5238
211.01,-45.784,-9.5238
205.99,-45.289,-9.5238
200.97,-44.793,-9.5238
195.95,-44.298,-9.5238
190.93,-43.802,-9.5238
185.91,-43.306,-9.5238
180.89,-42.811,-9.5238
175.86,-42.315,-9.5238
170.84,-41.82,-9.5238
165.82,-41.324,-9.5238
160.8,-40.829,-9.5238
155.85,-39.849,-9.5239
151.69,-37.005,-9.5238
147.52,-34.161,-9.5238
143.35,-31.316,-9.5238
139.18,-28.472,-9.5238
135.02,-25.628,-9.5238
130.85,-22.784,-9.5238
126.68,-19.94,-9.5238
122.51,-17.096,-9.5238
118.35,-14.251,-9.5238
114.18,-11.407,-9.5238
110.01,-8.563,-9.5238
105.97,-5.5406,-9.5238
103.65,-1.0603,-9.5238
101.33,3.42,-9.5238
99.012,7.9003,-9.5238
96.692,12.381,-9.5238
94.372,16.861,-9.5238
92.052,21.341,-9.5238
89.732,25.821,-9.5238
87.412,30.302,-9.5238
85.092,34.782,-9.5238
82.772,39.262,-9.5238
80.451,43.743,-9.5238
429.71,-40.941,-7.619
424.7,-41.561,-7.619
419.7,-42.181,-7.619
414.69,-42.8,-7.619
409.68,-43.42,-7.619
404.67,-44.039,-7.619
399.67,-44.659,-7.619
394.66,-45.279,-7.619
389.65,-45.898,-7.619
384.65,-46.518,-7.619
379.64,-47.137,-7.619
374.63,-47.757,-7.619
369.62,-48.376,-7.619
364.62,-48.996,-7.619
359.61,-49.616,-7.619
354.6,-50.235,-7.619
349.6,-50.855,-7.619
344.59,-51.474,-7.619
339.58,-52.094,-7.619
334.57,-52.714,-7.619
329.57,-53.333,-7.619
324.56,-53.953,-7.619
319.55,-54.572,-7.619
314.54,-55.192,-7.619
309.54,-55.811,-7.619
304.53,-56.431,-7.619
299.52,-57.051,-7.619
294.52,-57.67,-7.619
289.48,-57.99,-7.6217
284.46,-57.5,-7.6191
279.44,-57.005,-7.619
274.42,-56.509,-7.619
269.4,-56.014,-7.619
264.38,-55.518,-7.619
259.35,-55.023,-7.619
254.33,-54.527,-7.619
249.31,-54.032,-7.619
244.29,-53.536,-7.619
239.27,-53.04,-7.619
234.25,-52.545,-7.619
229.23,-52.049,-7.619
224.21,-51.554,-7.619
219.19,-51.058,-7.619
214.17,-50.563,-7.619
209.14,-50.067,-7.619
204.12,-49.571,-7.619
199.1,-49.076,-7.619
194.08,-48.58,-7.619
189.06,-48.085,-7.619
184.04,-47.589,-7.619
179.02,-47.094,-7.619
174,-46.598,-7.619
168.98,-46.102,-7.619
163.96,-45.607,-7.619
158.93,-45.111,-7.619
153.99,-44.132,-7.6191
149.82,-41.288,-7.619
145.65,-38.443,-7.619
141.48,-35.599,-7.619
137.32,-32.755,-7.619
133.15,-29.911,-7.619
128.98,-27.067,-7.619
124.81,-24.222,-7.619
120.65,-21.378,-7.619
116.48,-18.534,-7.619
112.31,-15.69,-7.619
108.14,-12.846,-7.619
104.11,-9.8232,-7.619
101.79,-5.343,-7.619
99.465,-0.86267,-7.619
97.145,3.6176,-7.619
94.825,8.0979,-7.619
92.505,12.578,-7.619
90.185,17.058,-7.619
87.865,21.539,-7.619
85.545,26.019,-7.619
83.225,30.499,-7.619
80.904,34.98,-7.619
78.584,39.46,-7.619
427.84,-45.224,-5.7143
422.84,-45.844,-5.7143
417.83,-46.463,-5.7143
412.82,-47.083,-5.7143
407.81,-47.702,-5.7143
402.81,-48.322,-5.7143
397.8,-48.942,-5.7143
392.79,-49.561,-5.7143
387.79,-50.181,-5.7143
382.78,-50.8,-5.7143
377.77,-51.42,-5.7143
372.76,-52.04,-5.7143
367.76,-52.659,-5.7143
362.75,-53.279,-5.7143
357.74,-53.898,-5.7143
352.74,-54.518,-5.7143
347.73,-55.137,-5.7143
342.72,-55.757,-5.7143
337.71,-56.377,-5.7143
332.71,-56.996,-5.7143
327.7,-57.616,-5.7143
322.69,-58.235,-5.7143
317.68,-58.855,-5.7143
312.68,-59.475,-5.7143
307.67,-60.094,-5.7143
302.66,-60.714,-5.7143
297.66,-61.333,-5.7143
292.65,-61.953,-5.7143
287.61,-62.273,-5.7169
282.59,-61.783,-5.7143
277.57,-61.288,-5.7143
272.55,-60.792,-5.7143
267.53,-60.296,-5.7143
262.51,-59.801,-5.7143
257.49,-59.305,-5.7143
252.47,-58.81,-5.7143
247.45,-58.314,-5.7143
242.42,-57.819,-5.7143
237.4,-57.323,-5.7143
232.38,-56.827,-5.7143
227.36,-56.332,-5.7143
222.34,-55.836,-5.7143
217.32,-55.341,-5.7143
212.3,-54.845,-5.7143
207.28,-54.35,-5.7143
202.26,-53.854,-5.7143
197.24,-53.358,-5.7143
192.21,-52.863,-5.7143
187.19,-52.367,-5.7143
182.17,-51.872,-5.7143
177.15,-51.376,-5.7143
172.13,-50.881,-5.7143
167.11,-50.385,-5.7143
162.09,-49.89,-5.7143
157.07,-49.394,-5.7143
152.12,-48.414,-5.7144
147.95,-45.57,-5.7143
143.78,-42.726,-5.7143
139.62,-39.882,-5.7143
135.45,-37.038,-5.7143
131.28,-34.194,-5.7143
127.11,-31.349,-5.7143
122.95,-28.505,-5.7143
118.78,-25.661,-5.7143
114.61,-22.817,-5.7143
110.45,-19.973,-5.7143
106.28,-17.128,-5.7143
102.24,-14.106,-5.7143
99.918,-9.6256,-5.7143
97.598,-5.1453,-5.7143
95.278,-0.66503,-5.7143
92.958,3.8153,-5.7143
90.638,8.2955,-5.7143
88.318,12.776,-5.7143
85.998,17.256,-5.7143
83.677,21.736,-5.7143
81.357,26.217,-5.7143
79.037,30.697,-5.7143
76.717,35.177,-5.7143
425.98,-49.507,-4.0816
420.97,-50.126,-3.8095
415.96,-50.746,-3.8095
410.95,-51.366,-3.8095
405.95,-51.985,-3.8095
400.94,-52.605,-3.8095
395.93,-53.224,-3.8095
390.93,-53.844,-3.8095
385.92,-54.463,-3.8095
380.91,-55.083,-3.8095
375.9,-55.703,-3.8095
370.9,-56.322,-3.8095
365.89,-56.942,-3.8095
360.88,-57.561,-3.8095
355.88,-58.181,-3.8095
350.87,-58.801,-3.8095
345.86,-59.42,-3.8095
340.85,-60.04,-3.8095
335.85,-60.659,-3.8095
330.84,-61.279,-3.8095
325.83,-61.898,-3.8095
320.82,-62.518,-3.8095
315.82,-63.138,-3.8095
310.81,-63.757,-3.8095
305.8,-64.377,-3.8095
300.8,-64.996,-3.8095
295.79,-65.616,-3.8095
290.78,-66.236,-3.8095
285.75,-66.555,-3.8122
280.73,-66.066,-3.8095
275.7,-65.57,-3.8095
270.68,-65.075,-3.8095
265.66,-64.579,-3.8095
260.64,-64.084,-3.8095
255.62,-63.588,-3.8095
250.6,-63.092,-3.8095
245.58,-62.597,-3.8095
240.56,-62.101,-3.8095
235.54,-61.606,-3.8095
230.52,-61.11,-3.8095
225.49,-60.615,-3.8095
220.47,-60.119,-3.8095
215.45,-59.623,-3.8095
210.43,-59.128,-3.8095
205.41,-58.632,-3.8095
200.39,-58.137,-3.8095
195.37,-57.641,-3.8095
190.35,-57.146,-3.8095
185.33,-56.65,-3.8095
180.31,-56.154,-3.8095
175.28,-55.659,-3.8095
170.26,-55.163,-3.8095
165.24,-54.668,-3.8095
160.22,-54.172,-3.8095
155.2,-53.677,-3.8095
150.25,-52.697,-3.8097
146.08,-49.853,-3.8095
141.92,-47.009,-3.8095
137.75,-44.165,-3.8095
133.58,-41.32,-3.8095
129.41,-38.476,-3.8095
125.25,-35.632,-3.8095
121.08,-32.788,-3.8095
116.91,-29.944,-3.8095
112.75,-27.1,-3.8095
108.58,-24.255,-3.8095
104.41,-21.411,-3.8095
100.37,-18.389,-3.8095
98.051,-13.908,-3.8095
95.731,-9.428,-3.8095
93.411,-4.9477,-3.8095
91.091,-0.4674,-3.8095
88.771,4.0129,-3.8095
86.451,8.4932,-3.8095
84.13,12.973,-3.8095
81.81,17.454,-3.8095
79.49,21.934,-3.8095
77.17,26.414,-3.8095
74.85,30.895,-3.8095
424.11,-53.789,-1.9048
419.1,-54.409,-1.9048
414.09,-55.029,-1.9048
409.09,-55.648,-1.9048
404.08,-56.268,-1.9048
399.07,-56.887,-1.9048
394.07,-57.507,-1.9048
389.06,-58.127,-1.9048
384.05,-58.746,-1.9048
379.04,-59.366,-1.9048
374.04,-59.985,-1.9048
369.03,-60.605,-1.9048
364.02,-61.224,-1.9048
359.02,-61.844,-1.9048
354.01,-62.464,-1.9048
349,-63.083,-1.9048
343.99,-63.703,-1.9048
338.99,-64.322,-1.9048
333.98,-64.942,-1.9048
328.97,-65.562,-1.9048
323.96,-66.181,-1.9048
318.96,-66.801,-1.9048
313.95,-67.42,-1.9048
308.94,-68.04,-1.9048
303.94,-68.659,-1.9048
298.93,-69.279,-1.9048
293.92,-69.899,-1.9048
288.91,-70.518,-1.9048
283.88,-70.838,-1.9074
278.86,-70.349,-1.9048
273.84,-69.853,-1.9048
268.82,-69.357,-1.9048
263.79,-68.862,-1.9048
258.77,-68.366,-1.9048
253.75,-67.871,-1.9048
248.73,-67.375,-1.9048
243.71,-66.88,-1.9048
238.69,-66.384,-1.9048
233.67,-65.888,-1.9048
228.65,-65.393,-1.9048
223.63,-64.897,-1.9048
218.61,-64.402,-1.9048
213.59,-63.906,-1.9048
208.56,-63.411,-1.9048
203.54,-62.915,-1.9048
198.52,-62.419,-1.9048
193.5,-61.924,-1.9048
188.48,-61.428,-1.9048
183.46,-60.933,-1.9048
178.44,-60.437,-1.9048
173.42,-59.942,-1.9048
168.4,-59.446,-1.9048
163.38,-58.95,-1.9048
158.35,-58.455,-1.9048
153.33,-57.959,-1.9048
148.38,-56.979,-1.9049
144.22,-54.136,-1.9048
140.05,-51.292,-1.9048
135.88,-48.447,-1.9048
131.71,-45.603,-1.9048
127.55,-42.759,-1.9048
123.38,-39.915,-1.9048
119.21,-37.071,-1.9048
115.05,-34.226,-1.9048
110.88,-31.382,-1.9048
106.71,-28.538,-1.9048
102.54,-25.694,-1.9048
98.504,-22.671,-1.9048
96.184,-18.191,-1.9048
93.864,-13.711,-1.9048
91.544,-9.2303,-1.9048
89.224,-4.7501,-1.9048
86.903,-0.26978,-1.9048
84.583,4.2105,-1.9048
82.263,8.6908,-1.9048
79.943,13.171,-1.9048
77.623,17.651,-1.9048
75.303,22.132,-1.9048
72.983,26.612,-1.9048
422.24,-58.072,-0
417.23,-58.692,0
412.22,-59.312,0
407.21,-59.932,0
402.2,-60.552,0
397.19,-61.171,0
392.18,-61.791,0
387.18,-62.411,0
382.17,-63.031,0
377.16,-63.651,0
372.15,-64.271,0
367.14,-64.891,0
362.13,-65.51,0
357.12,-66.13,0
352.11,-66.75,0
347.1,-67.37,0
342.09,-67.99,0
337.08,-68.61,0
332.07,-69.23,0
327.06,-69.85,0
322.05,-70.469,0
317.04,-71.089,0
312.03,-71.709,0
307.02,-72.329,0
302.02,-72.949,0
297.01,-73.569,0
292,-74.189,0
286.99,-74.808,0
281.97,-75.123,0
276.95,-74.627,0
271.93,-74.131,0
266.9,-73.636,0
261.88,-73.14,0
256.86,-72.644,0
251.83,-72.148,0
246.81,-71.652,0
241.79,-71.157,0
236.76,-70.661,0
231.74,-70.165,0
226.72,-69.669,0
221.69,-69.174,0
216.67,-68.678,0
211.65,-68.182,0
206.63,-67.686,0
201.6,-67.19,0
196.58,-66.695,0
191.56,-66.199,0
186.53,-65.703,0
181.51,-65.207,0
176.49,-64.711,0
171.46,-64.216,0
166.44,-63.72,0
161.42,-63.224,0
156.39,-62.728,0
151.37,-62.232,0
146.52,-61.264,0
142.35,-58.418,0
138.18,-55.573,0
134.01,-52.727,0
129.84,-49.882,0
125.67,-47.036,0
121.5,-44.191,0
117.33,-41.345,0
113.16,-38.5,0
109,-35.654,0
104.83,-32.809,0
100.66,-29.963,0
96.648,-26.976,0
94.327,-22.494,0
92.006,-18.011,0
89.685,-13.529,0
87.364,-9.0468,0
85.043,-4.5645,0
82.721,-0.082229,0
80.4,4.4001,0
78.079,8.8824,0
75.758,13.365,0
73.437,17.847,0
71.116,22.329,-0
