808,763,764
920,921,965
931,932,976
602,557,558
455,411,456
553,508,509
364,319,320
231,232,276
514,469,470
664,620,665
721,766,765
723,679,724
964,920,965
466,421,422
470,471,515
792,747,748
966,967,1011
711,755,710
918,919,963
749,750,794
696,741,740
376,375,331
568,567,523
710,709,665
774,729,730
506,461,462
705,660,661
333,289,334
437,392,393
326,281,282
385,341,386
230,231,275
274,275,319
323,279,324
410,454,409
434,389,390
772,727,728
630,631,675
733,688,689
555,554,510
524,568,523
723,768,767
963,919,964
863,864,908
995,994,950
920,964,919
868,823,824
874,919,918
870,871,915
879,880,924
1042,1041,997
603,604,648
660,615,616
722,678,723
521,522,566
694,650,695
649,604,605
693,649,694
751,752,796
697,652,653
560,604,559
668,669,713
668,667,623
750,749,705
832,876,831
967,968,1012
970,971,1015
881,882,926
932,933,977
786,830,785
934,933,889
1063,1062,1018
1065,1064,1020
894,939,938
445,490,489
751,750,706
802,803,847
666,710,665
804,805,849
625,626,670
754,709,710
582,583,627
769,770,814
396,440,395
577,622,621
535,534,490
536,491,492
625,624,580
572,616,571
608,652,607
375,374,330
468,423,424
621,620,576
618,662,617
424,423,379
367,366,322
426,381,382
439,394,395
316,272,317
321,276,277
321,322,366
415,371,416
237,281,236
233,234,278
278,234,279
242,286,241
256,301,300
349,350,394
289,244,245
284,328,283
287,331,286
372,371,327
345,301,346
287,243,288
374,419,418
480,524,479
508,463,464
465,464,420
377,333,378
391,390,346
374,375,419
446,445,401
382,337,338
354,355,399
516,471,472
439,440,484
553,509,554
554,509,510
528,573,572
469,513,468
561,562,606
559,603,558
598,553,554
551,506,507
511,555,510
508,507,463
644,599,600
598,554,599
587,543,588
552,508,553
503,458,459
418,419,463
552,507,508
506,505,461
409,364,365
322,323,367
369,324,325
279,280,324
509,508,464
461,416,417
361,406,405
316,361,360
270,271,315
320,275,276
362,407,406
458,502,457
361,362,406
462,417,418
454,498,453
451,407,452
504,505,549
452,407,408
496,451,452
597,598,642
496,495,451
681,680,636
631,586,587
635,680,679
727,683,728
725,681,726
726,681,682
645,646,690
634,589,590
767,768,812
812,857,856
775,730,731
730,685,686
779,780,824
826,871,870
811,766,767
909,910,954
721,722,766
768,769,813
769,725,770
725,680,681
907,906,862
904,903,859
813,857,812
908,953,952
948,903,904
1063,1018,1019
1037,993,1038
947,946,902
1038,994,1039
1039,994,995
1042,997,998
994,949,950
999,998,954
950,949,905
858,813,814
864,865,909
904,905,949
815,859,814
911,955,910
952,997,996
914,958,913
955,954,910
866,822,867
869,870,914
825,826,870
874,875,919
785,830,829
879,834,835
960,915,916
913,868,869
1006,1005,961
1002,957,958
917,961,916
958,957,913
1009,1008,964
1006,961,962
1054,1009,1010
1009,964,965
1011,1010,966
829,830,874
878,879,923
875,830,831
880,881,925
877,878,922
925,969,924
1056,1011,1012
1014,969,970
779,735,780
836,835,791
780,735,736
891,847,892
784,785,829
837,836,792
819,774,775
780,781,825
737,781,736
641,685,640
734,735,779
781,782,826
644,643,599
636,637,681
601,600,556
599,554,555
693,737,692
735,734,690
647,602,603
557,556,512
784,739,740
739,695,740
740,741,785
740,695,696
695,651,696
757,712,713
571,570,526
513,557,512
530,575,574
479,523,478
527,572,571
570,569,525
530,574,529
574,619,618
536,581,580
528,484,529
620,575,576
620,619,575
795,751,796
658,703,702
618,619,663
618,573,574
659,660,704
714,713,669
569,613,568
652,651,607
659,614,615
657,656,612
615,570,571
615,614,570
830,786,831
757,713,758
880,925,924
926,970,925
833,788,789
786,741,742
1015,1016,1060
1015,1014,970
1016,1017,1061
1062,1017,1018
1064,1019,1020
1021,1065,1020
1016,972,1017
1027,1071,1026
1017,972,973
793,794,838
807,806,762
886,887,931
933,934,978
931,887,932
934,935,979
932,887,888
938,939,983
933,932,888
984,940,985
893,892,848
795,796,840
889,933,888
1026,1071,1070
1074,1029,1030
973,972,928
894,895,939
941,986,985
1018,974,1019
1031,1075,1030
976,1020,975
1021,1022,1066
1076,1032,1077
539,583,538
896,851,852
802,846,801
897,852,853
804,849,848
899,944,943
970,969,925
806,850,805
799,798,754
851,850,806
759,758,714
898,897,853
807,852,851
844,845,889
795,839,794
666,667,711
717,718,762
668,713,712
715,670,671
669,668,624
666,665,621
711,667,712
667,622,623
623,578,579
578,577,533
580,581,625
488,533,532
581,582,626
536,580,535
536,492,537
583,582,538
715,671,716
716,761,760
393,349,394
491,446,447
489,444,445
489,488,444
265,310,309
302,346,301
358,359,403
444,399,400
395,350,351
399,355,400
403,404,448
439,438,394
392,391,347
395,394,350
388,344,389
441,440,396
436,391,392
529,484,485
481,436,437
488,487,443
440,439,395
490,534,489
487,442,443
480,436,481
339,384,383
482,481,437
386,431,430
438,437,393
436,392,437
430,431,475
385,429,384
433,478,477
476,431,432
436,435,391
343,387,342
339,340,384
388,343,344
342,297,298
389,344,345
294,339,338
345,346,390
341,340,296
346,347,391
391,435,390
339,383,338
343,342,298
347,348,392
345,300,301
348,393,392
290,245,246
346,302,347
291,290,246
351,307,352
389,345,390
344,300,345
351,350,306
255,300,299
261,306,305
307,262,263
266,310,265
272,273,317
275,274,230
276,275,231
278,277,233
280,236,281
234,235,279
248,293,292
251,296,295
287,286,242
243,244,288
285,284,240
238,239,283
282,281,237
325,281,326
237,238,282
371,370,326
325,280,281
283,282,238
373,329,374
325,370,369
371,372,416
373,372,328
326,282,327
328,372,327
373,418,417
282,283,327
329,330,374
329,373,328
374,418,373
327,283,328
330,331,375
284,283,239
284,329,328
240,284,239
285,329,284
241,286,285
241,285,240
286,331,330
243,287,242
288,332,287
287,332,331
333,334,378
334,289,290
288,244,289
335,290,291
289,245,290
335,380,379
379,380,424
290,335,334
336,292,337
425,380,381
382,338,383
285,330,329
285,286,330
332,376,331
376,420,375
377,376,332
377,422,421
288,333,332
288,289,333
333,377,332
468,424,469
334,379,378
334,335,379
469,424,425
422,377,378
470,425,426
424,380,425
382,381,337
380,335,336
471,426,427
425,381,426
515,514,470
512,467,468
425,470,469
519,475,520
426,471,470
472,428,473
467,422,423
421,376,377
378,423,422
378,379,423
514,513,469
467,423,468
511,510,466
464,419,420
556,555,511
509,465,510
512,511,467
510,465,466
465,420,421
419,375,420
467,466,422
420,376,421
511,466,467
465,421,466
327,371,326
462,418,463
459,414,415
415,370,371
372,417,416
372,373,417
507,506,462
460,416,461
548,504,549
501,500,456
507,462,463
461,417,462
509,464,465
463,419,464
586,585,541
500,499,455
502,458,503
505,506,550
460,505,504
460,461,505
544,543,499
498,497,453
457,501,456
545,546,590
457,502,501
592,548,593
500,455,456
453,452,408
453,409,454
412,367,368
411,412,456
457,412,413
504,503,459
457,456,412
460,459,415
411,366,367
504,459,460
458,414,459
278,323,322
278,279,323
324,369,368
370,414,369
460,415,416
414,370,415
235,280,279
235,236,280
370,325,326
324,280,325
277,276,232
277,322,321
365,320,321
320,276,321
233,277,232
278,322,277
368,367,323
413,414,458
458,457,413
411,367,412
324,368,323
369,414,413
368,413,412
368,369,413
362,363,407
362,318,363
318,319,363
318,274,319
366,365,321
319,275,320
273,228,229
273,318,317
273,274,318
229,274,273
229,230,274
226,270,225
316,317,361
226,271,270
226,227,271
273,272,228
316,360,315
271,316,315
271,272,316
227,272,271
227,228,272
317,362,361
317,318,362
361,405,360
497,452,453
363,408,407
363,364,408
410,409,365
363,319,364
455,454,410
408,364,409
411,410,366
364,320,365
366,410,365
411,455,410
409,453,408
545,500,501
541,540,496
454,499,498
454,455,499
405,406,450
406,451,450
406,407,451
498,542,497
495,450,451
499,543,498
496,452,497
497,541,496
496,540,495
500,544,499
588,543,544
541,585,540
586,630,585
542,586,541
632,588,633
676,675,631
630,586,631
542,587,586
678,634,679
542,543,587
589,634,633
591,590,546
684,639,640
544,589,588
541,497,542
545,589,544
542,498,543
502,546,501
545,590,589
500,545,544
546,547,591
501,546,545
502,503,547
502,547,546
548,549,593
503,548,547
503,504,548
550,594,549
684,640,685
552,597,596
549,505,550
635,591,636
593,594,638
549,594,593
597,553,598
594,639,638
594,595,639
592,591,547
637,638,682
635,636,680
591,592,636
548,592,547
593,638,637
592,637,636
592,593,637
682,681,637
772,728,773
639,683,638
683,684,728
682,727,726
682,683,727
729,728,684
682,638,683
729,684,685
683,639,684
775,774,730
729,685,730
772,771,727
728,729,773
776,821,820
773,729,774
732,776,731
776,777,821
727,771,726
724,680,725
815,770,771
725,726,770
814,813,769
770,726,771
766,722,767
724,768,723
635,679,634
680,724,679
724,769,768
724,725,769
677,633,678
588,589,633
634,678,633
679,723,678
590,635,634
590,591,635
632,676,631
722,723,767
587,632,631
587,588,632
632,677,676
632,633,677
675,676,720
720,721,765
676,721,720
676,677,721
677,722,721
677,678,722
765,766,810
813,858,857
810,766,811
906,861,862
811,767,812
858,902,857
856,811,812
815,816,860
812,768,813
774,818,773
861,816,817
814,859,858
859,815,860
948,904,949
903,858,859
906,905,861
904,859,860
810,811,855
858,903,902
855,811,856
900,901,945
901,856,857
855,856,900
902,901,857
900,856,901
994,993,949
945,901,946
945,946,990
990,991,1035
947,991,946
990,946,991
1035,991,1036
1036,991,992
1038,993,994
992,991,947
947,902,903
946,901,902
948,947,903
948,992,947
1037,992,993
1037,1036,992
993,948,949
993,992,948
906,950,905
951,995,950
952,951,907
952,996,951
908,952,907
953,997,952
996,995,951
1040,1039,995
996,1040,995
1041,996,997
1041,1040,996
1043,1042,998
999,1043,998
999,1044,1043
998,953,954
998,997,953
1000,999,955
1000,1044,999
956,955,911
999,954,955
1001,1000,956
1001,1045,1000
953,908,909
907,862,863
862,861,817
865,910,909
953,909,954
908,864,909
905,860,861
905,904,860
951,906,907
951,950,906
907,863,908
816,861,860
770,815,814
862,817,818
771,816,815
862,818,863
771,772,816
818,819,863
817,772,773
817,816,772
773,818,817
819,864,863
774,819,818
820,864,819
775,820,819
821,822,866
775,776,820
822,823,867
820,821,865
868,912,867
867,823,868
822,778,823
869,824,825
823,778,779
824,869,868
870,915,914
869,825,870
824,780,825
956,911,912
911,866,867
912,913,957
912,868,913
959,914,915
913,869,914
820,865,864
866,910,865
821,866,865
867,912,911
866,911,910
912,957,956
1001,956,957
1000,955,956
1002,1001,957
1045,1044,1000
959,958,914
959,1003,958
1046,1045,1001
1002,1046,1001
1003,1002,958
1047,1046,1002
1047,1002,1003
1048,1003,1004
1049,1005,1050
1004,1003,959
1048,1047,1003
960,959,915
960,1004,959
1049,1004,1005
1049,1048,1004
1005,960,961
1005,1004,960
960,916,961
915,871,916
1007,1006,962
1050,1005,1006
917,962,961
963,1007,962
1050,1006,1051
1052,1007,1008
1051,1006,1007
1051,1007,1052
1052,1008,1053
1055,1054,1010
1053,1008,1009
1053,1009,1054
1008,963,964
1008,1007,963
1010,965,966
1010,1009,965
1056,1055,1011
1055,1010,1011
830,875,874
876,921,920
875,920,919
921,966,965
875,876,920
922,966,921
962,917,918
916,871,872
962,918,963
917,916,872
873,874,918
871,826,827
872,827,828
826,825,781
917,872,873
871,827,872
873,828,829
827,783,828
917,873,918
872,828,873
873,829,874
828,783,784
832,831,787
832,877,876
831,876,875
877,921,876
785,784,740
737,736,692
828,784,829
783,739,784
831,786,787
785,741,786
694,649,650
648,604,649
648,649,693
695,739,694
650,651,695
787,743,788
691,690,646
693,694,738
738,737,693
738,782,737
648,693,692
694,739,738
736,781,780
782,827,826
737,782,781
783,827,782
783,738,739
783,782,738
777,732,733
687,731,686
733,734,778
687,732,731
823,779,824
778,734,779
731,776,775
777,822,821
730,686,731
733,778,777
732,777,776
778,822,777
641,686,685
687,688,732
641,642,686
688,733,732
689,688,644
689,734,733
687,643,688
643,598,599
645,689,644
690,734,689
645,690,689
691,735,690
736,691,692
736,735,691
598,643,642
644,688,643
600,645,644
646,647,691
600,601,645
647,692,691
639,595,640
594,550,595
595,596,640
642,687,686
640,596,641
643,687,642
550,551,595
550,506,551
641,596,597
595,551,596
641,597,642
596,551,552
507,552,551
553,597,552
600,555,556
600,599,555
602,601,557
646,645,601
513,512,468
556,511,512
558,513,514
558,557,513
559,558,514
559,604,603
560,559,515
560,561,605
603,602,558
601,556,557
648,647,603
646,601,602
602,647,646
648,692,647
560,605,604
650,649,605
651,606,607
650,605,606
696,651,652
650,606,651
516,515,471
559,514,515
561,560,516
561,606,605
561,516,517
560,515,516
562,561,517
562,607,606
518,562,517
563,607,562
518,563,562
564,609,608
563,608,607
609,654,653
653,652,608
653,654,698
609,653,608
654,655,699
610,654,609
655,700,699
563,564,608
610,655,654
656,655,611
656,700,655
612,656,611
657,658,702
518,519,563
565,609,564
520,565,564
566,610,565
565,610,609
611,655,610
520,521,565
611,610,566
613,612,568
611,566,567
567,568,612
614,659,658
614,569,570
614,613,569
661,616,617
615,571,616
526,527,571
573,617,572
662,706,661
659,615,660
706,705,661
660,616,661
661,617,662
616,572,617
567,612,611
613,657,612
658,657,613
658,659,703
614,658,613
659,704,703
705,704,660
657,701,656
705,749,704
704,749,748
792,748,793
748,703,704
707,751,706
706,750,705
707,706,662
752,753,797
663,708,707
708,753,752
707,752,751
707,708,752
797,841,796
793,749,794
798,799,843
795,750,751
799,844,843
796,752,797
791,746,747
746,701,702
837,792,793
790,745,746
793,748,749
747,703,748
789,745,790
791,747,792
835,790,791
788,743,744
700,701,745
702,703,747
696,697,741
700,745,744
745,701,746
700,656,701
746,702,747
701,657,702
652,697,696
789,744,745
653,698,697
699,744,743
654,699,698
700,744,699
697,742,741
697,698,742
698,743,742
698,699,743
790,834,789
787,742,743
835,834,790
788,744,789
832,787,788
786,742,787
833,832,788
833,877,832
834,833,789
878,877,833
880,879,835
878,833,834
836,791,792
790,746,791
837,881,836
880,835,836
836,881,880
882,883,927
881,926,925
927,971,926
837,882,881
928,884,929
877,922,921
968,969,1013
878,923,922
924,969,968
923,879,924
878,834,879
922,967,966
922,923,967
1058,1057,1013
1011,967,1012
923,968,967
923,924,968
1057,1056,1012
1013,1057,1012
1059,1058,1014
1012,968,1013
1014,1058,1013
1059,1015,1060
1060,1016,1061
1059,1014,1015
1013,969,1014
971,970,926
1022,1021,977
972,971,927
1022,977,978
971,1016,1015
971,972,1016
882,927,926
928,972,927
929,973,928
1022,978,1023
929,974,973
978,979,1023
1061,1017,1062
1018,973,974
1018,1017,973
1064,1063,1019
1066,1065,1021
1019,974,975
1024,1068,1023
1067,1022,1023
1020,1019,975
931,975,930
1070,1025,1026
977,976,932
980,1025,1024
976,1021,1020
976,977,1021
978,977,933
981,982,1026
974,930,975
928,927,883
975,931,976
930,886,931
889,890,934
886,841,842
838,883,882
885,930,929
883,884,928
930,974,929
886,885,841
886,930,885
838,837,793
838,882,837
839,838,794
839,883,838
839,884,883
885,929,884
840,839,795
840,884,839
841,840,796
794,750,795
885,840,841
885,884,840
886,842,887
841,797,842
842,843,887
842,797,798
890,935,934
887,843,888
843,844,888
843,842,798
893,937,892
888,844,889
804,848,803
847,803,848
895,940,939
892,847,848
894,938,893
846,845,801
936,937,981
936,891,892
937,938,982
937,893,938
935,890,891
889,845,890
937,936,892
890,845,846
935,936,980
935,891,936
979,978,934
982,1027,1026
980,979,935
983,1027,982
979,1024,1023
979,980,1024
1022,1067,1066
1024,1025,1069
1067,1023,1068
1068,1024,1069
1069,1025,1070
980,981,1025
1027,1072,1071
1025,981,1026
1028,1072,1027
981,980,936
1028,1027,983
982,981,937
1029,1028,984
983,982,938
1029,985,1030
984,983,939
985,986,1030
984,1028,983
1029,1073,1028
941,985,940
986,1031,1030
987,986,942
987,1031,986
1072,1028,1073
1029,1074,1073
1030,1075,1074
1031,1076,1075
1031,1032,1076
1032,1033,1077
1034,1078,1033
1033,1078,1077
943,987,942
988,1033,1032
987,1032,1031
987,988,1032
943,944,988
989,1033,988
763,718,719
988,987,943
1033,989,1034
988,944,989
940,984,939
985,1029,984
896,941,940
942,986,941
898,943,942
898,899,943
850,849,805
893,848,849
896,940,895
893,849,894
897,941,896
894,849,850
942,941,897
895,851,896
942,897,898
896,852,897
807,808,852
854,898,853
899,898,854
853,852,808
806,761,762
853,808,809
807,763,808
854,853,809
763,762,718
763,807,762
764,763,719
809,808,764
760,715,716
714,669,670
714,715,759
761,805,760
761,716,717
715,714,670
758,759,803
760,805,804
895,850,851
895,894,850
851,806,807
805,761,806
847,846,802
800,755,756
891,846,847
891,890,846
800,756,801
758,803,802
800,844,799
797,753,798
845,844,800
798,753,754
845,800,801
799,755,800
662,663,707
709,753,708
663,664,708
710,755,754
799,754,755
753,709,754
757,756,712
757,801,756
802,757,758
802,801,757
760,759,715
758,713,714
804,759,760
804,803,759
756,711,712
756,755,711
712,667,668
666,622,667
672,716,671
669,624,625
664,663,619
664,709,708
620,664,619
665,709,664
710,666,711
665,620,621
526,482,527
529,573,528
662,618,663
617,573,618
529,574,573
575,619,574
577,621,576
622,666,621
532,533,577
578,622,577
534,535,579
579,624,623
668,623,624
622,578,623
491,535,490
534,578,533
579,580,624
579,535,580
626,625,581
670,669,625
627,672,671
671,670,626
627,671,626
672,673,717
672,628,673
673,718,717
761,717,762
716,672,717
627,628,672
674,718,673
719,718,674
582,627,626
628,629,673
583,628,627
583,584,628
629,628,584
674,673,629
582,537,538
582,581,537
539,538,494
584,583,539
445,446,490
492,493,537
491,536,535
537,581,536
493,492,448
493,538,537
446,491,490
443,398,399
400,445,444
491,447,492
400,401,445
447,448,492
402,447,446
493,449,494
402,403,447
447,403,448
449,493,448
494,538,493
400,355,356
403,402,358
448,404,449
403,359,404
313,268,269
310,311,355
313,314,358
358,314,359
313,269,314
355,354,310
309,264,265
266,311,310
401,357,402
313,312,268
313,358,357
312,356,311
401,402,446
311,356,355
357,358,402
356,401,400
356,357,401
312,357,356
312,313,357
262,307,306
261,305,260
308,352,307
397,398,442
308,353,352
354,399,398
305,306,350
305,304,260
309,308,264
309,353,308
354,309,310
354,353,309
349,304,305
303,259,304
349,305,350
304,259,260
307,351,306
352,396,351
348,349,393
348,304,349
396,395,351
396,397,441
353,397,352
397,442,441
483,438,439
438,393,394
442,486,441
484,440,485
487,486,442
485,440,441
352,397,396
443,399,444
353,398,397
353,354,398
488,443,444
442,398,443
489,533,488
486,485,441
576,575,531
532,487,488
578,534,579
533,489,534
575,530,531
529,485,530
531,486,487
530,485,486
576,531,532
530,486,531
576,532,577
531,487,532
526,525,481
481,525,480
522,478,523
526,570,525
481,482,526
528,572,527
483,482,438
483,527,482
484,483,439
482,437,438
528,483,484
528,527,483
387,432,431
433,477,432
434,433,389
434,478,433
435,434,390
435,479,434
477,478,522
524,569,568
434,479,478
480,525,524
479,524,523
525,569,524
474,475,519
521,566,565
475,476,520
522,567,566
476,477,521
523,567,522
472,473,517
472,427,428
473,518,517
519,564,563
473,474,518
520,564,519
516,472,517
471,427,472
474,473,429
427,383,428
518,474,519
473,428,429
474,429,430
428,383,384
474,430,475
429,428,384
520,476,521
475,431,476
521,477,522
476,432,477
385,384,340
385,430,429
341,385,340
386,430,385
387,386,342
387,431,386
336,337,381
336,291,292
427,382,383
427,426,382
337,292,293
338,337,293
380,336,381
335,291,336
294,338,293
291,246,247
295,339,294
343,298,299
340,339,295
293,248,249
340,295,296
342,341,297
254,255,299
251,252,296
343,299,344
252,253,297
299,300,344
297,341,296
342,386,341
388,387,343
388,432,387
433,388,389
433,432,388
253,254,298
298,254,299
480,435,436
480,479,435
303,348,347
303,304,348
255,256,300
302,303,347
257,258,302
256,257,301
301,257,302
258,303,302
297,253,298
295,250,251
295,294,250
296,252,297
292,247,248
292,291,247
294,249,250
294,293,249
259,303,258
262,306,261
307,263,308
263,264,308
267,268,312
267,311,266
311,267,312
