 44.8680 -111.6600  -30.0000   27.1349
 40.0760 -110.2800  -25.8480   22.9208
 35.3000 -108.8700  -23.6790   15.4235
 30.5230 -107.4500  -23.3480    7.9253
 25.7460 -106.0300  -23.2480    1.8566
 20.9690 -104.6200  -23.1470    0.0030
 16.1920 -103.2000  -23.0420    0.0057
 11.4150 -101.7900  -22.9080    0.0078
  6.6385 -100.3700  -22.7750    0.0082
  1.8617  -98.9560  -22.5510    0.0074
 -2.9152  -97.5400  -22.1920    0.0067
 -7.6920  -96.1240  -21.6180    0.0069
-12.4690  -94.7090  -20.6780    0.2280
-17.2460  -93.2930  -19.1350    0.7356
-22.0230  -91.8770  -17.0690    1.2656
-26.7990  -90.4620  -16.0400    3.0030
-31.5760  -89.0460  -15.5860    7.9393
-36.3530  -87.6300  -15.3950   13.9713
-41.1300  -86.2150  -15.3310   19.9660
-45.9070  -84.7990  -15.2670   24.9851
-50.6840  -83.3830  -15.2040   27.3329
-55.4600  -81.9680  -15.1400   28.6245
-60.2370  -80.5520  -15.0660   28.8202
-63.2920  -74.4140  -14.8790   25.2417
-68.0690  -72.9990  -14.6370   18.2201
-72.8460  -71.5830  -14.1020   10.7254
-77.6060  -70.1220  -13.0000    6.3254
