1	119.4808	23.5675	-1.5	0	-2.01	0.04	0.04	0.2	-155.091168355969	-47.0778311028835
1	119.5637	23.5652	-1.31	-1.23	2.89	0.11	0.19	0.56	-146.630968361131	-47.4198797190686
1	119.6694	23.5664	-0.66	0.21	-1.42	0.08	0.04	0.21	-135.839209785338	-47.3911246715128
1	120.1247	23.3014	-6.41	0.51	-4.65	0.76	0.45	2.71	-89.5372698987566	-77.0989838359133
1	120.1378	23.3364	-1.651	1.447	-28.193	0.612	0.245	2.249	-88.1741541099186	-73.2306554817882
1	120.1402	23.4508	-0.56	-2.57	-30.22	0.02	0.02	0.15	-87.8532268766901	-60.561824937944
1	120.154	23.4607	-1.301	-1.073	-16.625	1.102	0.518	4.531	-86.436733349432	-59.4737047767849
1	120.1686	23.2938	-5.15	-1.26	-22.25	0.17	0.06	0.68	-85.0514780272281	-77.9671588721713
1	120.1719	23.3806	-3.14	1.01	-26.97	0.29	0.07	0.49	-84.6588547830044	-68.3557414902869
1	120.1888	23.3825	-0.717	0.002	-26.534	0.949	0.603	3.621	-82.9299590984166	-68.1551187570161
1	120.1929	23.3406	-3.696	1.044	-21.295	0.97	0.229	3.065	-82.5367360471769	-72.7980114243014
1	120.2008	23.288	-4.197	1.296	-19.449	1.083	0.3	2.491	-81.7610235897567	-78.6280544378586
1	120.2457	23.3354	-5.813	0.718	-11.773	0.593	0.295	1.617	-77.1402862798654	-73.4030685707596
1	120.2509	23.4108	-4.068	1.265	-14.142	1.152	0.417	2.077	-76.5651880893965	-65.0551360647107
1	120.2725	23.2502	-7.3	2.089	-9.529	0.652	0.499	4.008	-74.4469200271805	-82.8530450343349
1	120.2755	23.4178	-5.409	1.675	-8.529	1.203	0.567	2.963	-74.0469587166923	-64.2927182086412
1	120.2793	23.3607	-5.74	1.04	-9.96	0.02	0.01	0.08	-73.6901632996011	-70.6185857415062
1	120.2809	23.2445	NaN	NaN	-2.57633	NaN	NaN	0.596	-73.5904609314678	-83.4886017172752
1	120.2908	23.3933	-5.33	1.47	-3.35	0.03	0.02	0.08	-72.4965884205354	-67.0139107896018
1	120.2914	23.2502	NaN	NaN	-1.75237	NaN	NaN	0.803	-72.5128506650442	-82.8626131529475
1	120.2955	23.255	NaN	NaN	0.17746	NaN	NaN	0.696	-72.0907100236589	-82.3330579538851
1	120.3068	23.4117	-5.891	2.269	-2.532	1.036	0.351	1.896	-70.8512398185938	-64.9840321577971
1	120.3084	23.254	NaN	NaN	2.62292	NaN	NaN	0.564	-70.7712050929634	-82.4501569997966
1	120.3134	23.2498	NaN	NaN	2.43279	NaN	NaN	0.549	-70.2617610003655	-82.917733120583
1	120.3158	23.2401	NaN	NaN	3.8252	NaN	NaN	0.641	-70.0212267163953	-83.9931587343201
1	120.32	23.3039	-6.581	2.589	-3.034	0.754	0.737	3.503	-69.5582687708713	-76.9293679839513
1	120.3205	23.2418	NaN	NaN	2.59978	NaN	NaN	0.565	-69.5393498145482	-83.8071442187306
1	120.3285	23.2361	NaN	NaN	3.7343	NaN	NaN	0.655	-68.7235628161836	-84.4422211748826
1	120.3381	23.2339	NaN	NaN	3.78897	NaN	NaN	0.607	-67.7421838524775	-84.6903783617758
1	120.3483	23.2278	NaN	NaN	3.73974	NaN	NaN	0.344	-66.7013023268356	-85.3706640480753
1	120.3488	23.227	-9.91	1.56	-2.83	0.1	0.04	0.2	-66.6505249452621	-85.4594921634151
1	120.3491	23.2261	-7.4	1.123	-3.67	1.614	0.763	6.983	-66.6202666037141	-85.5593032148992
1	120.3589	23.235	NaN	NaN	2.13352	NaN	NaN	0.538	-65.6128832756665	-84.5781041899293
1	120.359	23.2349	-8.211	3.003	0.176	1.238	0.441	3.232	-65.6026977979478	-84.5892241883621
1	120.3621	23.235	NaN	NaN	3.93095	NaN	NaN	0.597	-65.2853838637909	-84.5795462451536
1	120.3658	23.2363	NaN	NaN	4.17724	NaN	NaN	0.617	-64.9060839331339	-84.4372320206951
1	120.3714	23.2366	NaN	NaN	3.92898	NaN	NaN	0.806	-64.3328215670188	-84.4064993348397
1	120.3722	23.2579	-8.787	2.879	1.561	0.995	0.522	2.344	-64.2407458519768	-82.0479162771614
1	120.3736	23.2572	-10.3	1.9	-2.2	0.11	0.03	0.16	-64.0978239291995	-82.1260592584866
1	120.3751	23.2381	NaN	NaN	4.84468	NaN	NaN	0.564	-63.9534399118299	-84.2420114874302
1	120.3786	23.237	NaN	NaN	6.91603	NaN	NaN	0.609	-63.5957668059661	-84.365371364995
1	120.3815	23.2355	NaN	NaN	8.84596	NaN	NaN	0.556	-63.299682190582	-84.5327602649221
1	120.3851	23.2362	NaN	NaN	3.25471	NaN	NaN	4.018	-62.9309182460918	-84.4568012480352
1	120.3864	23.2944	-6.568	3.042	-2.236	2.38	0.828	5.795	-62.7706078314165	-78.0118144586192
1	120.3991	23.2309	NaN	NaN	6.666	NaN	NaN	0.01	-61.5005481392983	-85.0497612626977
1	120.4003	23.2221	-14.579	2.718	7.732	1.466	0.793	5.915	-61.3817547295502	-86.0248470968098
1	120.4004	23.2222	-17.28	1.65	6.2	0.08	0.03	0.11	-61.3714736800059	-86.013814587856
1	120.4034	23.3158	-8.944	3.267	-5.271	1.14	0.348	2.058	-61.0217731689388	-75.6490576888551
1	120.404	23.3172	-7.42	1.29	-3.94	0.08	0.04	0.23	-60.9597656111944	-75.4942622424317
1	120.4041	23.234	NaN	NaN	11.91352	NaN	NaN	0.599	-60.9874055882438	-84.7085519335599
1	120.4102	23.2344	NaN	NaN	7.43602	NaN	NaN	7.238	-60.3629244414329	-84.6668012400414
1	120.4141	23.353	-9.236	0.797	-6.626	0.861	0.67	3.05	-59.9106687634074	-71.5336702152198
1	120.4167	23.2369	NaN	NaN	9.97998	NaN	NaN	0.415	-59.6965752728166	-84.3926192465592
1	120.421	23.2392	NaN	NaN	8.78161	NaN	NaN	5.855	-59.2554878368805	-84.1396612733732
1	120.4292	23.2422	NaN	NaN	8.85137	NaN	NaN	7.687	-58.4149892381422	-83.8107417163784
1	120.4312	23.24	NaN	NaN	-0.95803	NaN	NaN	5.401	-58.2112671164987	-84.0551890527039
1	120.4367	23.3454	-10.039	3.52	-3.463	1.855	0.731	2.537	-57.603018010329	-72.384547527808
1	120.4372	23.2189	-13.486	2.315	-1.105	1.346	0.803	5.733	-57.6062803582673	-86.3943449008161
1	120.4411	23.2364	NaN	NaN	4.92143	NaN	NaN	0.353	-57.1996358158728	-84.4578130229717
1	120.4465	23.266	-18.219	3.15	5.157	2.627	0.68	6.738	-56.6344837931103	-81.1818108496108
1	120.4483	23.2358	NaN	NaN	18.2271	NaN	NaN	9.886	-56.463020492555	-84.5270787877875
1	120.452	23.2732	-20.34	2.81	3.85	0.11	0.03	0.15	-56.0687099907266	-80.3865660153307
1	120.4522	23.2382	NaN	NaN	7.8902	NaN	NaN	3.459	-56.0628793601023	-84.2627969207574
1	120.4569	23.2369	NaN	NaN	-51.62536	NaN	NaN	2.462	-55.5824132218967	-84.4085746493844
1	120.459	23.3093	-14.957	7.202	9.055	1.69	0.555	5.626	-55.3375807764458	-76.3912648097065
1	120.464	23.2102	NaN	NaN	7.34629	NaN	NaN	0.709	-54.866689754618	-87.368209700746
1	120.4647	23.2165	NaN	NaN	7.10688	NaN	NaN	1.305	-54.7924665484851	-86.6707708083757
1	120.4652	23.1981	NaN	NaN	12.6027	NaN	NaN	0.877	-54.7487826075605	-88.7086929809058
1	120.4656	23.238	NaN	NaN	7.70811	NaN	NaN	1.305	-54.6915860069485	-84.2900562785762
1	120.4666	23.1919	NaN	NaN	14.7428	NaN	NaN	0.249	-54.6079794569598	-89.395845755561
1	120.4671	23.2803	-18.687	3.609	0.122	2.098	0.841	6.005	-54.5208680604519	-79.6060178415418
1	120.4686	23.2223	NaN	NaN	8.8585	NaN	NaN	1.098	-54.3909217575151	-86.0299058247994
1	120.4699	23.239	NaN	NaN	9.57858	NaN	NaN	1.14	-54.2511129253316	-84.1809224417608
1	120.4704	23.237	NaN	NaN	9.23532	NaN	NaN	1.179	-54.2007502800059	-84.4026026881761
1	120.4718	23.2357	NaN	NaN	8.93294	NaN	NaN	1.142	-54.0579946096448	-84.5470952546437
1	120.4724	23.1897	NaN	NaN	10.4169	NaN	NaN	0.722	-54.01507800629	-89.641652253651
1	120.4726	23.2294	NaN	NaN	7.54488	NaN	NaN	0.863	-53.9786532665723	-85.2450967845094
1	120.4736	23.3437	-13.578	6.74	6.387	0.992	0.386	1.968	-53.8303293040719	-72.5870389039419
1	120.4812	23.1916	NaN	NaN	6.92357	NaN	NaN	1.215	-53.1133977524393	-89.4344744869378
1	120.4846	23.183	-29.248	3.702	7.41804	1.954	0.758	1.273	-52.7686893142991	-90.3881262017721
1	120.4846	23.183	-29.248	3.702	4.473	1.954	0.758	4.87	-52.7686893142991	-90.3881262017721
1	120.4852	23.1828	NaN	NaN	8.88756	NaN	NaN	2.074	-52.7073375418173	-90.4104927761259
1	120.4855	23.1944	NaN	NaN	7.04935	NaN	NaN	1.176	-52.6720801391592	-89.1259490822221
1	120.4962	23.2195	-24.824	-0.195	10.362	1.414	1.069	3.362	-51.567037698165	-86.3500578671706
1	120.4973	23.2197	-20.87	-2.09	7.56	1.13	0.64	3.38	-51.4543697461468	-86.3282985228565
1	120.4974	23.2197	-25.92	0.93	8.68	0.16	0.04	0.25	-51.4441341852608	-86.3283339255932
1	120.507	23.331	-22.79	5.31	6.76	0.04	0.02	0.08	-50.4196109412568	-74.0055747467318
1	120.5079	23.3309	-23.936	5.971	2.699	2.179	0.618	4.336	-50.3276050527252	-74.016962884758
1	120.5263	23.1868	-31.6	5.41	5.92	0.08	0.05	0.18	-48.497924433662	-89.981801133226
1	120.5372	23.2506	-27.945	8.86	3.213	0.68	0.861	3.722	-47.3594745175548	-82.9198150746213
1	120.5652	23.2493	-27.649	6.321	3.681	2.818	0.99	6.067	-44.4946050276083	-83.0726445795855
1	120.5854	23.2508	-29.18	7.59	6.74	0.05	0.04	0.13	-42.4269996192165	-82.9125743587959
1	120.6229	23.2143	-32.81	5.04	3.339	2.868	0.94	7.517	-38.600039279232	-86.9652355443026
1	120.6665	23.3004	-29.186	4.37	-0.33	0.845	0.728	6.128	-34.1152268458783	-77.4409945414124
1	120.6967	23.2404	-31.98	2.01	-8.09	0.33	0.27	1.4	-31.0398329827085	-84.0924864803168
1	120.6967	23.2404	-31.98	2.01	7.83	0.33	0.27	1.79	-31.0398329827085	-84.0924864803168
1	120.6967	23.2404	-37.96	2.76	-8.09	0.43	0.37	1.4	-31.0398329827085	-84.0924864803168
1	120.6967	23.2404	-37.96	2.76	7.83	0.43	0.37	1.79	-31.0398329827085	-84.0924864803168
1	120.7209	23.2754	-32.46	4.51	3.22	0.04	0.04	0.17	-28.5557437214846	-80.2213895116741
1	120.7642	23.1593	-39.14	5.27	8.49	0.05	0.04	0.15	-24.1464261673306	-93.0866159055047
1	120.7654	23.1603	-39.402	4.567	8.891	0.948	1.081	4.864	-24.0233653608276	-92.9760712697479
1	121.0415	23.1693	-33.72	12.05	6.22	0.06	0.03	0.2	4.24937535235301	-91.998127394929
1	121.1257	23.1324	-32.7	14.95	-0.47	0.04	0.03	0.16	12.8745227775876	-96.0795738386891
1	121.1599	23.0442	-51.936	21.546	-6.523	3.074	0.729	2.817	16.3880644561497	-105.843559329874
1	121.1642	23.0497	-29.18	15.21	-8.99	0.1	0.04	0.18	16.8280856058582	-105.233995352594
1	121.1985	23.0369	-71.762	43.801	-6.982	1.617	1.379	2.023	20.3452515268417	-106.647126416528
1	121.1995	23.1089	-27.95	17.74	-10	0.08	0.03	0.14	20.4368661396746	-98.6735904911594
1	121.206	23.1158	-34.76	18.82	-8.62	0.07	0.02	0.15	21.1016500981671	-97.9085444804726
1	121.2128	23.1212	-54.758	25.436	-19.832	1.334	1.195	1.786	21.7973368810662	-97.309536485499
1	121.2148	23.1248	-47.353	25.031	-13.306	1.134	0.404	1.541	22.0016119801773	-96.9105636631499
1	121.2309	23.1256	-34.32	19.53	-12.85	0.06	0.03	0.12	23.6505670454572	-96.8194506054482
1	121.2374	23.1271	-46.03	44.34	10.03	0.03	0.05	0.14	24.3160765009705	-96.6522681504312
1	121.2405	22.963	-68.558	50.55	-0.476	2.655	1.48	5.021	24.6634588446115	-114.824418421298
1	121.2484	23.1235	-63.366	48.909	6.944	1.38	0.538	3.04	25.4434469324171	-97.0490654884196
1	121.2799	23.103	-64.045	49.822	0.653	1.254	0.436	2.549	28.674320807305	-99.3134479308572
1	121.2823	23.1145	-63.63	48.742	3.801	1.558	0.496	2.977	28.9177254868353	-98.039434784862
1	121.2927	23.0392	-77.4	51.004	-5.404	0.804	0.667	1.011	29.999757692489	-106.376225035975
1	121.3002	23.0752	-43.54	43.38	0.88	0.06	0.03	0.14	30.7602747025972	-102.387956811828
1	121.3045	22.9712	-70.156	51.881	-4.915	2.238	0.663	3.21	31.224816244557	-113.904166118108
1	121.3306	23.0257	-49.3	45.46	1.25	0.05	0.04	0.16	33.8876185562884	-107.862971211899
