78.1568790832328,35.1046125716296,0
77.147308520098,34.1021432693498,0
77.149727324356,33.6590818340805,0
75.1283192646305,31.9866713154815,0
75.1342021063762,30.8790242718073,0
75.1365546036436,30.4359658582053,0
75.1430220869746,29.2175564104479,0
74.1299045359332,28.7691468819045,0
73.1201528658352,27.6562281416066,0
72.1057313483737,27.4294959818665,0
72.1062949814765,27.3187322934832,0
71.0940556536926,26.6490199482712,0
71.1001654354445,25.4306230272493,0
70.0877410249682,24.7609885411664,0
69.0752203066267,24.0914291751784,0
68.0626033193811,23.4219448892914,0
67.0504131842816,22.6417733331991,0
67.0535512488519,21.9771997746325,0
66.043774592,20.643295537456,0
66.0504650975857,19.2033921169705,0
66.0561236446907,17.9850142045599,0
67.0754971555822,17.3251994111253,0
67.0833262646603,15.6637768750826,0
66.0700025058767,14.994457637019,0
66.0741119498364,14.1083688205208,0
65.0606281020709,13.4391262604334,0
65.0631557523181,12.8853223805409,0
64.0470484093777,12.7699584612954,0
64.0475459621732,12.6591978866904,0
64.0490385037622,12.3269162493661,0
63.0338624504017,11.9901050362797,0
63.0358204176932,11.5470637939746,0
62.022971961611,10.6565264418897,0
62.022971961611,10.6565264418897,0
62.0244161003026,10.3242464254011,0
62.0253787651751,10.1027264864956,0
62.0277850974551,9.54892689150331,0
62.0306720740714,8.88436785315798,0
62.0369248616996,7.44449171638236,0
62.0417325300601,6.33689634473739,0
62.0426938374633,6.11537744322988,0
62.045577307115,5.45082108428609,0
63.0695470948792,3.9046386474669,0
64.0892708886313,3.3553610385776,0
64.0912543623957,2.91232372123048,0
64.0927417631918,2.58004588416469,0
65.1105835444196,2.47387642976797,0
65.1131014027137,1.92007967271051,0
65.1141084075071,1.69856107045158,0
65.1151153331419,1.47704252565431,0
65.1166255731694,1.14476481618719,0
65.1176323009029,0.92324641502491,0
64.1031486597747,0.254104646338323,0
64.1076061282805,-0.742725373246587,0
64.1085964625218,-0.964242997396598,0
63.0934425106267,-1.52254920800513,0
63.0929553092312,-1.41179061707288,0
62.0762920705015,-1.63774784823385,0
62.0777299292721,-1.97002307204556,0
62.0786884074533,-2.19153981608653,0
61.0666662146817,-3.52500460127919,0
61.0676084595948,-3.74652066771503,0
61.0694927267066,-4.18955262821828,0
61.0709057321609,-4.52182644778585,0
61.0732603700412,-5.07561585984285,0
61.0765560835037,-5.85092043365454,0
61.0770268254655,-5.96167817248638,0
61.0822037619108,-7.18001235228162,0
61.08314478176,-7.401527471127,0
61.0869081185872,-8.28758737256126,0
61.0892596007442,-8.84137434470467,0
61.0967812245181,-10.613490246129,0
61.0972511681824,-10.7242473680902,0
60.0900547898963,-13.3866952911486,0
60.0965162887924,-14.9372867764975,0
60.0988230994639,-15.4910687694002,0
60.1002069666957,-15.8233377932832,0
59.0883647605945,-17.488885373851,0
59.091989577429,-18.3749326857652,0
59.0933485874354,-18.7072001915304,0
59.0951603493562,-19.1502233321697,0
58.0793990434485,-19.9296429071512,0
58.0820685572482,-20.5941757979502,0
57.0674599775649,-21.7057852116231,0
57.0718279858536,-22.8133361598045,0
57.0766307917331,-24.0316405504676,0
57.0836129445409,-25.8037165753001,0
57.0844854013987,-26.025225821078,0
57.0875384539425,-26.8005077311062,0
57.0914625581099,-27.7972977294598,0
56.0809646432579,-30.1271108415337,0
55.061735678082,-30.2417673353484,0
55.0650951077637,-31.1277973830303,0
55.07181075419,-32.8998547366501,0
55.0726499087614,-33.1213616488868,0
55.0768446774441,-34.2288953537656,0
55.0822953745122,-35.6686870370751,0
55.0831336922179,-35.8901932359334,0
55.0852291935482,-36.4439584835112,0
55.0860672769042,-36.6654644827269,0
54.0684269465326,-37.3338052048694,0
55.0906755384401,-37.8837464590557,0
54.071715751108,-38.219826961417,0
54.0721267777395,-38.3305796168278,0
54.0762361402973,-39.4381053869375,0
54.077879425209,-39.8811152959224,0
53.0619790599626,-41.1031388646351,0
53.0728504007884,-44.0934422887669,0
53.0776783340914,-45.4224627009896,0
53.0808956659828,-46.3084751706296,0
52.0644506686556,-47.5304100485534,0
51.0497647310475,-49.3060239533148,0
51.0559422188857,-51.0780362447283,0
51.0578718693507,-51.6317893393704,0
51.0582577528993,-51.7425399156555,0
51.0621157350379,-52.8500448968692,0
51.067128792131,-54.2897992483528,0
51.0702124468758,-55.1758007331215,0
51.0717539018069,-55.6188011347214,0
51.0732951084342,-56.0618013091735,0
51.0729098300563,-55.9510512868533,0
52.0955426866531,-56.2797125719348,0
52.0975072121732,-56.8334629139578,0
52.0982929115677,-57.0549629514534,0
51.0779172384221,-57.3908004699276,0
51.0809974167641,-58.2767987752316,0
51.0813823692106,-58.3875484995537,0
50.0639074936575,-59.6093087626918,0
50.0673005810638,-60.6060532055784,0
50.072952988267,-62.2672913914627,0
50.073706383911,-62.4887895752689,0
49.0540115308543,-63.1567234207354,0
49.0554870335952,-63.5997188275014,0
49.0591747470173,-64.7072063524649,0
49.0599121108212,-64.9287036874386,0
49.0624924145517,-65.7039439136361,0
48.0428866425297,-66.4825488477907,0
48.0428866425297,-66.4825488477907,0
48.0439689222429,-66.8147938177727,0
48.0461330875089,-67.4792833753693,0
48.0464937306239,-67.5900315854087,0
48.0497388616839,-68.5867648386565,0
47.0302297024248,-69.4760406204416,0
47.0337561832643,-70.583518453502,0
47.0344613079399,-70.8050138502951,0
47.0351663754496,-71.0265091904897,0
47.0362238695261,-71.3587520946708,0
47.037986073812,-71.9124899853669,0
47.0436227263206,-73.6844488595725,0
47.0450313176979,-74.1274380125593,0
47.0471437759249,-74.7919213179858,0
47.047847814307,-75.013415640063,0
46.026449144379,-75.4596192319566,0
46.0271377092713,-75.6811131721915,0
46.0278262182228,-75.9026070558949,0
46.0271377092713,-75.6811131721915,0
46.0271377092713,-75.6811131721915,0
45.0056619744052,-76.1272447158205,0
43.9847823047155,-76.7947978112443,0
43.989384664598,-78.3452489566715,0
43.9900419307326,-78.5667417513515,0
42.9673415690964,-78.6804883832304,0
42.9695879980319,-79.4557119259435,0
42.9737582401773,-80.8954109544732,0
42.9747202903834,-81.2276488528651,0
41.9524544515337,-81.5628137650855,0
41.9540192447938,-82.1165426165216,0
41.9549579677825,-82.4487797579346,0
41.9565222511439,-83.0025080445895,0
41.9580862158037,-83.5562359783339,0
41.9599625526937,-84.2207090330661,0
41.9618384306176,-84.8851815797934,0
41.9630887609094,-85.3281629954355,0
41.9627761974611,-85.2174176626844,0
41.9630887609094,-85.3281629954355,0
41.964026374754,-85.6603989090463,0
41.9646513868993,-85.8818894475929,0
41.965588809489,-86.2141251496353,0
40.9435644948964,-86.7707031923279,0
40.9438692604986,-86.8814482328024,0
40.9438692604986,-86.8814482328024,0
39.9214634806237,-87.3272095224937,0
39.921760566255,-87.4379543999545,0
39.9232458124648,-87.9916785757023,0
39.9244337910918,-88.4346576624583,0
39.926215395118,-89.0991258695981,0
39.9271060333647,-89.4313597828463,0
39.9282933811897,-89.874338136504,0
39.9300740389794,-90.5388052441771,0
40.9548325363027,-90.8682603006719,0
39.9321509210576,-91.3140162286489,0
40.9572666299211,-91.7542160579856,0
40.9590916774849,-92.4186822844843,0
40.9600040332654,-92.7509152076501,0
39.9365993807274,-92.9751802996489,0
40.9615243773337,-93.3046364646974,0
39.938674394277,-93.750389115125,0
39.9389707762466,-93.8611331753087,0
39.9428226375681,-95.3008046768425,0
39.9443035765933,-95.8545238518765,0
40.9697288586359,-96.2947251733889,0
40.9706399075537,-96.6269566191121,0
40.9709435656305,-96.737700406229,0
41.995214490792,-96.7348567997379,0
41.9945919785794,-96.5133690211795,0
43.0188475227688,-96.5104550074065,0
41.9955257277594,-96.8456006679321,0
40.9715508444398,-96.95918793828,0
40.9739794617397,-97.8451375041016,0
39.9499283777484,-97.9586535098742,0
39.9490405425426,-97.6264228487554,0
39.951111988093,-98.4016275278668,0
38.9275916670461,-98.7365594471642,0
38.9290327993608,-99.2902759899992,0
38.9307617678273,-99.9547353775196,0
37.9062702582975,-99.9573657910699,0
37.90542857597,-99.6251364250898,0
37.9059897090384,-99.846622683135,0
36.8815056043815,-99.8491830383002,0
35.8591440948428,-100.737616362181,0
35.8599399530906,-101.069844798405,0
35.8607357132829,-101.402073108101,0
35.8617965743384,-101.845043990892,0
35.8623269394929,-102.066529347952,0
35.8631224055063,-102.398757278134,0
34.8392362828226,-102.733403033629,0
34.8420684911214,-103.951569671933,0
34.844384799748,-104.948250202424,0
34.8446421144423,-105.058992413357,0
33.8212997261351,-105.725791120497,0
33.82254799616,-106.279501148581,0
33.8235464272145,-106.722468918284,0
33.8250437655098,-107.386920151632,0
33.8265407338475,-108.051370879623,0
33.8270396410779,-108.272854343338,0
32.8029469469553,-108.718094748634,0
32.8046396140152,-109.493285500153,0
32.8051231434776,-109.714768445727,0
32.8058483629211,-110.04699275886,0
31.7811354766275,-110.270678211935,0
31.7825402120361,-110.93512584513,0
31.783242449386,-111.267349472345,0
31.7837105593386,-111.488831820354,0
31.7853486399964,-112.264019596612,0
30.7622800977939,-113.373560220334,0
30.7625064296122,-113.484301062905,0
30.7627327520845,-113.595041891456,0
30.7629590652108,-113.705782705987,0
30.763185368991,-113.8165235065,0
30.7643167476981,-114.370227298804,0
29.7390595850864,-114.483028165856,0
29.7397156489073,-114.815250021897,0
29.7401529796119,-115.036731189178,0
29.7403716314113,-115.147471751793,0
29.7405902741753,-115.258212300395,0
29.7410275325968,-115.479693355556,0
29.7412461482543,-115.590433862116,0
28.715476123254,-115.481683064556,0
28.7158982687132,-115.703163928945,0
28.7165314214708,-116.035385120416,0
28.7167424549415,-116.146125489546,0
27.6923664880249,-116.812486524715,0
27.6941971233826,-117.809147874562,0
27.6948071837245,-118.141368072345,0
27.69521384855,-118.362848134167,0
27.69521384855,-118.362848134167,0
27.6958237826833,-118.695068121859,0
27.6964336410893,-119.027287983509,0
26.6714238057384,-119.47209542733,0
26.671815214277,-119.693575027646,0
26.6722065904036,-119.915054571951,0
26.6729892454186,-120.358013492549,0
26.6735761515949,-120.690232536003,0
25.6484227173246,-121.134968254406,0
25.6487988377857,-121.356447313987,0
25.6495509852013,-121.799405265188,0
25.6497390025743,-121.910144717997,0
25.650115013943,-122.131623581634,0
25.6503030079386,-122.242362992458,0
24.6262765369416,-123.462201865565,0
24.6266372982431,-123.683680221341,0
24.6266372982431,-123.683680221341,0
23.6007011162956,-123.796055844742,0
23.6013924604814,-124.239012109704,0
23.6017380895539,-124.460490158249,0
23.6019108933348,-124.571229161539,0
23.602429261656,-124.903446087489,0
23.6027748046848,-125.12492396819,0
23.6032930654491,-125.457140684356,0
22.5772289398438,-125.569445538104,0
22.5768984754129,-125.347967875974,0
22.5765679835465,-125.126490157901,0
22.5765679835465,-125.126490157901,0
21.5506765279296,-125.349464355358,0
21.5508342528098,-125.460203142441,0
21.5508342528098,-125.460203142441,0
21.5509919711428,-125.570941915534,0
20.5249051049732,-125.683107404559,0
20.524754903321,-125.57236869406,0
20.5246046954334,-125.461629969573,0
20.524754903321,-125.57236869406,0
20.5252054895712,-125.904584783592,0
19.499088471656,-126.016680446784,0
19.4992311394867,-126.127419055091,0
19.4995164573765,-126.348896229739,0
19.4998017515707,-126.57037334844,0
19.5000870220689,-126.791850411196,0
18.4741725181716,-127.125352866874,0
18.4743076210073,-127.236091291434,0
18.4747128958397,-127.56830648121,0
18.4749830509985,-127.789783204477,0
18.4755232939642,-128.232736483228,0
18.4756583406738,-128.343474767964,0
18.4761984713833,-128.786427767113,0
18.4763334900282,-128.897165981953,0
18.477008499057,-129.450856846507,0
18.4772784633762,-129.6723330945,0
18.4775484052422,-129.893809286595,0
18.4778183246547,-130.115285422801,0
18.4779532759408,-130.226023469944,0
19.504648127117,-130.33547581007,0
18.4783580961179,-130.558237527546,0
19.505645060076,-131.110641958673,0
19.5057874553678,-131.221379924032,0
19.506072228174,-131.442855812854,0
19.5069264043718,-132.107283144181,0
19.5076380549037,-132.660972202994,0
19.5077803672315,-132.771709972877,0
19.5082072686567,-133.10392319877,0
19.5084918399747,-133.32539861291,0
19.5084918399747,-133.32539861291,0
19.508634116744,-133.436136299045,0
19.5087763875867,-133.546873971223,0
19.5087763875867,-133.546873971223,0
19.5090609114923,-133.768349273713,0
18.4822687529552,-133.769633604101,0
18.481999204071,-133.548158389571,0
18.4822687529552,-133.769633604101,0
18.4826730341709,-134.101846321228,0
17.4564945933189,-134.656748478297,0
17.4568762870887,-134.988960735681,0
17.4581482549397,-136.096334020124,0
17.4594196924317,-137.203705909796,0
16.4329935528988,-137.758535402619,0
16.4334719719788,-138.201483332129,0
15.4064924541435,-138.313294828436,0
14.3808578199964,-139.864614853267,0
13.354430712425,-140.751442989306,0
11.3008066800994,-141.971205911334,0
11.3009708824714,-142.192678523326,0
10.2739831890241,-142.747086729136,0
9.24685360789531,-143.190689005856,0
9.24685360789531,-143.190689005856,0
8.21960457858726,-143.523485617159,0
7.19236294149044,-143.966948765304,0
7.19262395936984,-144.520628508329,0
6.1654641814122,-145.406964999056,0
5.1381477254044,-146.182495527339,0
3.08306749503321,-147.068933592411,0
2.05545282687827,-147.622783962116,0
1.02786043152064,-149.616123801351,0
1.02797947170907,-151.387885487783,0
1.02802409117012,-152.052295203132,0
0,-152.495269245704,0
0,-154.267025134393,0
0,-156.149511872617,0
-1.02837322129438,-157.256820681107,0
-1.02838806258987,-157.478289170512,0
-2.05689482593167,-158.364059233342,0
-3.08567592456596,-160.024897383008,0
-4.11506432751104,-163.125200992695,0
-5.14438552924634,-164.785893175251,0
-5.14497730635313,-166.557624932869,0
-5.14534696387826,-167.664955483885,0
-6.17481537602239,-168.661174111708,0
-6.17556876001389,-170.543630987926,0
-7.20570846620874,-172.425638048561,0
-7.20632807284877,-173.754426107296,0
-8.23627530168559,-174.639769657166,0
-8.23657014611225,-175.193430300752,0
-8.23715964732233,-176.300750554009,0
-9.26759994220123,-177.628950998999,0
-9.26806377052796,-178.404073342437,0
-10.2991730099858,-180.396592042185,0
-10.2999819400206,-181.614637602497,0
-10.3001289775379,-181.836100252787,0
-11.3303842866352,-182.167576173187,0
-11.3312735041177,-183.385619591408,0
-11.3315967526765,-183.82854405829,0
-11.3319199461647,-184.271468305237,0
-12.3634158985719,-185.931646889171,0
-12.3659686352555,-189.142835937367,0
-12.3666722826107,-190.028679160741,0
-11.3374058082009,-191.801146883465,0
-11.3376474648366,-192.133337124118,0
-11.3378890904793,-192.465527241388,0
-11.3385332740002,-193.351366950996,0
-11.3390162669967,-194.015746157624,0
-11.3394186664488,-194.569395119698,0
-11.3399014321331,-195.23377342214,0
-11.3402232070365,-195.676692016516,0
-11.3403036421514,-195.787421630874,0
-11.3404645020478,-196.008880818513,0
-11.3405449268293,-196.119610391794,0
-11.3410274031827,-196.78398754397,0
-11.3413489851923,-197.226905371637,0
-11.3416705120861,-197.669822980316,0
-11.3422330515232,-198.444928268659,0
-11.3423134005201,-198.555657540834,0
-11.3425544268407,-198.88784527528,0
-11.3426347620574,-198.998574492736,0
-11.3429560684729,-199.441491225775,0
-12.3741336866137,-199.440709239678,0
-12.3743089221405,-199.662167579952,0
-12.375184874263,-200.769458460895,0
-12.3752724488028,-200.880187473796,0
-11.3445617736707,-201.656071609117,0
-11.3447222683888,-201.877529346708,0
-11.344962984623,-202.209715850599,0
-11.3452036698451,-202.541902231508,0
-12.3769356508691,-202.984036122228,0
-12.3770231502293,-203.094764861827,0
-12.3771981376719,-203.31622230005,0
-11.3460859169902,-203.759917909538,0
-11.3463264574809,-204.092103716704,0
-12.3781602998113,-204.534237233764,0
-12.3784226287178,-204.866422838027,0
-11.3471280351112,-205.199388853001,0
-11.3472081739193,-205.310117291539,0
-11.3475286946872,-205.753030909187,0
-11.3476889343921,-205.974487636116,0
-12.3792968140253,-205.973707298265,0
-12.3794716059688,-206.19516402653,0
-12.3795589963006,-206.305892370195,0
-12.3796463828724,-206.416620700214,0
-12.3798211447361,-206.638077319315,0
-12.3799085200278,-206.748805608401,0
-12.3801706233425,-207.080990393795,0
-12.3802579835938,-207.191718628306,0
-12.3804326928158,-207.413175056408,0
-12.3805200417864,-207.523903249996,0
-12.380694728447,-207.745359596255,0
-12.3807820661368,-207.856087748925,0
-12.3809567302354,-208.07754401335,0
-12.3810440566441,-208.188272125105,0
-12.3812186981803,-208.409728307705,0
-12.3813060133078,-208.520456378549,0
-12.3813933246747,-208.631184435759,0
-12.3816552362124,-208.963368525576,0
-11.3500108607822,-209.185604043774,0
-11.3500108607822,-209.185604043774,0
-11.3502508946056,-209.517787845112,0
-11.3502508946056,-209.517787845112,0
-11.3503308989854,-209.628515751626,0
-11.3505708914408,-209.96069938938,0
-11.3506508820312,-210.071427241371,0
-11.3508908331175,-210.403610715565,0
-11.3508908331175,-210.403610715565,0
-11.3512906826443,-210.957249566658,0
-11.3513706422069,-211.067977295998,0
-11.3515305509892,-211.289432713801,0
-12.3837493100268,-211.620836827883,0
-12.3837493100268,-211.620836827883,0
-12.3839237183918,-211.842292165477,0
-12.3842724899868,-212.285202677213,0
-12.3845340291889,-212.617385418014,0
-12.3847955345383,-212.949568036258,0
-12.3850570060343,-213.281750531956,0
-12.3852313015571,-213.503205461014,0
-12.385579847463,-213.946115155771,0
-11.3536879697033,-214.279075521777,0
-11.353927527728,-214.611257443319,0
-11.3540872158359,-214.83271198963,0
-11.3543267221344,-215.164893707035,0
-11.3544065506703,-215.275620918955,0
-11.3545661973964,-215.497075301974,0
-11.3548056416213,-215.829256774461,0
-11.3549652538614,-216.050711021432,0
-11.3550450548085,-216.161438124511,0
-11.3552844369573,-216.493619352136,0
-11.3554440078127,-216.715073435878,0
-11.3556035648727,-216.936527465219,0
-11.3556035648727,-216.936527465219,0
-11.3556833382294,-217.047254459491,0
-11.3560023971672,-217.490162300593,0
-11.3561619059423,-217.711616139563,0
-11.3563214009213,-217.933069924146,0
-12.3889750155953,-218.264473271081,0
-12.3890619959407,-218.37520013027,0
-12.3893229144004,-218.707380626283,0
-12.3896707530006,-219.150287764039,0
-12.3898446497234,-219.371741251382,0
-12.3899315924404,-219.482467974673,0
-13.4227081917931,-219.813803677257,0
-13.4227081917931,-219.813803677257,0
-13.4228965310283,-220.035257062613,0
-13.4230848539568,-220.256710393637,0
-13.4232731605781,-220.47816367033,0
-13.4233673077736,-220.588890288303,0
-13.4233673077736,-220.588890288303,0
-13.423743855787,-221.031796624391,0
-13.4241203385692,-221.474702743215,0
-14.4568460517,-221.584517829969,0
-14.4569473971038,-221.695244345138,0
-14.4570487381169,-221.805970846733,0
-14.4571500747392,-221.916697334753,0
-15.4900204674264,-222.137171526457,0
-15.4901290282909,-222.247898009191,0
-15.4902375844509,-222.358624478352,0
-16.5230355136567,-222.468304804428,0
-16.5230355136567,-222.468304804428,0
-16.5232670750983,-222.689757750663,0
-16.5236143796234,-223.021937068258,0
-16.5238458908816,-223.24338987882,0
-16.5241931201304,-223.575568992923,0
-16.5243088531763,-223.686295337162,0
-16.5246560222022,-224.018474288497,0
-16.5255815854468,-224.90428422869,0
-17.5587987140444,-225.235350119359,0
-17.5596588069004,-226.010433103083,0
-17.5602729989512,-226.564063399174,0
-17.5605186384395,-226.785515422761,0
-16.5283563478332,-227.561708843913,0
-16.5284719001888,-227.67243470017,0
-16.5287029898407,-227.893886372047,0
-16.5296271476513,-228.779692517798,0
-16.5298581369033,-229.001143918818,0
-15.497067136855,-229.334364697263,0
-15.4973918877523,-229.666541461513,0
-15.4976083648175,-229.887992569986,0
-15.4981494751129,-230.441620104277,0
-15.4981494751129,-230.441620104277,0
-15.4985822786263,-230.884521888079,0
-15.4989068318384,-231.216698083835,0
-15.4992313426869,-231.548874157809,0
-14.4664542563755,-232.103476226985,0
-14.4665551845287,-232.214201454734,0
-14.4668579426271,-232.546377056813,0
-15.5004208533412,-232.766852054017,0
-15.5004208533412,-232.766852054017,0
-16.533551233769,-232.544358972063,0
-16.5332052243459,-232.212183149372,0
-16.5327438081522,-231.769281863088,0
-16.5327438081522,-231.769281863088,0
-16.5319361365049,-230.994204091263,0
-16.5317053279894,-230.772753177542,0
-17.5648138759562,-230.660917066391,0
-17.5646912455633,-230.550191535278,0
-17.564078013583,-229.996563676715,0
-18.5968689619926,-229.663208468246,0
-18.5959595796832,-228.888128313544,0
-19.6286564539944,-228.554704784206,0
-19.6285192831448,-228.443978907763,0
-19.6287936188827,-228.665430647112,0
-20.6617430648591,-228.553391309434,0
-20.6615986744456,-228.442665385247,0
-20.6613098747936,-228.221213496262,0
-20.6608766282536,-227.889035561252,0
-20.6608766282536,-227.889035561252,0
-21.6943747381668,-228.219832513279,0
-21.6943747381668,-228.219832513279,0
-21.6942231084162,-228.109106498293,0
-21.6936165235277,-227.666202302985,0
-21.6933131915524,-227.444750124101,0
-22.7261685138658,-227.332575245358,0
-23.7593415366557,-227.441785309249,0
-23.7588431510803,-227.109606616312,0
-23.7583447005635,-226.77742780154,0
-23.7583447005635,-226.77742780154,0
-24.7909685966158,-226.554391249993,0
-24.7902749343382,-226.111485635766,0
-24.7897546085754,-225.77930628293,0
-25.8226601521669,-225.777654520982,0
-25.8230214974878,-225.999107556288,0
-25.8232021583843,-226.109834053635,0
-25.8233828114381,-226.220560537443,0
-25.8235634566491,-226.331287007713,0
-26.8566928857322,-226.440294658038,0
-26.8572564256135,-226.77247413422,0
-26.8578198920841,-227.104653488608,0
-26.8581954956134,-227.326106323878,0
-26.8580076979273,-227.215379913008,0
-26.8583832851426,-227.436832721215,0
-26.8589466047875,-227.769011832057,0
-26.8591343616881,-227.87973817528,0
-26.8595098510174,-228.101190821143,0
-26.8602607317868,-228.544095950551,0
-26.8608238067091,-228.876274655598,0
-26.860636123226,-228.765548434106,0
-27.8945160231349,-229.206668650144,0
-27.8951006025462,-229.53884730648,0
-27.8962695326268,-230.203204254181,0
-28.929463574634,-230.201352928685,0
-28.929665581271,-230.312079106695,0
-28.929059535002,-229.979900532124,0
-29.9607740930308,-229.202897443865,0
-29.959727440783,-228.64926539393,0
-29.9593087161909,-228.427812479337,0
-29.9595180830364,-228.538538943393,0
-30.9926036179207,-228.536551892505,0
-30.99152059132,-227.982919075927,0
-30.9889203674365,-226.654198937176,0
-30.9858850600078,-225.104022980541,0
-29.9515557469507,-224.330923801611,0
-29.9498777917885,-223.445107597693,0
-30.9815457069467,-222.889481298791,0
-30.9813286404904,-222.778754072559,0
-30.9811115646247,-222.668026832783,0
-30.9802431670697,-222.225117738267,0
-30.9793746189698,-221.782208427048,0
-30.9793746189698,-221.782208427048,0
-32.0113458215431,-221.447967118746,0
-32.0097746178139,-220.672874496519,0
-32.0091010989591,-220.340691740925,0
-33.0411877157198,-220.117108882691,0
-32.0084274926099,-220.008508863383,0
-33.0393331252912,-219.231286772705,0
-33.0377098318527,-218.456191714998,0
-33.0365500355167,-217.902551981414,0
-33.0351579488017,-217.2381838537,0
-33.0346938396295,-217.016727702648,0
-32.0019114541033,-216.79740142415,0
-32.0014617708145,-216.575945318298,0
-32.0016866173186,-216.686673378006,0
-32.0014617708145,-216.575945318298,0
-32.001236914591,-216.465217245022,0
-32.0010120486482,-216.35448915818,0
-31.9998875731467,-215.800848520451,0
-31.9987628546722,-215.247207543477,0
-31.9983128992518,-215.025751057685,0
-31.9983128992518,-215.025751057685,0
-30.9665460503769,-215.249270895169,0
-30.9661106098615,-215.027814558126,0
-30.9661106098615,-215.027814558126,0
-30.9654573785513,-214.695629950742,0
-30.9637150145853,-213.809803733623,0
-30.9617541356986,-212.813248200398,0
-31.9929104021952,-212.36826899223,0
-31.9926851766836,-212.257540403071,0
-31.9922346965102,-212.036083183993,0
-31.9915589033748,-211.703897253481,0
-30.9595744880304,-211.70596298395,0
-30.9584843115772,-211.152319866116,0
-29.9265361025977,-211.154318227077,0
-29.926325307982,-211.043589634579,0
-29.9256928695994,-210.711403775515,0
-29.925482038627,-210.600675128631,0
-29.9248494911758,-210.268489106396,0
-29.9242168619251,-209.936302961768,0
-29.9235841508764,-209.604116694733,0
-29.9231622980682,-209.382659115365,0
-30.9543394972942,-209.048472918646,0
-30.9534664723276,-208.605557146221,0
-30.9534664723276,-208.605557146221,0
-30.9532481925825,-208.494828169105,0
-30.9528116048887,-208.27337017406,0
-30.9525932969401,-208.162641156129,0
-30.9521566528398,-207.941183079449,0
-30.9512832518287,-207.498266762797,0
-30.9510648780741,-207.387537649613,0
-30.9504097004069,-207.055350228402,0
-30.9501912890502,-206.944621060776,0
-31.981411513503,-206.721093613413,0
-31.980734321402,-206.388905724649,0
-30.9486621463473,-206.169516506246,0
-31.9798312626138,-205.945988349067,0
-31.9798312626138,-205.945988349067,0
-31.9796054736338,-205.83525897114,0
-31.9789280484158,-205.503070755671,0
-31.9784763830394,-205.281611877283,0
-31.9777988121297,-204.949423457576,0
-31.9771211538072,-204.617234915308,0
-31.9766693330304,-204.395775819034,0
-31.9764434080737,-204.285046250467,0
-31.9753136376096,-203.73139820331,0
-31.974635658789,-203.399209211541,0
-31.973731551066,-202.956290365101,0
-31.9730533683043,-202.624101087192,0
-31.9726011979074,-202.402641500446,0
-33.0023399621801,-201.625392086322,0
-33.0018730249723,-201.403932101235,0
-33.0004719727829,-200.739551818813,0
-32.9997713113732,-200.40736149355,0
-32.9988369558378,-199.964440868973,0
-32.9976687859062,-199.410789781406,0
-32.9967340695564,-198.967868665842,0
-32.9955654486206,-198.414216964446,0
-32.9941627727775,-197.749834472508,0
-34.0242642076601,-197.304701080981,0
-34.0237818722346,-197.083239874342,0
-34.0228170773739,-196.640317297289,0
-34.0223346179398,-196.41885592687,0
-34.0216108512856,-196.08666376886,0
-34.0216108512856,-196.08666376886,0
-35.0510753632092,-195.419998201432,0
-35.0500806928061,-194.97707448049,0
-35.0490858520673,-194.534150541089,0
-36.0784030264949,-193.867414083126,0
-37.1081588110101,-193.422070660105,0
-37.1073683330381,-193.089876643735,0
-37.1068412913687,-192.868413897873,0
-37.1049962905004,-192.09329385713,0
-37.1042054067874,-191.761099349052,0
-37.1034144216444,-191.428904718017,0
-37.1020958876782,-190.875246726345,0
-37.100777071977,-190.321588393021,0
-37.0997218165733,-189.87866148033,0
-37.0989302566988,-189.546466152276,0
-37.0978746857744,-189.103538856794,0
-38.1251133808261,-187.772264419702,0
-38.1237563092023,-187.218603730734,0
-39.1513375609298,-186.108720476177,0
-39.149105991024,-185.222860842843,0
-40.1776251203285,-184.555835100883,0
-41.206349327541,-183.999472267405,0
-41.2051739644508,-183.556540766506,0
-42.2331920009459,-182.778641459823,0
-42.2316853283698,-182.2249758078,0
-43.2586359680247,-181.114804959686,0
-43.2577093631049,-180.782604693064,0
-44.284805327365,-179.783095008147,0
-45.3111198534186,-178.562046099769,0
-47.3666457589282,-177.227074609081,0
-49.4235834437597,-176.445495205684,0
-50.4507106640918,-175.66702944474,0
-51.4788393358004,-175.220697949167,0
-51.4788393358004,-175.220697949167,0
-51.477733741504,-174.888492844653,0
-52.5065326154311,-174.663561548133,0
-53.5341515432787,-174.106355039264,0
-54.5616960910658,-173.549078386717,0
-54.5616960910658,-173.549078386717,0
-54.5609143218478,-173.327607176179,0
-54.5609143218478,-173.327607176179,0
-54.5609143218478,-173.327607176179,0
-54.5605234123788,-173.216871550389,0
-55.5891662305167,-172.991731554658,0
-55.5887678943996,-172.880995759052,0
-55.5879711715088,-172.659524126805,0
-55.5871743810768,-172.438052439846,0
-56.6157503180234,-172.212842503279,0
-56.6157503180234,-172.212842503279,0
-56.6145327660801,-171.88063439472,0
-56.6141268810377,-171.76989833118,0
-56.6133150593619,-171.548426163069,0
-57.6426433232856,-171.544618576481,0
-57.6414033177609,-171.212409821144,0
-57.6401631546535,-170.88020094273,0
-57.6401631546535,-170.88020094273,0
-57.6393362917044,-170.658728288736,0
-57.6389228339669,-170.547991941223,0
-58.6673426650557,-170.322641518698,0
-58.6665008577272,-170.101168456156,0
-58.6656589791162,-169.879695338911,0
-58.6656589791162,-169.879695338911,0
-58.66523801308,-169.768958759775,0
-58.6648170292236,-169.658222166962,0
-58.6643960275471,-169.54748556047,0
-58.6635539707342,-169.326012306453,0
-58.6635539707342,-169.326012306453,0
-58.6627118426421,-169.10453899772,0
-58.6622907518667,-168.993802322835,0
-58.6610273726247,-168.661592216093,0
-59.6901631103564,-168.657643824514,0
-59.6893059897181,-168.436170075182,0
-59.6888774022018,-168.32543318,0
-60.7179907055901,-168.32141569924,0
-60.7184266829533,-168.432152735033,0
-60.7184266829533,-168.432152735033,0
-61.7475471058218,-168.428066722759,0
-61.7471037385909,-168.317329543952,0
-61.7462169478597,-168.095855145329,0
-62.7753149251823,-168.091700024711,0
-62.7753149251823,-168.091700024711,0
-62.7757657204403,-168.202437376266,0
-62.7757657204403,-168.202437376266,0
-62.7753149251823,-168.091700024711,0
-62.7748641108555,-167.980962659494,0
-62.7744132774599,-167.87022528061,0
-62.773511553463,-167.648750481847,0
-63.8016631011397,-167.423050941742,0
-63.8012047796783,-167.312313346751,0
-63.8007464388364,-167.201575738097,0
-63.8002880786141,-167.090838115778,0
-64.8274557517755,-166.643593058358,0
-64.8265240279702,-166.422117363132,0
-64.8255922253966,-166.200641613262,0
-64.8255922253966,-166.200641613262,0
-65.8536169884309,-165.974801751548,0
-65.8521968273003,-165.642587484771,0
-65.8507764861364,-165.310373095059,0
-66.8782457326011,-164.973724406286,0
-66.8782457326011,-164.973724406286,0
-66.8777647858631,-164.86298605321,0
-66.8753597474468,-164.309294082956,0
-67.9037163435086,-164.194051624585,0
-67.9027393412409,-163.972574399096,0
-67.9012736831394,-163.640358458443,0
-68.9280899165645,-163.192829456637,0
-68.9270977332835,-162.971351666162,0
-68.9256093013277,-162.63913487804,0
-69.9533354937958,-162.413012809371,0
-69.9518245260645,-162.080795330602,0
-69.9513208276553,-161.970056143708,0
-69.9513208276553,-161.970056143708,0
-69.9513208276553,-161.970056143708,0
-69.9498096049333,-161.637838501103,0
-69.9482981909728,-161.305620735606,0
-70.9769423796304,-161.300906149223,0
-70.9764311224054,-161.190166702468,0
-70.9764311224054,-161.190166702468,0
-70.9733631262874,-160.525729735238,0
-70.9723402884354,-160.304250636937,0
-70.970805869962,-159.972031887076,0
-70.9713173643456,-160.082771484018,0
-70.9713173643456,-160.082771484018,0
-70.9718288371701,-160.193511067306,0
-69.9447708147156,-160.530445471465,0
-69.9477943438226,-161.19488145313,0
-69.9477943438226,-161.19488145313,0
-69.9488020168748,-161.416360004429,0
-68.9196536891668,-161.310266496381,0
-68.9191572520673,-161.199527375788,0
-68.9191572520673,-161.199527375788,0
-67.8924758362968,-161.647060232858,0
-67.8924758362968,-161.647060232858,0
-67.8919868710947,-161.536321312749,0
-68.9181643150615,-160.978049093612,0
-67.8880744070402,-160.650409459842,0
-67.8875852562309,-160.539670416717,0
-68.9176678151554,-160.867309932029,0
-68.9176678151554,-160.867309932029,0
-68.9151850016001,-160.313613919152,0
-68.9136950622517,-159.981396147438,0
-68.9131983739339,-159.870656862865,0
-69.9437628017003,-160.308966701639,0
-69.9422506228256,-159.976748444446,0
-68.9117081833776,-159.538438927138,0
-68.910714618339,-159.316960234973,0
-69.9412423973429,-159.75526953801,0
-69.9397298997724,-159.423051075883,0
-69.9382172109899,-159.090832490778,0
-69.9382172109899,-159.090832490778,0
-70.9682480746619,-159.418333697509,0
-70.9662014503727,-158.975374900006,0
-70.9662014503727,-158.975374900006,0
-70.9646662557999,-158.643155658448,0
-70.9636426849652,-158.421676095766,0
-71.9900167166267,-157.973928396643,0
-71.9894973931749,-157.863188373649,0
-71.9863809932292,-157.198747948817,0
-73.0121154462318,-156.640187885393,0
-73.0110614058299,-156.4187071602,0
-74.0351018366023,-155.527853741138,0
-74.031893555505,-154.863409554989,0
-74.0308239485571,-154.641928050327,0
-75.0535979877723,-153.529517662181,0
-74.0249395024179,-153.423778797808,0
-74.0254745645061,-153.534519707269,0
-74.026009604107,-153.645260603063,0
-74.0270796158459,-153.866742353658,0
-73.0036806390352,-154.86834055374,0
-73.0047353004239,-155.089821661486,0
-73.0073715657923,-155.643524191712,0
-73.0073715657923,-155.643524191712,0
-72.9994611064175,-153.982415576068,0
-72.9978784157833,-153.650193483897,0
-72.9978784157833,-153.650193483897,0
-74.0244044178424,-153.313037874679,0
-74.0227990291942,-152.980815023293,0
-74.0217286576622,-152.759333054024,0
-74.0211934381666,-152.648592048888,0
-74.0206581961849,-152.537851030082,0
-74.0222638546715,-152.870074045494,0
-75.0481720204947,-152.422106218302,0
-75.0481720204947,-152.422106218302,0
-75.0487147198167,-152.532847424174,0
-75.0487147198167,-152.532847424174,0
-75.0492573963404,-152.643588616381,0
-74.0227990291942,-152.980815023293,0
-74.0238693107799,-153.202296937885,0
-74.0238693107799,-153.202296937885,0
-74.0227990291942,-152.980815023293,0
-75.0503426809923,-152.865070959806,0
-75.0498000500656,-152.754329794924,0
-75.0498000500656,-152.754329794924,0
-75.0492573963404,-152.643588616381,0
-76.0773210163252,-152.638516171568,0
-76.077871104306,-152.749257525909,0
-76.077871104306,-152.749257525909,0
-76.0762207710314,-152.417033421912,0
-76.0756706137187,-152.306292026598,0
-76.0745702297627,-152.084809194989,0
-76.0740200031196,-151.974067758694,0
-76.0745702297627,-152.084809194989,0
-77.1031539702086,-152.190408447829,0
-77.1025963308321,-152.079666847037,0
-77.1020386680333,-151.96892523259,0
-77.0998077826185,-151.525958638259,0
-77.09757652246,-151.082991825426,0
-77.09757652246,-151.082991825426,0
-77.0953448875682,-150.640024794066,0
-77.0953448875682,-150.640024794066,0
-77.0936709154868,-150.307799377119,0
-77.0931128779534,-150.197057544149,0
-78.1181844243283,-149.638132831692,0
-78.1159217975409,-149.195164368326,0
-78.1147903417645,-148.973680054685,0
-78.1142245782812,-148.862937877374,0
-78.113658791068,-148.752195686402,0
-78.1125271454529,-148.530711263473,0
-78.1113954049203,-148.309226785893,0
-78.1102635694717,-148.087742253658,0
-78.1091316391082,-147.866257666765,0
-78.1079996138313,-147.64477302521,0
-78.1079996138313,-147.64477302521,0
-78.1074335656007,-147.534030683934,0
-77.079712951662,-147.539249453195,0
-77.0791543286886,-147.428507278533,0
-77.0785956822998,-147.3177650902,0
-77.0774783192763,-147.096280672511,0
-77.0769196026419,-146.985538443152,0
-77.0769196026419,-146.985538443152,0
-77.0763608625928,-146.87479620012,0
-77.0752433122505,-146.653311673026,0
-76.0459278042281,-146.326236383387,0
-76.0442734504976,-145.994009900521,0
-76.0415157322581,-145.44029882202,0
-76.0398608241084,-145.108072010659,0
-76.0393091418585,-144.997329712825,0
-76.0382057080595,-144.77584507609,0
-77.065181144741,-144.659948466847,0
-77.0646219130176,-144.549205936518,0
-76.0376539565108,-144.665102737184,0
-76.0382057080595,-144.77584507609,0
-76.0409641193084,-145.329556565255,0
-76.0426188888562,-145.661783294482,0
-76.0431704325043,-145.772525510183,0
-76.0431704325043,-145.772525510183,0
-76.0426188888562,-145.661783294482,0
-76.0420673221075,-145.551041065093,0
-76.0415157322581,-145.44029882202,0
-76.0420673221075,-145.551041065093,0
-75.0139360087119,-145.445382680479,0
-76.0387574365088,-144.886587401302,0
-75.0101264235683,-144.67018782325,0
-75.0079490164519,-144.227219032061,0
-76.0348948522811,-144.111390837269,0
-76.0343429621391,-144.000648416206,0
-76.0343429621391,-144.000648416206,0
-76.0343429621391,-144.000648416206,0
-76.0343429621391,-144.000648416206,0
-75.0068601761742,-144.005734554268,0
-75.0057712447519,-143.784250021672,0
-76.0332391125603,-143.779163532995,0
-76.0337910488987,-143.889905981448,0
-76.0332391125603,-143.779163532995,0
-76.0326871531238,-143.668421070846,0
-76.0315831649575,-143.446936105459,0
-75.0041376767248,-143.452023120013,0
-75.0025039036294,-143.119796095025,0
-76.0293749114559,-143.003966010317,0
-76.0288227903379,-142.893223452288,0
-76.0282706461232,-142.782480880554,0
-76.0288227903379,-142.893223452288,0
-76.0293749114559,-143.003966010317,0
-76.0288227903379,-142.893223452288,0
-76.0288227903379,-142.893223452288,0
-76.0288227903379,-142.893223452288,0
-76.0293749114559,-143.003966010317,0
-76.0304790844011,-143.225451085284,0
-76.0310311362279,-143.336193602221,0
-76.0315831649575,-143.446936105459,0
-77.0595877740179,-143.552522547613,0
-77.060147216437,-143.663265201135,0
-77.060147216437,-143.663265201135,0
-77.0607066354463,-143.774007840968,0
-76.0343429621391,-144.000648416206,0
-76.0337910488987,-143.889905981448,0
-77.0623847520124,-144.10623567833,0
-77.0618254032341,-143.995493079564,0
-77.0623847520124,-144.10623567833,0
-77.0618254032341,-143.995493079564,0
-77.0618254032341,-143.995493079564,0
-77.0618254032341,-143.995493079564,0
-77.0607066354463,-143.774007840968,0
-77.0595877740179,-143.552522547613,0
-77.0567902107779,-142.998809074639,0
-77.0539920623126,-142.445095259348,0
-77.0534323623943,-142.334352455206,0
-77.052872639068,-142.223609637368,0
-77.0517531221919,-142.002123960606,0
-77.0506335116856,-141.780638229055,0
-77.0500736713215,-141.669895342731,0
-77.0495138075504,-141.559152442712,0
-77.0478340757962,-141.226923660457,0
-78.0734272556621,-140.889465179829,0
-78.0734272556621,-140.889465179829,0
-78.0728597603316,-140.778722004005,0
-78.0717246985173,-140.557235611266,0
-78.0711571320338,-140.446492394351,0
-78.0654801627709,-139.339059471782,0
-78.0643444843246,-139.117572722861,0
-79.0891961960567,-138.669296575727,0
-79.0851675860305,-137.894090864112,0
-79.0817135547215,-137.229628291225,0
-79.0794103866878,-136.786652968551,0
-80.0999882954657,-135.563092737967,0
-80.0976537531924,-135.120115855369,0
-80.0935673673844,-134.344905783085,0
-81.1174412657765,-133.785734562759,0
-81.1133004151848,-133.010522032451,0
-81.1127087665304,-132.899777330433,0
-81.1085665359841,-132.124564032392,0
-81.1073828197729,-131.903074395255,0
-82.1298523483323,-131.122336952605,0
-82.1250551471181,-130.236375576704,0
-82.1202563491214,-129.350413323082,0
-83.1376347350978,-127.683633051099,0
-83.1370268938981,-127.572887310832,0
-83.1358111357268,-127.351395789138,0
-83.1339873090425,-127.019158403697,0
-83.1333793163011,-126.90841258111,0
-83.1315551865399,-126.576175031012,0
-83.127297999819,-125.800953600454,0
-83.1260814334621,-125.579461639621,0
-84.1455432810709,-124.355580846968,0
-85.1617165155083,-122.577890902534,0
-85.1504798086685,-120.584447116153,0
-85.1473570136627,-120.030711941425,0
-85.1467323770545,-119.91996486527,0
-85.1454830262327,-119.698470671748,0
-85.1423591964876,-119.144734947512,0
-85.1398596670791,-118.701746120794,0
-85.1286066633257,-116.7082936791,0
-86.1498102367809,-115.927232684534,0
-86.1441111089722,-114.930502150404,0
-86.1396769883712,-114.155266520462,0
-86.1384098612318,-113.933770502408,0
-87.1632145861746,-113.817120593391,0
-87.161932213589,-113.595624093594,0
-87.1612909875741,-113.484875823073,0
-87.1612909875741,-113.484875823073,0
-87.1593671506431,-113.152630929002,0
-87.1587258187046,-113.041882603475,0
-87.1555187618098,-112.488140769551,0
-88.1776206744846,-111.928423435981,0
-88.1769715018886,-111.81767475731,0
-88.1763223025027,-111.706926064887,0
-88.175023823362,-111.485428638792,0
-88.1743745436075,-111.374679905118,0
-88.1730759037314,-111.153182396511,0
-89.1976753614943,-111.036386948297,0
-89.1963614567626,-110.814888948883,0
-89.1957044637471,-110.704139928557,0
-89.1950474436321,-110.593390894484,0
-89.1943903964178,-110.482641846662,0
-88.1678802726909,-110.267191811934,0
-89.1937333221043,-110.371892785092,0
-89.1950474436321,-110.593390894484,0
-89.1957044637471,-110.704139928557,0
-89.1957044637471,-110.704139928557,0
-90.2176070711876,-110.144276392659,0
-90.2129535253156,-109.369030939184,0
-92.2550604111628,-108.027582967877,0
-94.2967986485181,-106.685842966708,0
-95.3175294266282,-106.014863350752,0
-96.3410128173896,-105.786815212659,0
-96.3403016383829,-105.676064080657,0
-97.3651841503477,-105.669447488633,0
-97.3666216123847,-105.890950184232,0
-97.3659028961574,-105.780198843286,0
-98.386434196263,-105.109002776972,0
-98.3791679310808,-104.001485541804,0
-99.3987948153675,-103.219461038154,0
-99.3907128384214,-102.001186942406,0
-100.4101460625,-101.219084923926,0
-100.403460687455,-100.222311047987,0
-99.3730667514099,-99.3431286127375,0
-99.3671808575736,-98.4571074141164,0
-99.3627651691617,-97.7925909389112,0
-98.3362361315223,-97.4671059417547,0
-98.3340503796437,-97.1348480755921,0
-98.3274915106536,-96.1380737354167,0
-97.3003759137376,-95.701769385519,0
-97.299654476803,-95.5910167816795,0
-97.2974899886209,-95.2587588876651,0
-97.2808867404376,-92.7114442547323,0
-97.276552886676,-92.0469261970203,0
-96.2418782898483,-90.3922761253261,0
-96.2390171317432,-89.9492638716,0
-96.2375863772414,-89.7277576620551,0
-96.233293411959,-89.0632387026627,0
-95.2045925042652,-88.2945470197099,0
-95.1982177953743,-87.2977687525813,0
-94.1682863096623,-86.3075039457206,0
-95.1890057462421,-85.8579759488973,0
-94.164079373923,-85.6429850338508,0
-95.1804979778578,-84.528934367035,0
-94.1542591850271,-84.0924389720099,0
-94.1528558431511,-83.8709321706473,0
-94.1507506157774,-83.5386718649408,0
-94.1500488161043,-83.4279184020601,0
-94.1493469878241,-83.3171649253558,0
-94.1472413313422,-82.9849044122987,0
-94.1388161308933,-81.6558611156818,0
-93.1044638031057,-79.8902568508824,0
-93.0919476013253,-77.8966880322916,0
-93.0891649785189,-77.453672129781,0
-93.0891649785189,-77.453672129781,0
-92.0655322759706,-77.3493089798199,0
-92.0620914558777,-76.7955397767537,0
-92.0593382962825,-76.3525241647019,0
-91.0317041580381,-75.5835698952054,0
-91.027618318769,-74.919046731052,0
-91.023531483771,-74.2545230671444,0
-91.0221689841726,-74.0330150681016,0
-91.021487692887,-73.9222610477512,0
-91.018762251173,-73.4792448274828,0
-91.016036366954,-73.0362283850063,0
-91.0126283894267,-72.4824575193843,0
-91.0078560593931,-71.707177724026,0
-91.0030823743428,-70.9318972477913,0
-89.9738432995696,-69.8306161860838,0
-88.9500916535819,-69.6153007773104,0
-86.9039823648985,-69.405967472057,0
-86.9000713059022,-68.7414445000011,0
-86.8994193703162,-68.6306906225461,0
-86.8981154199288,-68.4091828258186,0
-86.8994193703162,-68.6306906225461,0
-87.9217534626053,-68.6246371008158,0
-87.9164756504764,-67.7386039876419,0
-86.8942029350566,-67.7446591010862,0
-86.8974634051277,-68.2984289065482,0
-86.894855081879,-67.8554130900601,0
-86.892898562201,-67.5231510813111,0
-86.8902894996517,-67.0801348744439,0
-85.8661283655374,-66.7538586362733,0
-86.8876800146615,-66.6371184444616,0
-86.8850701072425,-66.1941017913354,0
-86.8805017528265,-65.4188221113341,0
-86.8818071289468,-65.6403306610855,0
-86.8850701072425,-66.1941017913354,0
-87.9072353653023,-66.1880438935254,0
-87.9026132593759,-65.4127628218812,0
-87.8979898446442,-64.6374810669703,0
-87.8960079805493,-64.3052172485204,0
-87.8940258760789,-63.9729533045315,0
-87.8933651211729,-63.8621986286356,0
-87.8907218344743,-63.4191797855378,0
-87.890060946032,-63.3084250398833,0
-86.865482337907,-62.8714697771843,0
-87.8894000308831,-63.1976702802764,0
-87.8894000308831,-63.1976702802764,0
-87.888078120466,-62.9761607192022,0
-87.8867561032245,-62.7546511023091,0
-87.8841117482745,-62.3116317010573,0
-87.882789410569,-62.0901219166911,0
-87.8814669660454,-61.868612076492,0
-87.880144414705,-61.6471021804573,0
-86.8530644632995,-60.7671296696197,0
-87.8735300558062,-60.53955186262,0
-87.8708835645834,-60.096531344507,0
-87.8708835645834,-60.096531344507,0
-88.8966413952416,-60.7549234405521,0
-89.9157213941769,-60.3056918557451,0
-88.8919562708129,-59.9796361773641,0
-88.8892784625985,-59.5366145770189,0
-87.8662511769584,-59.3212449000871,0
-87.864265467476,-58.9889790715177,0
-87.8636035109166,-58.8782237673858,0
-87.8602933276384,-58.3244470371523,0
-87.85764470045,-57.8814254014413,0
-87.8563202266715,-57.6599144997372,0
-87.8569824769093,-57.7706699575772,0
-87.8563202266715,-57.6599144997372,0
-87.8549956461055,-57.4384035421245,0
-87.8516837275051,-56.8846259034845,0
-86.8295097320093,-56.7799451057335,0
-86.8268904286882,-56.3369234800324,0
-86.8255806187219,-56.1154125832486,0
-86.8242707032206,-55.8939016305049,0
-86.8242707032206,-55.8939016305049,0
-86.8223056320935,-55.5616350964532,0
-87.844395157411,-55.6663138681943,0
-89.891331286891,-56.318483610882,0
-89.8906532785334,-56.207727568015,0
-90.908010131822,-55.5369008420243,0
-90.8929137899402,-53.1002580100353,0
-90.8908541620663,-52.7679880090858,0
-89.8689425897335,-52.6635268190027,0
-89.8689425897335,-52.6635268190027,0
-89.8696214720801,-52.7742833090526,0
-88.8483883460842,-52.7805074765716,0
-88.8457035166488,-52.3374822426993,0
-88.8423468724015,-51.7837003855623,0
-88.8416754625602,-51.6729439721579,0
-87.8218464305096,-51.9006114218169,0
-87.8218464305096,-51.9006114218169,0
-87.8191916107604,-51.4575865409288,0
-87.8172002157438,-51.1253177332419,0
-87.8158724856381,-50.9038051247686,0
-87.8165363640336,-51.0145614360066,0
-87.8145446487918,-50.6822924602762,0
-87.8118886548837,-50.239266963228,0
-87.810560497825,-50.0177541306624,0
-87.8098963792701,-49.9069976933687,0
-87.8085680621103,-49.6854847767537,0
-88.829585469151,-49.6793261375034,0
-88.8282415966632,-49.4578127647772,0
-88.8228650270106,-48.571758713715,0
-88.82152061468,-48.3502450608937,0
-88.8201760943855,-48.1287313520452,0
-88.8174867299113,-47.685703766241,0
-87.7919550925915,-46.9165685897316,0
-88.8127793029819,-46.9104049516778,0
-88.8114340809604,-46.6888908785467,0
-88.7999953353676,-44.8060189932698,0
-87.7773218866848,-44.4799150966373,0
-87.7773218866848,-44.4799150966373,0
-87.7746599166868,-44.0368864593412,0
-88.795282996882,-44.0307176274952,0
-88.7865280033383,-42.5908704105229,0
-88.7858543534254,-42.4801128340883,0
-88.7858543534254,-42.4801128340883,0
-88.7818118873616,-41.8155670808064,0
-88.7811380485885,-41.7048094061428,0
-88.7797902901046,-41.4832940147107,0
-88.7791163703943,-41.3725362979401,0
-88.7784424237054,-41.2617785671343,0
-88.7750722855876,-40.7079897025465,0
-88.7743981770308,-40.5972318875124,0
-88.7723756894975,-40.2649583581777,0
-88.7723756894975,-40.2649583581777,0
-88.7703529591738,-39.9326847024766,0
-88.7690043374105,-39.7111688618001,0
-88.7676556077443,-39.4896529649503,0
-88.7696786617801,-39.821926789159,0
-88.7696786617801,-39.821926789159,0
-88.7669812024481,-39.3788949954619,0
-88.7663067701767,-39.2681370119273,0
-88.7642833115139,-38.9358629770536,0
-88.763608771344,-38.8251049373364,0
-88.76158498899,-38.4928307339072,0
-88.7602356658858,-38.2713145280467,0
-87.7406823943182,-38.3882516429584,0
-87.738681556552,-38.0559778687615,0
-87.7380145573042,-37.9452199159132,0
-87.7380145573042,-37.9452199159132,0
-87.7373475313938,-37.8344619490087,0
-87.7366804788211,-37.7237039680472,0
-87.7360133995863,-37.6129459730259,0
-87.7353462936894,-37.5021879639454,0
-87.7346791611308,-37.3914299408054,0
-87.7346791611308,-37.3914299408054,0
-87.7326776034862,-37.0591557870216,0
-87.7306758058927,-36.726881506688,0
-87.7280063691897,-36.2838489360276,0
-86.707925404697,-36.2899602494985,0
-86.7072657405109,-36.1792022685058,0
-87.7273389433643,-36.1730907582016,0
-86.7046268202742,-35.7361702038077,0
-86.7046268202742,-35.7361702038077,0
-86.703307202063,-35.5146540870144,0
-86.7019874784586,-35.2931379139214,0
-86.7000076954432,-34.9608635487072,0
-85.676758129441,-34.413115801455,0
-85.6754534129605,-34.1915997356068,0
-85.6728436675687,-33.7485674348525,0
-85.6695809000366,-33.1947767418849,0
-84.6490716691432,-33.0899924931359,0
-84.6490716691432,-33.0899924931359,0
-85.667622927104,-32.8625021570021,0
-85.6656647198675,-32.5302274452781,0
-86.6861425750959,-32.6349394440008,0
-86.6835002825717,-32.1919055769755,0
-86.6815182865811,-31.8596300287765,0
-86.6795360535128,-31.5273543537643,0
-86.676231804907,-30.9735612802402,0
-86.6755708761638,-30.8628026232552,0
-86.6749099210803,-30.7520439521753,0
-86.6722658373478,-30.3090091269067,0
-85.6506440141752,-29.9827837734635,0
-85.6493372151002,-29.7612665798834,0
-85.6467233046103,-29.3182320234438,0
-85.6447625984515,-28.9859559579805,0
-85.6434553308763,-28.7644385104597,0
-84.6226102073077,-28.5489028054348,0
-85.639532903515,-28.0998858292343,0
-84.6174419544013,-27.6628337586652,0
-84.6161496340208,-27.4413163557607,0
-84.6135646846857,-26.9982813804718,0
-84.612272055734,-26.7767638080795,0
-83.592858455128,-26.7826769994548,0
-83.5915813000332,-26.5611597491734,0
-83.5896653768665,-26.2288837677459,0
-83.5896653768665,-26.2288837677459,0
-83.5877492250748,-25.8966076591013,0
-83.5877492250748,-25.8966076591013,0
-83.5845551307135,-25.3428138619572,0
-83.5839162356366,-25.2320550601136,0
-83.5819993980001,-24.8997785697438,0
-83.5807213792393,-24.6782608387956,0
-83.5794432588779,-24.4567430512799,0
-83.5794432588779,-24.4567430512799,0
-83.5762475134808,-23.9029483349911,0
-83.5743297614546,-23.5706713354839,0
-83.5736904599822,-23.4599123073554,0
-83.5736904599822,-23.4599123073554,0
-83.5743297614546,-23.5706713354839,0
-83.5762475134808,-23.9029483349911,0
-83.5788041605973,-24.3459841363084,0
-83.5800823317586,-24.5675019521087,0
-83.5788041605973,-24.3459841363084,0
-82.5576674967315,-24.0195534969192,0
-82.5538786966239,-23.355000576388,0
-82.5532471421295,-23.2442417067613,0
-82.5519839578768,-23.0227239250468,0
-82.5500889933408,-22.6904471463078,0
-82.5488255582143,-22.4689292230308,0
-82.549457288321,-22.5796881917474,0
-81.528467168538,-22.2531886537716,0
-81.5309629388671,-22.696223819151,0
-81.5303390334504,-22.5854650490537,0
-80.5106042440179,-22.4804115428113,0
-80.5106042440179,-22.4804115428113,0
-80.5087557062851,-22.1481356514835,0
-80.5093719099963,-22.2588942960987,0
-80.5075232254625,-21.9266183197321,0
-80.5069069483515,-21.8158596325959,0
-80.505674320731,-21.5943422158011,0
-80.5050579702219,-21.4835834861401,0
-80.5038251958067,-21.2620659842908,0
-80.5032087719011,-21.1513072121021,0
-80.5025923235303,-21.0405484257344,0
-80.5019758506945,-20.9297896251912,0
-80.5025923235303,-21.0405484257344,0
-80.5025923235303,-21.0405484257344,0
-79.4823651299243,-20.8246670219833,0
-79.4811476718606,-20.6031497095194,0
-80.4995097147053,-20.4867542812257,0
-79.4793213036063,-20.2708736344266,0
-79.4781036039996,-20.0493561800951,0
-79.4774947179656,-19.938597431645,0
-79.4768858077781,-19.827838669008,0
-79.4756679149433,-19.6063211011646,0
-79.4756679149433,-19.6063211011646,0
-79.4750589322963,-19.4955622959551,0
-79.4744499254965,-19.3848034765575,0
-79.4738408945441,-19.274044642966,0
-79.4738408945441,-19.274044642966,0
-79.4738408945441,-19.274044642966,0
-79.4732318394393,-19.1632857951848,0
-79.4726227601822,-19.0525269332124,0
-79.4714045292118,-18.8310091666868,0
-79.4714045292118,-18.8310091666868,0
-79.470795377499,-18.720250262133,0
-79.4701862016345,-18.609491343385,0
-79.4695770016187,-18.498732410443,0
-79.4695770016187,-18.498732410443,0
-79.4677492566647,-18.1664555264481,0
-78.4495434994115,-18.2827829954987,0
-78.4495434994115,-18.2827829954987,0
-78.448340554442,-18.0612653848745,0
-79.4671399600451,-18.055696536723,0
-79.4671399600451,-18.055696536723,0
-79.466530639275,-17.944937532802,0
-79.4659212943545,-17.8341785146838,0
-79.4653119252839,-17.7234194823678,0
-79.4647025320634,-17.6126604358545,0
-79.463483673173,-17.3911423002301,0
-78.4447311473583,-17.3967122121027,0
-78.4441294960706,-17.2859533002562,0
-78.4447311473583,-17.3967122121027,0
-77.4259782311425,-17.4022102548479,0
-77.4265720445461,-17.5129689775077,0
-77.4259782311425,-17.4022102548479,0
-77.4265720445461,-17.5129689775077,0
-77.4259782311425,-17.4022102548479,0
-77.4247905337449,-17.1806927668906,0
-76.4054667921125,-17.0753606932281,0
-76.4048806998444,-16.9646020863834,0
-76.4048806998444,-16.9646020863834,0
-76.4048806998444,-16.9646020863834,0
-76.4042945843564,-16.8538434653182,0
-76.4037084456486,-16.7430848300301,0
-76.4031222837212,-16.6323261805205,0
-76.4019498902085,-16.4108088388319,0
-76.4013636586234,-16.3000501466541,0
-76.4001911257969,-16.0785327196223,0
-75.3821096963326,-16.194647618716,0
-75.3815312360148,-16.0838890684193,0
-75.3797957176086,-15.7516133321362,0
-76.3978457815225,-15.6354976948581,0
-76.3972593874088,-15.5247389031007,0
-76.3966729700774,-15.4139800971161,0
-76.3960865295285,-15.3032212769033,0
-76.3949135787788,-15.0817035937953,0
-76.3919807956097,-14.5279091370054,0
-76.3919807956097,-14.5279091370054,0
-75.3745879253515,-14.754785354663,0
-75.3769027287647,-15.1978201536661,0
-75.3769027287647,-15.1978201536661,0
-75.3757453728726,-14.9763027826365,0
-75.3728515822681,-14.4225091059238,0
-74.3543086192961,-14.4277960779573,0
-74.3543086192961,-14.4277960779573,0
-74.3537376150865,-14.3170374678428,0
-74.3520244668781,-13.9847615520259,0
-73.3306958487244,-13.4361846058135,0
-73.3284421862779,-12.9931502293244,0
-73.3267517054478,-12.6608742972625,0
-72.3055544313057,-12.1122273315606,0
-72.3038869038178,-11.7799515469725,0
-72.3033310173738,-11.6691929235732,0
-72.3016632262,-11.3369169677634,0
-72.3005512555509,-11.1153995925419,0
-71.276210764207,-9.90213078692256,0
-71.2745654250244,-9.56985462849097,0
-71.2734684239297,-9.34833711812128,0
-71.2729198908909,-9.23757834151,0
-71.2685308468072,-8.35150761432418,0
-70.2428427488338,-6.80589183229072,0
-69.2184369513025,-5.48172350099648,0
-68.1952680467009,-4.37900262859699,0
-68.1926380613178,-3.8252077255339,0
-68.1910598213875,-3.49293061179723,0
-68.1905336999615,-3.38217154523361,0
-68.1894813949369,-3.16065336912324,0
-69.2077610364239,-3.26654153081875,0
-70.2233465576103,-2.81856073091929,0
-69.1970767081501,-1.05135383205042,0
-69.196542270907,-0.940594296670053,0
-69.1960078126337,-0.829834746960246,0
-68.1779005687958,-0.723949648564212,0
-68.1773739293078,-0.613190223690429,0
-68.1768472690993,-0.502430784477115,0
-68.1768472690993,-0.502430784477115,0
-68.1763205881704,-0.391671330927249,0
-67.1582522237642,-0.285714719782884,0
-67.1577333634531,-0.174955388754593,0
-68.1736868727263,0.162126151926463,0
-67.1566955815993,0.0465633163391696,0
-67.1561766600569,0.157322690406057,0
-67.1541007697868,0.600360330151876,0
-67.1535817461949,0.711119775959806,0
-67.1515054477349,1.1541577026924,0
-67.1509863220974,1.26491722025371,0
-66.1320205182815,1.59246269418467,0
-66.128952176922,2.25701946642347,0
-66.1274177349158,2.58929804641938,0
-66.1274177349158,2.58929804641938,0
-65.1050425148038,3.69223055978159,0
-65.1045386661135,3.80299011237602,0
-65.1040347976365,3.91374967934494,0
-65.1020191258627,4.35678809096637,0
-65.1005071642777,4.6890670506298,0
-65.1000031375111,4.79982673260408,0
-64.0823262762598,4.90599346104694,0
-64.0818300864424,5.01675302765931,0
-64.0813338771489,5.12751260865421,0
-64.0803414001341,5.34903181380089,0
-64.0803414001341,5.34903181380089,0
-62.0426938374659,6.11537744322988,0
-62.0417325300627,6.33689634473739,0
-61.0251339596719,6.22175926073759,0
-61.0232427165207,6.66479663000202,0
-61.0227698593661,6.77555600833442,0
-61.0204052953992,7.32935311612724,0
-61.0166210286799,8.21542923793748,0
-59.9996833761284,8.21112154010074,0
-59.9973570383356,8.76491891029386,0
-59.9968917160718,8.87567842759316,0
-59.9968917160718,8.87567842759316,0
-59.9954956398724,9.20795706602484,0
-58.9763409525574,9.75751792905959,0
-58.9767985309947,9.64675842892432,0
-58.975425741909,9.97903697262156,0
-57.9577141931717,10.1963908262825,0
-57.9559149801461,10.6394286810412,0
-57.9550152679456,10.860947695051,0
-57.9545653854238,10.9717072237161,0
-58.9713064067504,10.9758733830513,0
-57.9437629209585,13.6299402448545,0
-57.9419615239489,14.072979890815,0
-59.9745348058166,14.192152226153,0
-59.9698718294837,15.2997551210965,0
-59.9675396577992,15.8535571103353,0
-58.9483947774279,16.5138747422989,0
-57.9266382738377,17.8388262211282,0
-55.8937001313628,17.9414557445082,0
-54.8766015667214,18.1590193518836,0
-54.874892248697,18.6020598650996,0
-54.8731826638162,19.0451006100984,0
-54.8731826638162,19.0451006100984,0
-54.871900300036,19.3773813209713,0
-53.8549197457067,19.5950160896008,0
-53.8540805215396,19.8165364523341,0
-53.8536608849036,19.9272966554453,0
-53.8524018767866,20.2595773517607,0
-53.8519821746785,20.37033761286,0
-53.8511427213592,20.5918581785555,0
-53.8507229701483,20.7026184831524,0
-53.849463618312,21.0348994839422,0
-53.8486239685861,21.25642022364,0
-53.8469444727344,21.6994618770609,0
-52.8313810945306,21.5848861622308,0
-52.8301451196528,21.9171671557183,0
-52.8309691189621,21.6956464788852,0
-52.8297330959123,22.0279275158992,0
-52.8272606162747,22.6924899817049,0
-52.8256119753873,23.1355319158196,0
-52.8227262356873,23.9108558593368,0
-52.8219015941329,24.1323771167066,0
-51.8040781208931,24.682434654276,0
-51.8036736273321,24.7931952612634,0
-51.8008417315416,25.5685199169283,0
-50.7851433385819,25.5648458813914,0
-50.7839532357792,25.8971277532616,0
-50.7827629940573,26.229409755945,0
-51.7959852581889,26.8976495544342,0
-51.7935561713711,27.5622151579885,0
-51.7931512684689,27.6729761427911,0
-52.8070470655902,28.119769683449,0
-51.7903165073761,28.4483034434826,0
-51.7899114785389,28.5590645445965,0
-51.7878860982345,29.1128702682935,0
-51.785455122425,29.7774376166627,0
-51.7850499046992,29.8881988923,0
-50.7633027171699,31.6567009941346,0
-50.7633027171699,31.6567009941346,0
-50.7617124874306,32.0997467192896,0
-50.7597243531045,32.653554203335,0
-48.72667091602,33.4217398244297,0
-48.7281982452356,32.9786942811643,0
-48.7270527705399,33.3109784167541,0
-48.723997519692,34.1970700862648,0
-48.7228515562603,34.5293547028443,0
-47.7070479173381,34.7474132079079,0
-47.7081700927249,34.4151288239099,0
-46.6942045510749,34.079453491898,0
-46.6912758117489,34.9655442887217,0
-46.686880999747,36.2946822346739,0
-46.6865146731718,36.4054438250203,0
-46.6861483324061,36.5162054299624,0
-46.6857819774499,36.6269670494979,0
-46.6854156083034,36.7377286836312,0
-46.6843164157232,37.0700136736034,0
-46.68358354972,37.2915370732379,0
-46.6832170954338,37.4022987949535,0
-46.6832170954338,37.4022987949535,0
-46.6828506269581,37.5130605312654,0
-46.6828506269581,37.5130605312654,0
-46.6821176474383,37.7345840476903,0
-46.6817511363945,37.8453458278019,0
-45.666575486672,37.9527858945632,0
-45.666575486672,37.9527858945632,0
-45.6662169157467,38.0635476018101,0
-45.665858330941,38.1743093236618,0
-45.6654997322548,38.2850710601186,0
-45.665858330941,38.1743093236618,0
-45.665858330941,38.1743093236618,0
-45.6654997322548,38.2850710601186,0
-45.6647824932418,38.5065945768554,0
-45.6647824932418,38.5065945768554,0
-45.6637065306221,38.8388799615117,0
-44.6475580007751,39.2786774247627,0
-44.6472072354726,39.3894392075279,0
-44.6465056641554,39.6109628169026,0
-44.6461548581408,39.721724643512,0
-43.6314727986721,39.7185473642762,0
-43.6307870930387,39.9400708663121,0
-43.6304442203292,40.0508326392604,0
-43.6297584351249,40.2723562290244,0
-43.6294155226304,40.383118045839,0
-43.6290725968743,40.4938798772754,0
-43.628729657857,40.604641723336,0
-43.6283867055783,40.7154035840197,0
-43.6280437400384,40.826165459328,0
-43.6273577691756,41.047689253817,0
-43.6273577691756,41.047689253817,0
-43.6252995383293,41.7122609883081,0
-42.6100905960192,41.9306788734447,0
-42.6094203193586,42.152202770078,0
-42.6084148072316,42.4844887247832,0
-42.6084148072316,42.4844887247832,0
-42.6084148072316,42.4844887247832,0
-42.6074091785436,42.8167748112035,0
-42.6064034332974,43.1490610293505,0
-42.6057328717132,43.3705852479683,0
-42.6053975714954,43.4813473792371,0
-42.6047269322089,43.7028716856885,0
-42.6043915931404,43.8136338608752,0
-42.6037208761533,44.0351582551663,0
-42.602714703549,44.3674449564178,0
-42.6023792867816,44.4782072194537,0
-42.6020438570648,44.5889694971317,0
-42.6020438570648,44.5889694971317,0
-42.6017084143986,44.6997317894529,0
-42.6013729587832,44.8104940964193,0
-42.6010374902186,44.9212564180291,0
-42.6010374902186,44.9212564180291,0
-42.6007020087049,45.0320187542851,0
-41.5860750655744,45.1397453529297,0
-41.5857475466412,45.2505076256226,0
-41.5854200150674,45.3612699129633,0
-41.5854200150674,45.3612699129633,0
-41.5844373445044,45.6935568628943,0
-41.5844373445044,45.6935568628943,0
-41.5841097623697,45.8043192088401,0
-41.583782167595,45.9150815694395,0
-41.5831269401261,46.1366063345945,0
-41.5824716620982,46.3581311583624,0
-40.5679482210708,46.4659299032548,0
-40.5673088518402,46.6874546338087,0
-40.5669891487284,46.7982170210752,0
-40.5663497055123,47.0197418395868,0
-40.5663497055123,47.0197418395868,0
-40.5666694332857,46.9089794229997,0
-40.5666694332857,46.9089794229997,0
-40.5666694332857,46.9089794229997,0
-40.5663497055123,47.0197418395868,0
-40.5660299654082,47.1305042708324,0
-40.5660299654082,47.1305042708324,0
-39.551570170227,47.2383755867837,0
-39.5512583997681,47.3491379590399,0
-39.5506348227838,47.5706627475521,0
-39.5503230162586,47.6814251638066,0
-39.5500111977116,47.7921875947286,0
-39.5493875245524,48.0137125005759,0
-39.5490756699403,48.1244749755002,0
-39.5490756699403,48.1244749755002,0
-39.5484519246517,48.3459999693593,0
-39.5481400339754,48.4567624882938,0
-39.5475162165591,48.6782875701705,0
-39.5472042898193,48.7890501331154,0
-39.5472042898193,48.7890501331154,0
-39.5465804002769,49.0105753030212,0
-39.5462684374745,49.1213379099818,0
-39.5462684374745,49.1213379099818,0
-38.5319601583075,49.2292810457663,0
-38.5313521725886,49.450806161029,0
-38.5310481621608,49.5615687406732,0
-38.5307441400209,49.672331334998,0
-38.5304401061689,49.7830939440019,0
-38.5310481621608,49.5615687406732,0
-38.5313521725886,49.450806161029,0
-37.5164836030545,49.7803472724983,0
-37.5161875588583,49.8911098124158,0
-37.5152993578479,50.2233975202652,0
-36.4996459764704,50.885299090184,0
-36.4990696577904,51.1068243154078,0
-35.4846484522016,51.3257483068351,0
-35.4840880563857,51.5472734910862,0
-35.4829671353225,51.990324035945,0
-35.4821263312751,52.3226120989144,0
-35.4807247754886,52.876425831182,0
-35.4796033367283,53.3194770816162,0
-34.4648128928516,53.7599988566925,0
-34.4645404754838,53.8707616879217,0
-34.4639956093199,54.0922873945066,0
-34.4642680476399,53.9815245338585,0
-34.4631782315041,54.4245760647034,0
-34.4618157256299,54.9783908092535,0
-33.4469121805046,55.5297483406155,0
-32.4279816011705,57.8533885216681,0
-32.4277248438429,57.9641517504125,0
-32.4266977159616,58.4072048127031,0
-32.4241292062879,59.5148384997851,0
-31.4078897498138,60.841686642395,0
-31.4058975517488,61.7277955077516,0
-30.3913593705115,62.3901360666327,0
-30.3896715563401,63.165482243045,0
-30.388948068841,63.497773682864,0
-30.3884656976536,63.7193013832028,0
-30.3875008444297,64.1623569610014,0
-30.3858119956596,64.9377047904919,0
-29.3715534394103,65.600119107943,0
-29.3710868081701,65.8216472382657,0
-29.3692199260844,66.7077603504335,0
-28.3560389140096,66.9271914676069,0
-28.3553627802879,67.2594840272973,0
-28.3544611479859,67.7025409804652,0
-27.3411509850408,68.0328095212481,0
-27.3415857669258,67.8112810484685,0
-26.3295636290292,67.4770380268222,0
-26.3295636290292,67.4770380268222,0
-26.3289356710292,67.8093304486722,0
-25.3154802542345,68.250509999463,0
-25.3136681450311,69.2473880868072,0
-25.3136681450311,69.2473880868072,0
-26.3274701555748,68.5846799505351,0
-26.3272607642112,68.695444224243,0
-25.3130639701187,69.5796810488749,0
-25.3120568580366,70.133502948244,0
-25.3108480696208,70.7980897158318,0
-24.2966740441907,71.7931655254701,0
-24.2960935268263,72.1254593458968,0
-24.2953194002744,72.5685179804514,0
-23.2832008704264,72.4560213336562,0
-23.2819023732011,73.2313740462615,0
-23.2815313102964,73.4529035260468,0
-22.2689367477385,73.6727742515567,0
-22.2689367477385,73.6727742515567,0
-21.2565437374737,73.7819538573157,0
-20.244005378315,74.0019717906604,0
-20.244005378315,74.0019717906604,0
-19.2313458463972,74.3328280176714,0
-19.2314991610094,74.2220633378067,0
-18.2191703455057,74.331463858338,0
-18.2187345761306,74.6637578640278,0
-18.2182987569109,74.9960520031864,0
-18.2180081830735,75.2175815034468,0
-18.2172816515643,75.7714055136734,0
-17.2050737325036,75.8808793969205,0
-17.2046619529704,76.2131739094117,0
-16.1921066761091,76.6550160175973,0
-16.191719015629,76.9873107322096,0
-15.1791311825088,77.5399916144167,0
-15.1791311825088,77.5399916144167,0
-15.1788888255489,77.7615215782606,0
-15.1787676401476,77.8722865824532,0
-15.1776767638995,78.869172288368,0
-15.1773130554319,79.2014677909825,0
-14.1645871304193,80.0865189111825,0
-14.1644739336375,80.197284195231,0
-14.1642475271562,80.4188148078993,0
-13.1517799295059,81.1931751017999,0
-13.151359300485,81.636236802324,0
-12.1393282152605,82.078375076788,0
-12.1392311230557,82.1891405709516,0
-12.1392311230557,82.1891405709516,0
-11.1270946790079,82.8528838996753,0
-11.1270946790079,82.8528838996753,0
-11.1269166259231,83.0744150602906,0
-10.1150551701348,83.5167013810171,0
-10.114731351205,83.9597640260556,0
-10.114245530565,84.6243584399511,0
-11.12593709211,84.2928375071851,0
-11.1260261575504,84.1820717558139,0
-11.1258480232875,84.4036032734345,0
-10.1141645496967,84.735124227678,0
-10.114002578736,84.9566558477763,0
-10.1139215886437,85.0674216801462,0
-10.1128684376614,86.5073788553999,0
-10.1119769040952,87.725806122695,0
-10.1118958371443,87.8365723272518,0
-10.1117336940206,88.0581047810435,0
-9.100414539154,88.2789341366531,0
-9.10012262624184,88.7219992584404,0
-9.10004964109759,88.8327655761288,0
-10.1108416870548,89.2765343419273,0
-9.09968467388018,89.386597388059,0
-9.09946566035354,89.7188966540174,0
-9.09924662193047,90.051196054089,0
-10.110436106392,89.8303665564352,0
-10.1103549810386,89.941133044039,0
-10.110030448889,90.3841991434745,0
-10.1097058675636,90.8272654813658,0
-10.109218903374,91.491865435368,0
-10.109218903374,91.491865435368,0
-10.1088130153678,92.0456991403338,0
-9.09756650029991,92.5988292448585,0
-9.09756650029991,92.5988292448585,0
-9.0973472461317,92.9311298077628,0
-9.09705486852168,93.374197433776,0
-8.08601118692303,93.8166352221124,0
-8.08588120691956,94.0381692065895,0
-8.08568621847811,94.3704702952039,0
-8.08555621389321,94.5920044288845,0
-8.08555621389321,94.5920044288845,0
-7.0748049021111,94.7022154365221,0
-7.0748049021111,94.7022154365221,0
-7.07469113520726,94.9237496267771,0
-7.07457735970036,95.1452838767276,0
-7.07446357559052,95.3668181863765,0
-7.07446357559052,95.3668181863765,0
-7.07434978287786,95.5883525557312,0
-7.07429288329553,95.6991197627971,0
-6.06358213734696,95.9201721272495,0
-6.06338701990269,96.3632411671167,0
-6.0631430816225,96.9170778028861,0
-6.06309428843663,97.0278451748357,0
-6.06299669653516,97.2493799635353,0
-6.06275268452541,97.803217196637,0
-6.06255744174088,98.2462872519649,0
-5.05196852453415,98.6889493183548,0
-5.05176508137542,99.2427874620884,0
-5.05168369336123,99.4643228241748,0
-5.05156159982164,99.7966259793816,0
-4.04118418990335,100.017827367766,0
-4.0410864966495,100.350130717545,0
-4.04098879233872,100.682434201847,0
-4.04098879233872,100.682434201847,0
-4.04089107697127,101.014737820688,0
-4.04089107697127,101.014737820688,0
-4.04089107697127,101.014737820688,0
-4.04098879233872,100.682434201847,0
-4.04111906229601,100.239362919339,0
-4.04098879233872,100.682434201847,0
-4.04085850272513,101.125505723535,0
-4.0406304486052,101.900881462095,0
-4.04046751595262,102.454721723948,0
-3.0302284335747,103.008302279002,0
-3.03017953812,103.229838622669,0
-3.03015508901081,103.34060681694,0
-3.03008173615596,103.672911489515,0
-3.03003282964673,103.894448012702,0
-2.0200055924569,104.005030475534,0
-2.01997298443392,104.226567077544,0
-2.01995667950126,104.337335400994,0
-2.01992406779364,104.558872092786,0
-2.01987514562652,104.891177242711,0
-2.01982621793269,105.223482527328,0
-2.0197935963998,105.445019458576,0
-1.00989680093985,105.444907923162,0
-1.00986417572338,105.88798195215,0
-1.00985601865171,105.998750496822,0
-1.00984786127302,106.109519056463,0
-1.00982338729489,106.441824825216,0
-1.00981522868816,106.552593444744,0
0,106.884862200474,0
0,107.106399572105,0
0,107.327937003638,0
1.00970913886163,107.9925868613,0
1.009684649227,108.324893393803,0
1.00964382703001,108.878737914242,0
1.00962749600251,109.100275827289,0
1.00960299715915,109.432582809234,0
1.00959483026415,109.543351833184,0
1.00959483026415,109.543351833184,0
0,109.764852704921,0
1.0095866630622,109.654120872118,0
1.0095866630622,109.654120872118,0
1.00957849555331,109.764889926038,0
1.00955399118505,110.097197177711,0
1.00955399118505,110.097197177711,0
1.00954582244844,110.207966291577,0
1.00951314443275,110.651042896914,0
1.00948863269835,110.983350508303,0
2.01891188668362,111.426539245857,0
2.01884650364286,111.86961652389,0
2.0188301563482,111.980385880881,0
2.01866664964476,113.08808027556,0
4.03700611910706,114.196223347519,0
5.04576670078625,115.525796059304,0
7.06384406825532,115.969770422587,0
9.08083228483193,117.854055427331,0
11.0978034077271,119.074021525554,0
13.1151591802929,119.518894675406,0
15.1325064230954,119.853296376695,0
16.1405528622517,120.519077804671,0
17.1493368995901,120.520309591551,0
17.1490581761501,120.74185128258,0
17.1485006667036,121.184934844838,0
18.1569402344569,121.407783461306,0
19.1642560699182,122.40610474648,0
20.1725722884688,122.629103658777,0
20.1719159773806,123.072188725194,0
22.1883838203384,123.518411955596,0
23.1965682885692,123.741636009957,0
23.1965682885692,123.741636009957,0
23.196002018706,124.073950658484,0
24.2043258265457,124.186478287338,0
24.2049167391223,123.854163440523,0
24.2041288409687,124.297249932976,0
25.2122226690794,124.520624203768,0
26.2213505794961,124.19021456221,0
28.2388343645897,123.972706040377,0
28.2388343645897,123.972706040377,0
29.2468866154047,124.196379415,0
29.2464105570944,124.417923297217,0
29.2456964029388,124.750239233089,0
30.2546595883311,124.530899854849,0
32.2713705540967,124.646305415949,0
33.2790361836078,124.981051110403,0
34.2863731115558,125.426644536395,0
36.3011444930598,126.207285456538,0
38.3147479667849,127.320547293249,0
39.3207847103336,128.098838522869,0
40.3247324468918,129.54184702325,0
41.3318362766295,129.877198364857,0
40.3214428910528,130.649582472796,0
40.3197976533942,131.203450759886,0
40.318152109259,131.757319421928,0
40.3178229636558,131.868093199334,0
40.3178229636558,131.868093199334,0
41.3250906725359,132.092673419277,0
41.3234034861841,132.646543120111,0
41.3217159857255,133.200413195946,0
42.3278305011132,133.757392494725,0
42.3243715722386,134.865135420412,0
43.3310286677331,135.200643546484,0
43.3299659062718,135.532967127766,0
43.3274856684263,136.308389342573,0
44.3350980562062,136.311650179549,0
44.3332848522022,136.865524110825,0
44.3329221709621,136.976298942094,0
44.3303830248613,137.751723181151,0
44.3292946172058,138.084048080152,0
44.327480334879,138.637923212021,0
45.33380586634,138.973586579178,0
45.3341770387099,138.862811381565,0
45.3345481972959,138.75203619896,0
46.3415992984818,138.866224404495,0
46.340840442589,139.087775011406,0
47.3470828101202,139.423589570908,0
47.3470828101202,139.423589570908,0
47.3451439590059,139.977467078261,0
47.3451439590059,139.977467078261,0
47.3432047480031,140.531344960731,0
47.3416531200909,140.974447536828,0
49.3541603732768,141.535532173702,0
49.3529467479001,141.867860110328,0
50.3597322980589,141.982352180702,0
50.3584937201597,142.314680617935,0
50.3584937201597,142.314680617935,0
50.358080830236,142.425456793681,0
50.355603169151,143.090114163189,0
50.3547771596331,143.311666739717,0
51.3643952988738,142.650800977306,0
51.3648164781475,142.540024662564,0
51.3639741039823,142.761577307047,0
52.3715353078091,142.654667848966,0
52.3702468982084,142.986997216612,0
53.3756106937375,143.434045999272,0
52.3676696490727,143.651656356752,0
53.3721076263522,144.320259692032,0
53.3734213983376,143.987929444802,0
53.3742971651845,143.766376021614,0
54.3822462069918,143.54884062263,0
54.3831383661675,143.327287088509,0
55.389319244431,143.552933688591,0
55.3902279258077,143.331379919287,0
56.3959293463015,143.667878883119,0
56.3945413608228,144.000210053574,0
57.4011097693995,144.115231019132,0
58.411015619113,143.454886238745,0
58.4114947343456,143.344108995858,0
59.4180956521345,143.459279585157,0
59.4185830283976,143.348502216047,0
59.4200450487857,143.016170198471,0
60.429139938808,142.577528469779,0
60.4301309010884,142.355973728989,0
60.4311217898716,142.134419048001,0
60.4311217898716,142.134419048001,0
60.4311217898716,142.134419048001,0
61.4388039433654,142.028183577782,0
61.4408184534713,141.585073932516,0
62.4505968691219,141.035802936188,0
63.4635761172011,139.821941295477,0
63.4656551370246,139.378831773524,0
63.468253477618,138.824945206822,0
63.4734487114459,137.717173192352,0
64.4867594183426,136.503385899501,0
64.4867594183426,136.503385899501,0
64.4846494351433,136.946494419514,0
64.4867594183426,136.503385899501,0
65.4943572401745,136.508221063062,0
64.4893964561738,135.949500584843,0
65.5018550690675,134.957341166762,0
65.5056025197179,134.181902313323,0
66.5128294683476,134.29758653926,0
66.5144599860027,133.965255355276,0
66.5166337264093,133.522147318326,0
67.5244532418713,133.527128521709,0
67.5227982641295,133.859459959153,0
67.5244532418713,133.527128521709,0
68.5289128356181,134.196848515607,0
68.5289128356181,134.196848515607,0
68.5311526181045,133.75373919891,0
68.5294728124946,134.086071164126,0
68.5283528379053,134.307625881959,0
69.53156732781,135.198978585631,0
70.5392621649881,135.204186760154,0
69.5344091298346,134.645090566262,0
68.5294728124946,134.086071164126,0
68.5317125116341,133.642961906911,0
69.5395230415145,133.648093068003,0
68.5373103008615,132.535189804692,0
68.5389892312815,132.202858463919,0
68.5423465294577,131.538196183691,0
68.5445843114398,131.095088294106,0
69.5525841458067,131.100216041447,0
69.553719365351,130.878661888813,0
69.5542869434018,130.767884834772,0
70.563462618671,130.551532622161,0
70.5628868571645,130.662309797189,0
70.563462618671,130.551532622161,0
70.5646140773197,130.329978316643,0
70.5646140773197,130.329978316643,0
70.5663411043797,129.997646969695,0
70.5692190537006,129.443761688298,0
70.5697945791963,129.33298467654,0
70.5697945791963,129.33298467654,0
71.5767577185509,129.559814035873,0
71.5779252361166,129.338259691665,0
71.5779252361166,129.338259691665,0
72.5854635284246,129.454386848789,0
72.5866474470213,129.232832224044,0
72.5866474470213,129.232832224044,0
72.5872393732151,129.122054933913,0
73.5977860484046,128.684369637416,0
73.5965859089635,128.905924428508,0
73.5959858056778,129.016701846282,0
73.5983860845595,128.573592264097,0
74.6071813245968,128.468313111525,0
74.6053565551147,128.800645709935,0
75.6166089788982,128.252330807325,0
75.6184580646179,127.919997946002,0
75.6233879482317,127.033777633719,0
74.6163021095658,126.806652118674,0
74.6181256540378,126.474320319859,0
73.6139791696359,125.693385757566,0
73.6139791696359,125.693385757566,0
74.6187334568209,126.363543083195,0
75.6240040802172,126.923000161279,0
75.6246201892095,126.812222703638,0
75.6215394143185,127.366110139826,0
75.6209231903624,127.476887671461,0
75.6196906734739,127.698442779131,0
75.6196906734739,127.698442779131,0
76.6266935597206,127.925644942174,0
76.6254444214829,128.147200495978,0
76.6241951900544,128.368756108962,0
77.6323973873002,128.374478563089,0
77.6342958570834,128.042144667741,0
78.6450861198398,127.604829093496,0
78.6444451969106,127.715607152899,0
78.6457270188573,127.494051048871,0
78.6476495724375,127.161717003669,0
78.6470087451563,127.272495003958,0
79.6578882937388,126.83525276495,0
79.6572393226219,126.946030891355,0
79.6559413077299,127.167587188474,0
78.6457270188573,127.494051048871,0
79.6533449873188,127.610699959962,0
79.6539941037495,127.499921744932,0
80.6616034165521,127.616645613676,0
80.6629180597728,127.395088853229,0
80.6629180597728,127.395088853229,0
80.6642326048926,127.173532151841,0
79.6578882937388,126.83525276495,0
79.6604839360086,126.392140407021,0
79.6604839360086,126.392140407021,0
80.6701468438908,126.176527726334,0
80.6721178154048,125.844193183519,0
82.6862025050931,126.299417384899,0
82.6882228311949,125.967081742243,0
81.6805072436083,125.85021082763,0
81.6818375268041,125.628654189812,0
81.6878225718346,124.631650049711,0
82.6942824518683,124.970075610407,0
82.6922628045878,125.302410855009,0
82.6922628045878,125.302410855009,0
83.7000109121431,125.419355731439,0
83.7000109121431,125.419355731439,0
85.7196437192997,124.988796960608,0
85.7189458971511,125.099575905033,0
86.7295085272761,124.773628664293,0
86.7295085272761,124.773628664293,0
86.7273905082214,125.105966010771,0
87.7365488862657,125.001651535416,0
87.7379772928873,124.780092943216,0
88.7457231767121,124.897411431536,0
88.747890295749,124.565073038945,0
89.7563745114298,124.571686394197,0
90.7626418566856,124.91071402857,0
90.7633806768231,124.799934162882,0
90.7619030089522,125.021493908933,0
91.7681120517298,125.360597822034,0
92.7742710701808,125.699777794642,0
92.7765372991721,125.367436747201,0
92.7772926524194,125.25665642738,0
92.7795585429096,124.924315555887,0
91.7725944843986,124.695917315939,0
91.7733414588508,124.58513728293,0
91.7748353240454,124.363577260917,0
91.7785694987141,123.809677462546,0
91.7793162499345,123.698897546866,0
91.777822719589,123.920457392889,0
92.7886195659828,123.594953389257,0
92.7893744678673,123.484173303976,0
92.7916390042473,123.151833136064,0
92.7923937932823,123.0410531094,0
92.7939032867131,122.819493100033,0
91.7852892551012,122.812658749317,0
91.7890214763699,122.258759977339,0
91.7927529999442,121.704861571831,0
91.7957377164455,121.261743111244,0
91.7979759607701,120.929404419681,0
91.8024516958331,120.264727432191,0
91.8061807074831,119.710830345521,0
91.8069264260757,119.600050972135,0
92.8172860026682,119.385320447513,0
92.8225622177383,118.609864054097,0
92.8248230294472,118.277525819327,0
92.834616944985,116.837394990547,0
92.8398886160794,116.061940953009,0
92.8466644465795,115.064929672108,0
94.8758028104817,113.527884327343,0
94.8742653421296,113.749442689825,0
96.8928332854336,113.763600289701,0
96.8904777871361,114.09593918666,0
97.8997364295027,114.103130386937,0
98.9122005822141,113.667275912778,0
98.9194124220624,112.670256329738,0
99.9223004860906,113.563835064277,0
99.9263481050966,113.009934148217,0
100.935686919727,113.017346733777,0
100.937322108964,112.795786034848,0
100.938957175447,112.574225394094,0
100.942226940145,112.131104287099,0
100.945496213804,111.687983412766,0
99.9368683598504,111.569793469117,0
99.9368683598504,111.569793469117,0
99.9384864048324,111.348233582887,0
98.9314267415766,111.008559645572,0
98.9362305744874,110.343881888949,0
97.9266945077884,110.336623407661,0
97.9282792053654,110.115064697954,0
96.9226466467049,109.553985618027,0
96.9210785831477,109.775543760341,0
96.9234306342824,109.443206568719,0
96.9234306342824,109.443206568719,0
96.9242145923922,109.33242753398,0
95.9138281583,109.436098646426,0
95.9146039490707,109.32531982042,0
95.916931146416,108.992983429848,0
94.9072954818101,108.985950761093,0
94.9072954818101,108.985950761093,0
94.9072954818101,108.985950761093,0
94.9095979193924,108.653615121454,0
93.9022149254031,108.31432258938,0
93.9022149254031,108.31432258938,0
93.9022149254031,108.31432258938,0
92.8925292435905,108.307439971233,0
92.8940312284492,108.085883851953,0
92.8955331003379,107.864327791053,0
91.8895276334068,107.303631482567,0
91.8910127874559,107.08207602628,0
91.8932403089984,106.749742951347,0
91.8939827603033,106.6389652889,0
91.8954675790982,106.4174100078,0
91.8969522861382,106.195854785087,0
91.8976945977496,106.085077195625,0
91.899179137154,105.863522060489,0
91.8984368814216,105.974299620759,0
91.899179137154,105.863522060489,0
90.8900469831186,105.746015261283,0
90.8907810259338,105.635237928277,0
90.8900469831186,105.746015261283,0
90.8907810259338,105.635237928277,0
90.8922490286645,105.413683306074,0
90.8951847025209,104.970574236878,0
90.8966523736431,104.749019789877,0
90.897386167752,104.638242588278,0
89.8867040971033,104.742366654934,0
89.8867040971033,104.742366654934,0
89.8874297369713,104.631589649293,0
88.8789077095217,104.403457463865,0
88.8796251141178,104.292680695836,0
88.8817771657758,103.960350479426,0
88.885363378092,103.406467077641,0
88.885363378092,103.406467077641,0
88.8867976738571,103.184913819198,0
88.8867976738571,103.184913819198,0
88.8889489148266,102.852584041098,0
88.8889489148266,102.852584041098,0
88.8932506671038,102.187924879288,0
87.8852400246415,101.849096015609,0
87.8859486614967,101.738319775359,0
87.8887829417226,101.295214960463,0
87.8887829417226,101.295214960463,0
86.8813818611019,100.845686884768,0
86.8813818611019,100.845686884768,0
86.8834825407966,100.513359171306,0
86.8834825407966,100.513359171306,0
86.8848828618549,100.291807435404,0
86.8876831869925,99.848704138952,0
85.87875822819,99.6208054055361,0
85.8801418469389,99.3992542785455,0
85.8815253612508,99.1777032100244,0
85.8815253612508,99.1777032100244,0
84.8766352884094,98.2852288075517,0
83.8716129237948,97.3928324991482,0
83.8803863589164,95.9527598137079,0
82.8757898025408,94.9496710030324,0
82.8824521148786,93.8419275932747,0
82.8944379272146,91.8479931392073,0
81.8947165604574,89.9588025169431,0
81.9058838316848,88.0756538172564,0
81.9209810385694,85.5278711169412,0
81.9340983357403,83.3124141743631,0
82.9555712052931,81.6568464701731,0
83.9779516923412,79.8905778716644,0
83.9806355448155,79.4474875411375,0
83.9846605576206,78.7828524819582,0
83.9880140328503,78.228990332808,0
83.9927078258128,77.4535839350513,0
83.9933782655317,77.3428116507013,0
84.004771833925,75.4596850418963,0
84.0141492310932,73.9088780483509,0
84.0188360525335,73.1334756197601,0
85.0365179950646,72.2534555191098,0
85.0392270535597,71.8103684614114,0
85.0487055009481,70.2595655883299,0
85.0507359375575,69.927251057002,0
86.0652862498259,69.6011590826477,0
86.066655702768,69.3796158465049,0
86.0721324679831,68.4934434818664,0
87.0875026409306,68.0566510554604,0
88.1015355282517,67.8414744759398,0
88.1029363502839,67.6199309401733,0
88.1036367211266,67.5091591940054,0
89.1170168676991,67.4048269173669,0
89.1198501765078,66.9617393583874,0
88.1092387236808,66.6229857457697,0
88.1057376729589,67.1768440423586,0
88.1064379366704,67.0660723540931,0
87.0923490641331,67.2812500748531,0
87.0916567973849,67.3920216000598,0
87.0909645041618,67.5027931397468,0
86.0789760696388,67.3857293306337,0
86.0830809746287,66.7211015354952,0
86.0851330738557,66.3887878335261,0
87.096502108639,66.6166212277467,0
87.096502108639,66.6166212277467,0
87.099962250965,66.062764253375,0
87.1013461225559,65.8412215649749,0
87.1027298882361,65.6196789344848,0
87.1027298882361,65.6196789344848,0
88.1183383217495,65.1829558678019,0
88.1204375861295,64.8506416278201,0
88.1211372873483,64.7398702434249,0
88.1232362302784,64.4075561770279,0
87.1096471279202,64.5119666505508,0
87.1117217834728,64.179653247594,0
87.120018022367,62.8504009380151,0
87.1248557339513,62.075004719426,0
87.1303829581161,61.1888384801981,0
88.1456099523679,60.8628808995017,0
87.1345272638286,60.5242144080606,0
88.1532945827234,59.6444021909541,0
87.144193602192,58.9734269301039,0
86.1309019141712,58.9671491065246,0
86.1315841411481,58.8563788711448,0
86.1329485165549,58.6348384437558,0
85.1216545852865,58.296324640408,0
85.1216545852865,58.296324640408,0
84.1109777650658,57.8471157691574,0
84.1176357865859,56.739419253993,0
84.123625819734,55.7424936270115,0
84.1242912511171,55.6317241852071,0
85.1391713365708,55.4163103676354,0
85.1405180543722,55.1947712129179,0
85.1411913744519,55.0840016572354,0
85.1472500905054,54.0870763062753,0
86.1615762048584,53.9825028207897,0
86.1643002420222,53.5394245664395,0
86.1643002420222,53.5394245664395,0
86.1636192720184,53.650194108371,0
85.1506151379843,53.5332293946975,0
85.1519609757917,53.3116907311735,0
84.1389242715321,53.194800122948,0
84.141583490803,52.7517237722361,0
83.1291548613563,52.5241387980786,0
83.1304681972668,52.3026011354426,0
83.1317814320993,52.0810635306205,0
82.1205850141753,51.6320163589303,0
82.1225303546687,51.2997107793563,0
82.1238271235165,51.078173798591,0
82.1290132003588,50.1920264537261,0
81.1208465394717,49.1892168930817,0
81.1214864622186,49.0784488499326,0
80.1119017306706,48.2972526984282,0
80.1182179162462,47.1895758507112,0
79.1084379670375,46.4084588568627,0
79.1128007165897,45.6330878608199,0
79.1221454976923,43.9715809685126,0
79.1345967881053,41.7562435021839,0
79.1370858916444,41.3131767021375,0
78.1268175019686,40.5321486657827,0
78.1329571500039,39.4244854239883,0
78.1372534905554,38.6491220137742,0
77.1285500667093,37.535877219126,0
77.1309717783868,37.0928139947085,0
78.151974965436,35.9907385472924,0
78.1568790832328,35.1046125716296,0
