123.164297093036 25.3170926102515 -41.7266720594361 -33.2024720963695
122.632729214598 24.9055310910043 -40.4458096949828 -31.9022367683262
122.078169921307 24.4849506648081 -39.5460980143105 -35.0189461716515
121.957270186268 24.3704821853416 -0.208593631247286 -0.178216344753861
121.822827553324 24.2420357258888 10.2635196660223 55.4701478836388
121.765528537996 24.0212491250662 0.573136914963807 12.7953906677716
121.692974782373 23.7572991121805 -13.7029620674499 -34.8619584901814
121.60265041974 23.4979442349833 -6.46534157814785 -11.9606532147208
121.512691177499 23.2385213051062 -0.451032047059624 7.18702062958383
121.399473736697 22.9385486951089 -1.07924171637005 10.9155710822323
121.28363810552 22.639623681861 -5.22014163893327 10.4049551383106
121.210415422961 22.2828123539002 1.15337476560734 32.1463894981879
121.138782918765 21.8809120975283 -10.020525971038 54.5668735707781
121.179995325187 21.6111607526509 -10.0462061574554 52.4316170359054
121.230331234921 21.2970019671323 -17.759346587937 53.5826178517995
121.345701128266 20.950212347145 -36.4139442167956 44.3322895532457
121.450297393618 20.5932487850905 -54.2775207239234 29.2645573193208
121.4977340274 23.1952781722507 -0.485818032510847 7.40581589065322
122.928137564026 25.3842601441513 0.0971218635985949 70.5016637428752
122.368871435525 24.9665184117879 -18.9203595323475 22.5759314257403
121.796049020486 24.5635030891162 -6.70840710071703 -4.27686125013222
121.694490260661 24.4302562047925 1.2898908320141 39.5459566569209
121.54079912993 24.3194295697814 -44.7386327230621 69.9299496406507
121.48396370677 24.0985875558653 -45.220929322244 70.3870378868804
121.452860650763 23.8548571333916 -37.9870856972629 70.6089466298507
121.363249216882 23.595342934781 -36.8931524199511 71.2830587518162
121.232668257858 23.3155833856736 -40.5022610277536 70.8944370277485
121.120023336802 23.015491503175 -53.4851436502174 28.4086585265939
121.004782817604 22.7163930636608 -64.1722060390903 -20.2243805530899
120.960174665932 22.3361661114734 -50.3785456934031 -0.0457553898992504
120.861443169474 21.9572873930118 -44.9453512360181 3.51644389537579
120.936265130645 21.6642317364694 -46.1207773178228 -29.579849728083
120.9541569862 21.3736844934292 -39.7039254773536 -74.9117238673675
121.10565388782 21.0042123735572 -28.6639681323437 -10.2776480727053
121.221286270483 20.6576449226355 -39.2271864651131 -68.2448396093112
121.4977340274 23.1952781722507 -0.485818032510847 7.40581589065322
122.549744951864 25.4909261557982 0.469449811778098 79.160733004506
121.991255445331 25.0717250521798 -7.14688003647427 16.5099789810276
121.419174049071 24.6672837647007 -22.9883366626087 4.97187207537909
121.317927947229 24.5337797439753 -12.1623283604068 8.14153344013671
121.164433063292 24.4225456478811 -7.31123399403999 6.20663187108653
121.108198678905 24.2015580704253 -25.1131364892546 17.8990739490738
121.077773151584 23.9577516249263 -47.6584190336406 34.226475271989
120.947722291076 23.677685761886 -48.1883152818894 26.2549020667791
120.858942960927 23.4179540509207 -50.8474159929494 18.3982390537822
120.747043155161 23.117602811066 -55.3746825561355 8.05134020345789
120.632539367934 22.8182540149952 -58.8719936747957 -14.5265447986363
120.588924981295 22.4379672390979 -24.1724054559072 22.8504962056653
120.49112079646 22.0588187428018 -9.56368767716556 58.5631487607885
120.566754242473 21.7659744051896 -29.583665499523 -8.09327237864789
120.585398860681 21.4754781243234 -45.9106483365481 -66.2101710192044
120.737916352769 21.1063184269034 -34.4885034182486 -73.5696031303682
120.854472286483 20.7600352998207 -28.9390329535308 -72.156379516368
121.4977340274 23.1952781722507 -0.485818032510847 7.40581589065322
122.360301509539 25.5439497025394 2.10567266072431 11.1285972699079
121.802217814756 25.1240203997238 -13.8155033606135 4.43519476980375
121.230509031308 24.7188208861808 -13.6218169520128 13.674936712711
121.129421328109 24.5851895577065 -13.2674475581774 7.27390308041963
120.976018140441 24.4737521529703 -12.555590928998 -4.22587815810846
120.92008861043 24.2526990869114 -5.42244811444383 10.4314991754571
120.890009532396 24.0088564898831 5.28792759631757 31.009785608545
120.760308320316 23.7286359377317 3.55482301361601 19.5078581547433
120.671865255961 23.4687983397103 -0.676886013096955 15.3186121542261
120.560347127846 23.1683227624178 -19.477823079102 -15.848687178649
120.446210484757 22.8688555691638 -25.9511419530378 -49.1801694162892
120.403092434464 22.4884993705197 -12.1411548305398 -3.81224281736568
120.305759595964 22.1093114484405 -5.68178709491721 33.2807463769582
120.381804719786 21.8165027654302 -9.38144222563351 59.1593207401746
120.400821204161 21.5260667451082 -13.7400787907328 55.9287590485966
120.553860468244 21.1571154853474 -39.1940514352622 -75.1969199356033
120.670880554129 20.8109056108512 -39.2228969033017 -75.214122328783
121.383875855235 23.210706935666 -16.8590804228814 35.6831062386506
122.170692284027 25.596674310023 8.65405432900958 38.9656840323018
121.61301330135 25.1760179304981 -14.802299546656 10.2250348556208
121.079925764562 24.7329010611958 -7.24037478330081 23.8007634961016
120.940755266609 24.6363665151449 -5.71094635006305 17.7135680588298
120.787454801101 24.5247230756481 -13.1960577067185 8.5067184213778
120.731831277836 24.3036065904385 -20.6900145745392 8.60750278774515
120.702096110472 24.0597315012874 -27.1690862411451 4.17593455131062
120.61383780522 23.7997930433099 -32.8864963981691 24.7561159825869
120.525637850145 23.5398834476731 -40.2818113755052 51.7569031475211
120.373507114851 23.2188187602856 -20.9177992622283 28.2410001347986
120.259746818877 22.9192056292055 -6.60646321680505 4.22462067696135
120.217131063931 22.5388440008406 -7.29679168551511 -25.2161568196008
120.120269746404 22.1595297901405 0.978651378656625 -36.2535724180983
120.19672495391 21.8668505541488 -13.8205814164546 -0.713103520993476
120.216121927742 21.5764478451016 -17.8054281122269 46.5074014363484
120.369679135702 21.2076494877893 -30.9867372561376 -23.8454708335148
120.487162280479 20.8616074169775 -39.1267006896478 -75.2097314748413
121.197285504708 23.2621846450511 -43.855492014641 60.2877424461212
121.980911701592 25.6491884892433 -15.3964722137383 10.226282824946
121.423499882767 25.227686201792 -35.4883364958211 9.24988568484792
120.890874779819 24.7839002428338 -56.4107169424764 7.57980924208745
120.751615471539 24.6870405711934 -47.3601889844093 25.0684192259816
120.644404797426 24.5935224903182 -38.4103080031228 38.5833144552074
120.571279361754 24.3316327269289 -45.0587769987224 45.2684240945223
120.51418691659 24.1108416826649 -37.7501354815231 67.5942255559484
120.581642724316 23.8557673173885 -37.2436699309166 35.8926696953904
120.344190664463 23.5574091272027 -28.4936382030008 66.9746763570666
120.228852355615 23.2894621627292 -22.0801961083333 64.9194347489076
120.112971520298 22.9902980543248 -23.1894994894541 66.6900456811051
120.03104358814 22.5890597903437 -38.1710821844912 63.6852550084942
119.964529911345 22.2314573445522 -46.8044029263183 57.487952242595
120.011471419494 21.9172266570552 -37.7643213203074 -15.6188058000236
120.054808475951 21.6478570966078 -23.3091984396614 -57.4440377300109
120.185336212022 21.2580993381984 -26.0136401771186 -60.7235263707155
120.303320489014 20.9121391616434 -37.294525582873 -74.6059237242163
