123.010170962052 25.3609340501546 -756.028401680509 -654.52656516625 4.0039160937112
122.678639779335 25.1201477525651 -759.103450388187 -650.969604321431 0.72516091302443
122.338151200281 24.8546549691964 754.53886677048 656.255129045972 0.551483068560789
121.962689123907 24.5574693847828 -745.630970523813 -666.359058089071 0.247988635518397
121.658074741113 24.2403454970309 -796.143642457822 -449.564920561334 405.026767973024
121.554644148574 23.8430305095941 -804.296468886286 298.376990462608 513.885553114239
121.420189502669 23.4536939426081 -304.391044927939 -952.545136724612 1.96322947382354
121.264402638815 23.0232325570122 340.174500570918 940.360701765625 1.74921016084907
121.122403263219 22.6370584593103 -79.0082864925661 984.548436846364 156.275609641717
121.041091463035 22.2354405063315 184.01821962774 982.922828261113 0.0923483095780378
121.001747868594 21.8328329992046 -143.239180481106 989.687883225079 0.656485007062572
121.070746943074 21.3833099278114 -175.704559245751 984.193510029051 22.1594827771812
121.195820697081 20.9922098534719 -378.131879594088 923.808201514684 59.955720734956
121.301614810927 20.6350921339532 -819.794244850362 263.001705275679 508.691949152244
122.920683419817 25.3863128256504 -736.354379088859 -676.591638777669 2.44596255255052
122.544618045904 25.1579170105651 -757.707797933125 -652.593712357492 0.582703013706248
122.23872126296 24.855819246115 -746.547454502395 -665.331743947739 0.754103079213377
121.829175391479 24.5946715509005 -745.874729478736 -666.086243853656 0.0606131097155271
121.561771865826 24.2978900718297 -540.961188513058 753.067077032532 374.500961296788
121.459536450012 23.9003738798058 -376.082234572394 875.650929911778 302.981190478343
121.326834959365 23.5106587433631 232.465578654325 971.857965849014 38.1031357859921
121.132008927168 23.0594585048168 264.822662331743 963.409057725337 41.3756571948488
120.990404469141 22.6732571645838 -583.726029575692 -781.860736351355 218.992491533193
120.944708707855 22.2933248867501 181.014255354184 983.47866760148 1.88407308468931
120.895085624631 21.8906910572412 -141.35131777204 989.959481299435 0.174210970620404
120.939971530631 21.4194418280472 -181.24565183795 983.227806261523 20.3247308466826
121.065408424661 21.0285296017546 -787.5356008757 493.02844459893 369.744006266104
121.214881587942 20.6594294446901 -431.527345663443 -795.646371588339 425.124689147753
122.741697583033 25.4369721506204 -760.372509662076 -649.484861668111 1.74957542007011
122.400220196263 25.1716878434474 -752.229502860708 -658.900983146183 0.519071213544002
122.025740439664 24.9418955229132 -758.195478440444 -652.026861747455 0.766832597196219
121.685521454001 24.6074914439419 -793.921513089717 -606.850620022622 37.6955704492456
121.346521296171 24.3255137050413 -153.081878332066 976.377268276731 152.490552227979
121.28202938552 23.9491939056045 -466.880872914464 838.955857318046 279.598497811363
121.110370377456 23.5385748864799 -449.277886835557 847.93719973198 281.33944926239
120.955503258956 23.1079144642627 -712.595598385838 601.639723392466 360.883854442627
120.814348547368 22.7215531317606 -788.498398048786 -548.2965961529 278.641559932543
120.769117254113 22.3415755536489 -706.362936449029 -662.59656908186 249.032505211777
120.719979163992 21.9388941120151 -695.988699279346 -615.452075565081 369.889812184761
120.765445624706 21.4676990264249 -236.803384068207 970.599825287939 43.1292991464908
120.891386104689 21.0769206110595 -831.669043380299 449.932305841167 325.403630040214
121.041329891851 20.7079735772931 -394.470205749231 -855.566317436884 335.260396175345
122.60731937421 25.4748139139734 -764.114761165694 -645.080175174358 0.446503878901387
122.265991152619 25.2091815824408 -748.374500393513 -663.276411849637 0.0929765020830382
121.926197938753 24.942788144907 739.254940083171 673.424802868778 1.08094577754537
121.517016545311 24.680758548341 745.669841322587 666.315598742966 0.103023066505594
121.212932947593 24.3620545885938 174.184653162012 984.572547076938 16.631480549267
121.148809236449 23.9856746530502 -482.717724093035 844.487663888909 232.000397383049
120.977520316546 23.5749019888286 -801.511908013887 523.202587937881 289.547428389621
120.863662980274 23.1645189282723 -910.573323378378 -320.055483118558 261.573527860529
120.682222299047 22.7576471418159 -920.881047014297 248.723558105661 300.191087297927
120.602133544186 22.3558813426755 -728.017375565008 -659.425215554775 187.480894935928
120.58857027418 21.9749229676903 -791.227938661888 548.287074457741 270.812911552297
120.634480283789 21.503771541414 -763.684584388411 602.428667682984 232.089542894987
120.760793595245 21.1130962809526 -848.862428589531 463.047327514026 254.989705304354
120.911094044964 20.7442668340528 -430.276255800574 -855.938907764256 286.759358817758
122.428073641123 25.5250434130004 -768.418779935234 -639.946985052127 0.659519171989095
122.086991425385 25.2589874398014 752.830243825612 658.214707607953 0.150565750933331
121.747415231117 24.9921785397681 733.846554132555 679.315218563514 0.262327620478077
121.338449642789 24.7296664620953 472.749841688062 877.236515446295 83.4486857389316
121.034691543454 24.4105839898489 -690.430400739372 702.259489277982 173.601473075255
120.971067111962 24.0341354786131 -966.659245630998 125.585985769465 223.154796082049
120.8396812475 23.6440043446491 -808.445190020574 547.900331303696 214.992096807997
120.686923309995 23.2126667518777 -970.101389799787 106.447668975148 218.110493278703
120.50594915295 22.8056007862123 -956.741426965663 -221.670021307495 188.436311737522
120.461541758537 22.4255520339334 -969.66018931356 97.4523768985702 224.192219974756
120.413254084843 22.0227957820566 -915.77785670325 -318.193942270584 245.160217560488
120.459753883512 21.5517066246983 -770.811646833254 617.93843233808 154.924171599403
120.586575593816 21.1611726612526 -869.07049309479 462.968003405804 174.290291911002
120.737347955417 20.7925036447424 -463.911635569086 -863.76111258125 196.730106430144
122.293467643673 25.5625762937526 -738.389320981383 -674.374680972722 0.017988644545147
121.952615057972 25.2962025761564 -753.635785771132 -657.292234250257 0.145600248772253
121.578657291608 25.0652704563584 -775.874070583382 -630.887401265539 0.716603648157701
121.204434808328 24.7662108451002 -314.773377887992 937.07415174118 151.028986328886
120.938114717379 24.4682731715103 -950.120832385159 -276.351547234069 144.569105306313
120.837674258016 24.0703465589544 -628.506779803506 766.596674897683 131.562782643284
120.706649572866 23.6801075458917 -893.993990143719 417.142367154475 163.606207436249
120.554283009364 23.2486401354414 -930.684868247947 326.376335720514 165.239715250152
120.373664065696 22.8414365025338 -958.850198281843 -253.750067318047 127.346772989961
120.329607648625 22.461360394658 -868.601436595492 -478.508471790224 128.690274571284
120.28169029644 22.0585754225718 -841.126809279625 -514.484436361716 166.767669086801
120.328634430849 21.587536016318 -770.759442440534 628.440022575305 104.847603283563
120.45583658137 21.197110827719 -881.158919079348 456.166453582655 124.382980960971
120.606967191754 20.8285648788739 -966.369142427214 -164.306211197158 197.823531276048
122.113996253324 25.6124311615488 -700.351208249864 -713.798380005161 0.240426626673794
121.773335184486 25.3456354494758 -724.189812324043 -689.600691340952 0.0472032666550354
121.399563189519 25.1142479694915 751.631252266462 659.583542206083 0.107085133196451
121.025626896733 24.8147474593864 -891.050372305887 447.727102015505 74.6302628585573
120.722445600297 24.4950106663098 -961.302403498846 -268.870484427555 60.0529069324106
120.659697977984 24.1184414707188 -965.018522502305 -251.965498850215 72.4750896283015
120.573544770891 23.7160955380352 -775.594467428806 624.310005135591 93.2214545124943
120.336731290483 23.2759086088498 -371.320084387352 927.378714756697 45.7177683924621
120.197171579808 22.8890436642025 -490.922900866349 -870.921372854574 22.1510205198925
120.118424649245 22.4870735439076 -605.118485886138 -795.538194182556 30.8317958546879
120.106170788451 22.1061139268005 80.5475581603272 -996.73488149514 5.62733376284774
120.153710010903 21.6351449250819 -143.033051846726 989.717910913852 0.0538120138807134
120.281418249802 21.244868495575 -359.95489995567 932.955289650494 5.18628104386216
120.433028308137 20.8765203995915 -886.979994069744 456.466019741732 70.03758234818
121.979206082095 25.649681329801 750.270236010206 661.131252499492 0.199814021925701
121.638732002583 25.3825390185811 -789.742395336533 -613.426239098555 3.89848605452096
121.299755840543 25.114663896379 744.460102088625 667.666459228258 0.809703522649415
120.926239090416 24.8146201219437 -683.377618844441 727.05801220423 66.1942365477282
120.625807755768 24.5530883886132 189.728684088677 981.834302549498 2.10446456831855
120.526264441944 24.1548595142418 -460.102708096247 887.10681201049 36.7015270402364
120.460440489246 23.6205034745925 -444.741473779811 894.400059879147 47.4716166602803
120.24461796483 23.3324187704907 -493.11380877997 868.899032856231 43.049300714616
120.100288628331 22.9466145122137 184.423784023709 982.846388864059 0.918576755271426
120.021525434514 22.5446060306326 -218.737329871776 -975.781587150157 2.06753459149422
119.97439475737 22.1419720470762 126.761599468253 -991.932683111309 1.02424403791631
120.046757814302 21.6929647318867 -177.607917374283 984.098859065885 2.20528256557323
120.169724600176 21.3015844464044 -337.24122971119 941.414482611028 2.66925328419713
120.302502461333 20.9123465694526 -881.035654647685 470.647504483155 47.6140920663616
