1.8 0.787276184467532 4
1.2 1.79420613207792 4
0.5 0.513752821545454 4
1.5 0.476986423311689 4
0 0.14856442612987 4
-0.3 -0.225083707350649 4
0 1.05915246454546 4
0.1 -0.409973647792208 0
-0.9 -2.72400444854546 0
-0.4 0.22768779474026 0
0.1 -3.33090080145455 0
-0.5 -0.154061796896104 0
0.2 0.469950757766233 4
1 0.610484841142856 0
-0.2 -0.184982720987013 5
-0.3 -7.96692633310389 5
0 -5.09896177906493 5
-0.5 -5.87243800424676 5
-0.5 -8.21626123074027 5
-0.2 -8.19578644680519 5
-0.3 -7.76501555644157 5
0.9 -9.32923809697403 5
-0.6 -6.1126628742987 5
-1.2 -2.76199647846754 5
-0.3 -9.31440163310388 5
-1 -5.21943446306493 5
-1 -4.74470839215584 5
-0.3 -8.84099972888311 5
-0.5 -9.40225473066235 5
-1.2 -6.28235071502598 5
-0.3 -6.39027361763636 5
-0.5 -8.85764506344155 5
-0.5 -8.38859247336363 5
-0.4 -9.6006863419091 5
-0.5 -6.23311092392208 5
-1.5 -7.67667910367532 5
-1.2 -6.18139019363637 5
-0.3 -5.28421988706493 0
0 -6.44052045016883 5
-0.8 -6.8867108808961 5
-1.3 -7.34030091254546 5
-1.5 -7.7604872390909 5
-0.4 -3.78023560323376 5
-0.6 -6.06326723666233 5
0 -5.43266744454545 5
0 2.8175232042987 5
0 -0.145854922324675 0
1.5 -0.037275600038961 0
0.7 1.4166303182987 5
0.2 -5.37554987615584 5
0.2 -1.3108069318052 0
1.3 -0.502457801948052 0
1 0.497711392012987 0
0 -0.547059088181818 0
1.3 -0.125954911857143 0
0 -0.399559277844156 0
-0.1 -5.04171967514286 5
0 0.171092003753247 0
1 -0.566413929935066 0
1.5 0.096703317025974 0
1.2 0.364654163922078 0
-2.2 -4.27028528066234 0
-0.4 -1.16915894979221 0
1.8 -0.484739526584415 0
-3.5 -3.91291903428571 0
-1.8 -2.54440508872727 0
1.4 -1.04911969909091 0
-2.8 -4.20558384172727 0
-2.2 -4.01343569248052 0
-3.2 -3.78561673422078 0
-2.2 -3.53049166757143 0
-2.9 -3.35776029135065 0
-2.3 -3.28988594363636 0
-0.7 0.0611997986363636 0
-1.2 -1.93615619764935 0
-0.9 -2.48054632233766 0
0.5 0.0368107693246753 0
-3.4 -4.05279214302597 0
-4 -4.20844356676624 0
-4.6 -3.57721088206493 0
-3.6 -2.51247592614286 0
-3.2 -2.74573207377922 0
-0.8 -1.46077756885714 0
-1 -1.35824915118182 0
-1.9 -1.08384483742857 0
-1.4 -0.122819124181818 0
0.1 -0.0681048940259741 0
4.5 6.20400540845455 0
1 1.65788810975325 5
2 1.80374132716883 0
-0.2 -0.368787123792207 0
-1 0.312015119441558 0
-3.4 -3.94512615781818 0
2.3 2.49648281771428 0
3.1 3.17079738290909 0
3.1 3.59152548992207 0
2.7 1.38332436076623 0
2.5 1.93620836588312 0
1.8 1.06826911548052 0
0 -0.0664568154935064 0
2.2 0.801318241636364 0
-1.5 -2.311933497 0
3.9 4.7037670142987 0
5.2 4.65935008302598 0
5.7 3.77639896696104 0
5.5 5.22381931741558 0
5.4 8.02099181914285 0
-4.2 -6.06485555525974 0
-4.5 -5.06034817907792 0
-2.6 -2.90255128032468 0
0 -2.86145266406493 0
3 -0.639202299701298 0
1.1 1.69962106264935 0
1.5 -0.871235331506492 0
-3.5 -1.918289365 0
0 -1.73469093072727 0
2.5 3.19892177658442 2
1.5 0.746563959701299 2
1 1.39897007854545 2
-2.3 -2.75903929393507 2
-0.4 -0.319401007207792 2
-0.7 -2.31362603525974 2
-0.9 -1.13379378448052 2
-0.7 -2.34355699158442 2
-1.6 -1.11399747705195 2
0 -0.214404138493507 2
0.1 0.347395018454545 2
3 0.689038012038961 2
3.5 2.55180953596104 2
4.3 4.11947436606493 2
0.9 2.14116385396104 2
2.8 3.48674476766234 2
2.5 2.99557616668831 2
2.2 3.79005190214286 2
2.9 0.371870838753247 2
-1 1.06831195314286 2
-5.5 -5.35301360822078 3
-9.2 -6.58542389684416 3
-8.3 -6.63803551706493 3
-3.8 -7.00896326484416 3
-7.2 -6.25156244635065 3
-7.6 -6.4173643844026 3
-4 -6.06416207402598 3
-3 -5.84825242938961 3
-3.5 -6.70392654181818 3
-6.6 -6.71820128642857 3
-5.5 -6.360790362 3
-6.1 -6.17170483933768 3
-12 -6.76530044957144 3
-13.1 -6.70600516394805 3
-8.7 -6.82805429885714 3
-2.4 -0.86489164177922 2
-0.5 -1.9166743314026 2
-1.5 -2.71395071866234 2
-4.8 -3.27138621901299 2
-4.5 -5.10133424144156 2
-6.5 -5.8065522228961 2
1.5 -0.0441180027922078 2
-1.4 -1.13502518081818 2
1.5 3.23891965302598 2
2 -2.28959458642857 2
0.3 -1.14430365387013 2
-5.4 -5.60042992671428 2
-2.8 -3.49282107002597 2
-3.8 -4.71394456394806 2
-3.3 -4.74697750042857 2
-1.8 -1.63023528350649 2
-0.1 -0.966152235090911 2
-3.2 -4.61002913497402 2
0 -2.13591380541558 2
-2.4 -1.90845545041558 2
-7.2 -3.66865770241558 2
-2.6 -4.073107264 2
-0.3 -1.75321980709091 4
2.3 2.30112070564935 1
4.2 3.22005164520779 1
1.8 4.77531587584415 1
1.8 4.90811071206493 1
5 -0.158589058636364 1
3.2 -1.22646706488312 1
5.3 -3.51501338067533 1
3.6 -1.86821724361039 1
5 -1.68755674611688 1
5 -1.5014683355974 1
6.1 -0.167926195753247 1
6 2.66385733748052 1
5.1 3.33994382305195 1
6.4 3.63454635793506 1
5.9 2.54234243088312 1
7 2.27627279588312 1
6.6 2.78523698 1
5.6 2.89688725733766 1
6.3 5.86514729897402 1
7.6 5.03422621606493 1
8.3 11.2333137601169 1
6.3 9.11320631414286 1
5.8 5.10207778135065 1
5.5 4.86885668202597 1
4.3 4.75659386161039 1
4.8 4.22707790301299 1
2.5 2.79889466222078 1
3.5 2.2408263434026 1
5.5 2.236651333 1
4.8 3.62996084257142 1
4.7 3.84699415693506 1
3.9 5.33822925028572 1
4.4 5.03885922287013 1
6.2 2.96683600811689 1
8.3 3.05426130075324 1
6.1 2.00260737776623 1
6 1.97273131585714 1
6.5 2.44374651189611 1
6.8 3.23135158498701 1
7.4 3.73809787324675 1
10.3 10.0074474717403 1
11.5 9.6026585621039 1
10.2 7.67034432402597 1
11.8 7.24904073316883 1
8.7 7.31460826997403 1
17.9 17.9790581857662 1
18.3 16.3216516616104 1
17.1 15.9692570242598 1
25 15.4898975814156 1
10.4 6.36208450254546 1
12.6 8.52136410251947 1
12 5.44626809407792 1
11.9 8.28906513287014 1
16.7 9.01624357172728 1
15.6 16.3224261954805 1
15.5 6.6759902658961 1
8.9 7.68699277233765 1
12.9 6.8992078232987 1
12.1 6.99834247563637 1
1.9 7.82484129309091 1
0.9 5.22041072620779 1
14.3 14.817364258 1
25.3 7.34474100676623 1
7.7 5.50492315149351 1
36.9 4.83859722306494 1
23.5 3.62873564618182 1
4.8 4.53279200045454 1
3.4 4.34366361144156 1
10.8 3.07646077284415 1
5 3.18452758938961 1
9.4 1.86612616976623 1
4.3 1.7811606207013 1
4.8 1.74834360177922 1
1.1 1.81207200358442 1
1.8 1.84829168876624 1
5.4 2.01944918776624 1
2.9 3.54120859598702 1
5 3.58140860715584 1
2.7 2.20521109933766 1
18.7 28.0876707412728 1
2.9 5.02200158774026 1
2.8 3.19456609949351 1
9.5 14.095596970974 1
4.7 3.11811032118182 1
3.8 2.84064667802597 1
17.1 13.229751377026 1
29.9 13.6889135039091 1
0.86 -0.854285934779221 0
0.93 -0.423619877272727 0
2.24 -1.33346491396104 0
8.8 4.66007167463636 0
9.35 4.87202399567532 0
13.28 4.92059152741558 0
9.27 4.78165920651948 0
2.9 -0.667541572727272 0
18 17.1840623163636 1
25 16.0946331267273 1
12 6.78597157238961 1
2.25 -0.334741634883117 0
6.39 18.214174528013 1
15.38 22.7883694147792 1
0 10.1898226166104 1
14.71 3.52411362148052 1
3.44 -0.513050221909091 0
6.26 2.55859879168831 0
9.33 2.21904621594805 0
1.86 1.92192478657143 0
1.27 0.136406270961039 0
5 3.75499205848052 2
4.5 5.8278121210909 0
7.8 4.52617692896104 0
13 5.04103408057143 0
7 4.89393139225974 0
6.9 1.33416048576623 0
7.6 0.896064738766234 0
1.3 -1.1400077484026 4
12 5.8035613988961 1
6.3 7.23695988605195 1
6.5 2.70192922088312 1
5 0.75096802864935 0
3.5 2.39525531790909 2
5.8 3.2867233865065 2
0.8 3.03929625077922 2
1.1 2.30218710542857 2
1.1 2.40801483885715 2
0.6 0.274491533 2
3.3 1.340845103 2
1 1.45686487671429 2
5.4 0.657027993519481 2
0.7 1.90034807738961 2
1.5 1.85348865028571 2
3.3 2.1499580177013 2
2.6 0.303986608 2
0.5 0.39408052887013 2
4.3 -0.935410664519483 2
3.7 -1.39489452625974 2
4.8 -0.588770686779221 1
2.9 1.54306068437662 1
0.6 1.85291370179221 1
3.5 2.85733987675325 1
2.5 2.55126159212987 1
3.7 2.97754599002598 0
2.1 3.06393011349351 1
1.1 2.75668102935065 1
1.7 3.78026919020779 2
0.2 0.325300070194805 2
