-0.151666666666667 5.87125819733766 0
0.418333333333333 5.73071629883117 0
0.598333333333333 5.57925895536363 0
0.518333333333333 0.025298974961039 0
0.598333333333333 0.477014462311688 0
-0.631666666666667 0.0581443492857143 0
-1.92166666666667 -0.0067883348961039 0
0.628333333333333 -0.0524366025584415 0
0.808333333333333 -0.501232849116882 0
1.19833333333333 7.21934331633767 0
1.03833333333333 6.33426181859739 0
0.898333333333333 7.26528107415584 0
-3.07166666666667 -1.79190296912987 0
-0.971666666666667 -1.36284604535065 0
0.547333333333333 -1.38673131901299 5
-0.151666666666667 -1.34233975220779 0
0.101333333333333 -1.14625008444156 5
1.10833333333333 -1.01722591074026 0
0.924333333333333 -0.904657949584416 0
-0.143666666666667 -0.624294380064935 0
-0.461666666666667 -0.613622682662337 5
2.04533333333333 -1.00838814455844 0
0.659333333333333 -0.117181911701299 0
-1.97166666666667 -1.99300309922078 0
-0.474666666666667 -2.02283736348052 5
0.265333333333333 0.501342634844156 0
0.447333333333333 0.12164397212987 0
0.547333333333333 0.835349131948051 5
-0.661666666666667 -0.0591406879220779 5
-0.646666666666667 -2.50914750466234 0
1.20533333333333 0.579959794714286 0
1.60833333333333 -0.999892871012986 0
1.02133333333333 0.126816411610389 0
1.86233333333333 0.399914914883117 0
-2.04566666666667 -4.57797954196104 0
2.25633333333333 -2.17020541945454 0
0.568333333333333 -2.75637409155845 5
0.600333333333333 -0.817326386753247 0
0.758333333333333 -3.23579749279221 0
0.997333333333333 0.402033521454545 0
1.64233333333333 0.0424164210519481 0
0.564333333333333 1.01119170423377 0
0.216333333333333 2.17186739924675 0
1.07733333333333 -2.20890575222078 0
1.65933333333333 -2.91130129963636 5
1.89433333333333 0.83320558487013 0
2.18533333333333 -0.678278623038961 0
-1.33166666666667 -2.49578354653247 0
-3.84966666666667 -4.43546520844156 0
0.398333333333333 2.0934877701039 0
2.15233333333333 -2.56937620602597 0
-9.30166666666667 -4.05632603167532 0
-0.591666666666667 -4.76179788112987 0
0.0983333333333334 -1.08356026435065 0
-0.0376666666666666 -3.55039088479221 5
-0.0716666666666667 -3.32451309449351 0
0.659333333333333 3.06507828407792 0
1.07833333333333 0.43060431025974 0
-1.05466666666667 -1.20918739883117 0
-0.741666666666667 -2.90741178303896 0
0.0373333333333333 -0.126621465727273 0
3.48133333333333 2.35617080984416 0
0.0373333333333333 -2.36266361527273 0
2.11933333333333 0.171707139207792 5
1.31633333333333 1.82408301975324 0
1.05833333333333 4.68467750049351 5
0.209333333333333 1.18833869888312 0
0.172333333333333 -0.609605264935065 0
-18.4526666666667 -16.8413811822078 0
1.86333333333333 0.551438552402597 0
1.91533333333333 -0.120178124532467 0
-3.29266666666667 -14.352454787 5
2.01433333333333 4.04031783918182 0
-4.32666666666667 -7.78759878288312 5
1.05533333333333 1.36067682679221 0
1.21633333333333 4.61215862340259 0
-5.17166666666667 -12.5031274585195 0
1.15933333333333 3.02848156677922 0
2.68733333333333 4.21590662189611 0
1.97833333333333 -2.5101256508961 0
-0.0646666666666667 6.08651437744155 0
-0.0216666666666666 5.57392610849351 0
-0.331666666666667 -2.17648647364935 0
2.27333333333333 0.189284799883117 0
-0.391666666666667 -2.23892664610389 0
-0.341666666666667 2.66778902938961 0
0.786333333333333 -2.32880626214286 5
-11.5316666666667 -16.019905755961 0
1.63833333333333 1.45342971633766 0
-4.08966666666667 -9.8082877386104 5
0.810333333333333 5.83596730219481 2
0.183333333333333 3.78174540332468 0
2.10833333333333 -3.03407920710389 0
-22.9816666666667 -25.4375893600649 2
-4.10166666666667 -12.6875183748052 0
1.45833333333333 -4.01484927670129 0
2.43333333333333 -4.01728627285714 0
-19.8556666666667 -24.9937631745454 0
0.460333333333333 -0.141613455467533 0
2.06833333333333 0.628156106935065 2
-5.77866666666667 -15.935419860013 0
-18.1176666666667 -24.2413950371039 2
-3.17866666666667 -6.35886099297402 0
-20.5316666666667 -24.6074368787403 0
1.16833333333333 -0.297357349350649 0
-22.7016666666667 -24.1087885244026 0
-0.640666666666667 3.23862262235065 0
3.58833333333333 -1.36823153512987 5
2.86733333333333 0.578631462285714 0
-1.25166666666667 -7.19184480133766 0
2.49533333333333 -0.155776813584416 2
-19.9696666666667 -23.6345371271039 2
-0.351666666666667 5.51363495768831 0
0.447333333333333 5.56001537381818 5
-13.7866666666667 -22.3263803317403 0
-11.9016666666667 -21.5375272942208 0
-16.2516666666667 -25.1820954355065 0
3.18733333333333 3.55589565968831 2
1.00233333333333 6.14210469861039 5
0.348333333333333 -4.37427918542857 0
-4.36266666666667 -12.0584458827533 0
1.36133333333333 8.4535347605065 0
3.35433333333333 -4.5838249775065 2
-13.4416666666667 -21.0950370025844 0
-0.861666666666667 8.14705778920779 0
2.13533333333333 8.18227774258442 0
-19.7996666666667 -24.9344743681169 5
-6.81166666666667 -10.2591358612338 5
2.53333333333333 0.453566190831169 0
-12.1096666666667 -20.4884823958701 0
1.44533333333333 8.1230036822078 2
-3.80466666666667 -6.48284183711687 0
-2.97166666666667 0.907594167324675 0
4.78833333333333 -1.46278945083117 0
-2.75166666666667 -0.426013282350649 5
-1.99666666666667 -2.38360990379221 0
2.86833333333333 4.65753019345454 5
1.63133333333333 4.91375806188312 0
-17.7026666666667 -24.0196692463247 0
-8.07166666666667 -6.81823774442857 2
-2.87166666666667 -0.538615217623377 0
4.02833333333333 -1.81535938676623 0
3.87433333333333 -1.80371658398701 0
2.15833333333333 4.09664784036363 5
-12.9506666666667 -20.860804030987 2
1.72133333333333 4.10468090493507 0
-3.24066666666667 -0.327008747311688 2
-18.6616666666667 -23.7012527022728 0
-25.8316666666667 -22.5765761942208 2
-4.56166666666667 -6.45745082950649 0
-7.14566666666667 -6.46538887427273 0
1.95233333333333 2.66721014649351 2
-9.85366666666667 -20.2629816162078 0
-8.13166666666667 -4.0230392528961 0
-9.88766666666667 -12.1873143058831 0
3.60133333333333 3.91494370111688 0
-17.2676666666667 -22.7606928196363 2
2.21333333333333 3.55257709888312 0
2.50533333333333 3.17200418288312 0
1.57833333333333 4.34135456396104 0
-24.9816666666667 -15.6015106618961 0
-8.43166666666667 -0.157478954038961 2
1.99533333333333 4.71326080476623 0
3.47733333333333 3.71449672318182 5
1.44833333333333 -4.10329127312987 0
2.49833333333333 3.69866566379221 0
-9.68166666666667 -8.88192961090909 0
3.33033333333333 -3.86134945406494 0
2.72833333333333 1.85869652220779 2
-20.9926666666667 -14.3964121455325 0
4.37533333333333 1.26378441867532 0
-18.4746666666667 -20.4098515013766 0
-17.7606666666667 -20.9772901730649 2
3.50533333333333 3.97245241687013 5
1.39333333333333 -4.67139144835065 0
-4.10666666666667 -1.20853360288312 0
3.64033333333333 3.77408840548052 0
-7.87966666666667 -19.5020175915974 2
-4.77066666666667 1.08920601015584 0
1.32833333333333 -0.650002989935065 0
-0.529666666666667 -2.69381571563636 0
3.81333333333333 2.87727379379221 0
-6.73166666666667 -18.0946394125065 5
0.871333333333333 -4.25871806490909 0
-16.3636666666667 -20.299454020935 0
2.63133333333333 2.17111144663637 0
-17.3416666666667 -19.9667729373636 0
1.86133333333333 0.136101869025974 5
3.31633333333333 4.37925429416883 0
2.24833333333333 4.38065327597403 2
1.70133333333333 0.210388359454546 2
-5.86166666666667 -0.407001520922078 0
3.86533333333333 3.99156703861039 2
1.88833333333333 4.00131968542857 0
5.43533333333333 0.499000646376623 0
-10.2216666666667 -14.0307487314026 0
-9.54266666666667 -4.14054322136364 2
-3.30566666666667 -15.5580502349481 0
-6.39166666666667 -4.18803415409091 0
-7.11166666666667 -18.5841807010649 0
-10.8016666666667 -17.5359644724805 0
-3.97366666666667 1.06713717590909 0
-17.8516666666667 -15.5562143266883 0
1.39533333333333 3.90057486955844 5
4.51633333333333 1.2367817407013 0
-6.66366666666667 -16.7798551712597 2
5.26133333333333 3.0726828967013 0
1.72233333333333 -4.45254791212987 0
1.77833333333333 -2.24633178876624 0
-7.73666666666667 -13.7032623228831 5
-3.64166666666667 1.23451849333766 0
5.01733333333333 1.11502588719481 0
3.08333333333333 1.0989390141039 5
4.08433333333333 2.50586762201299 2
1.08833333333333 -0.338094469532468 5
-6.46366666666667 0.649988742909091 2
1.73633333333333 -4.41968140227273 5
3.92933333333333 1.50337831280519 2
3.29033333333333 1.16767331754545 0
1.78633333333333 0.406433587350649 0
3.33833333333333 2.77556806488312 0
0.528333333333333 -4.34263369709091 2
-7.48166666666667 -12.080465329 0
4.11833333333333 4.82994868272727 0
2.91333333333333 4.68643641648051 0
-4.68166666666667 4.26785206007792 0
-4.45366666666667 -10.0519079482338 0
3.68833333333333 4.7230850727013 2
4.23533333333333 4.71898118614286 2
2.17533333333333 1.22038494736364 0
-0.395666666666667 -3.88858008683117 0
3.74833333333333 5.3055590429091 0
4.10833333333333 2.30965997709091 0
3.40833333333333 5.49708820428572 0
5.13833333333333 4.13844774564935 0
-17.7886666666667 -11.2840273939221 2
3.95033333333333 4.5681789374026 0
4.66933333333333 3.59018559193506 2
7.80033333333333 6.39918995558441 0
-7.87166666666667 -11.7112643766623 2
-4.33166666666667 -5.66367212566233 0
-4.35166666666667 -10.0791651541429 0
-4.46766666666667 -10.1246639137922 0
5.78033333333333 5.36998262333767 0
-4.98766666666667 -11.6924704671299 0
-1.57366666666667 -6.51641147833766 0
2.74833333333333 1.37528342164935 0
-1.96766666666667 -5.87676941794805 0
4.20733333333333 5.69806611324676 0
5.03033333333333 5.81741375442858 0
5.51233333333333 1.37312460348052 5
4.13033333333333 4.44082772294805 0
7.33833333333333 7.07339350246753 0
3.83833333333333 4.9976757815065 2
2.84633333333333 3.43982127168831 0
1.76433333333333 -3.20597758216883 5
4.42833333333333 3.69011253731169 0
4.62833333333333 5.95329383728572 2
-6.11266666666667 -10.2896692818182 2
1.97733333333333 -2.44353973036364 0
4.64733333333333 3.96256381755844 5
3.84433333333333 1.46347172794805 2
-5.67166666666667 -7.95897667046753 2
3.52833333333333 6.23269044661039 0
4.01233333333333 4.15402430163636 5
0.581333333333333 -2.07254455446753 0
4.10833333333333 5.36555294946753 0
-10.2326666666667 -9.80756164333767 0
-6.37166666666667 -1.58663305585714 0
4.67633333333333 3.49243038646753 2
-4.21466666666667 -10.3556784169481 0
2.94633333333333 -0.325727954571429 0
5.00533333333333 3.92489114149351 0
2.59833333333333 0.903189575688312 0
0.818333333333333 6.73549353132468 0
-4.18266666666667 -7.80300150835065 5
-3.33166666666667 -7.18479209688312 0
4.19533333333333 0.693034458805194 0
-3.17166666666667 -7.37807141548052 0
4.88233333333333 3.8090384011948 2
0.403333333333333 4.27169442924675 2
-1.49166666666667 4.26025106950649 2
7.24933333333333 7.52673252828571 0
1.52833333333333 4.25880957283117 2
6.07433333333333 7.03382882824675 0
-1.07166666666667 -1.29751970079221 0
1.28833333333333 -2.10328902362337 2
3.95633333333333 5.44302970338961 5
0.998333333333333 -2.05788857603896 0
4.37233333333333 3.86644772845454 0
-1.89166666666667 -0.875170511999999 0
-1.83166666666667 -9.20757738885715 0
3.39233333333333 5.93273829397402 2
4.60633333333333 5.26453801438962 0
-1.28966666666667 -7.02590841851948 2
5.90833333333333 6.87992728802598 0
2.77733333333333 -1.53068520784415 5
6.56933333333333 6.86198566836363 0
4.22833333333333 6.5591122931948 5
4.29833333333333 -1.26858741772727 0
5.87133333333333 7.35332796333766 2
1.54833333333333 -1.42357900427273 2
1.53733333333333 -1.61534466720779 5
-3.56666666666667 -5.77840329005195 2
5.28733333333333 5.47104134923377 2
-0.411666666666667 -0.676498999532468 0
4.35033333333333 5.35638850515584 2
3.57433333333333 -0.628161028077922 0
6.98433333333333 4.79733861163636 2
4.83833333333333 7.26991458454545 5
-0.647666666666667 -7.72013268551948 0
1.36633333333333 -0.25014915312987 0
0.408333333333333 -8.10456621677922 0
1.26833333333333 -0.577279282 2
6.00833333333333 2.92648580390909 2
-2.99166666666667 -6.80064779257143 2
1.73833333333333 -0.952345573194806 2
-0.926666666666667 -6.80059633545454 5
-1.25266666666667 -6.74136566423377 0
3.97333333333333 0.342871948532468 2
2.11833333333333 -1.78362533862338 0
9.45833333333333 4.29152877457143 2
5.03533333333333 4.30074661492208 0
2.45333333333333 1.20483996568831 0
-2.22066666666667 -0.434999372116883 2
1.94033333333333 0.768596503467533 0
4.96833333333333 6.10609443516884 0
-2.68166666666667 -0.430323221818182 2
5.95433333333333 6.91647410515585 0
3.91833333333333 5.21576281696104 0
-1.05066666666667 -6.63206295668831 0
2.34533333333333 1.95453563723377 0
5.82233333333333 5.9459837835974 0
4.00833333333333 6.81996243971428 5
-1.67166666666667 -4.98597815515584 0
2.75533333333333 5.26155237310389 0
4.07833333333333 6.78347395176623 2
5.26833333333333 5.86984881797403 0
5.63833333333333 4.18374718494805 0
5.39133333333333 4.18601267757143 2
0.0903333333333334 -0.283310166506493 2
5.80833333333333 6.76397092637663 2
5.87033333333333 6.77884654983117 0
6.31833333333333 5.09812562325974 2
2.60433333333333 1.73094604345455 0
1.78833333333333 4.17898574381818 2
5.06333333333333 6.53625130720779 0
2.77333333333333 1.89197415553247 2
-1.76466666666667 -0.587395939688311 2
-0.194666666666667 -0.442097785857143 5
1.96333333333333 -1.5106907547013 2
3.46233333333333 3.47384272957143 0
0.0843333333333334 -5.96930080424675 0
6.91933333333333 3.66022895824675 2
1.43833333333333 -6.14728500905195 0
2.95633333333333 2.4324420152987 0
5.71233333333333 4.09968389192207 0
3.20233333333333 2.63378300766234 0
6.32833333333333 4.99038555457143 0
2.72233333333333 4.18979984312987 0
3.82633333333333 4.12624185420779 0
0.00833333333333341 -5.96369956044156 0
5.54133333333333 6.55033983557142 0
7.94433333333333 5.91351375167533 0
5.81733333333333 5.64486658815584 0
2.41833333333333 3.43772210207792 2
5.19833333333333 5.13001493190909 0
5.25733333333333 5.02890460448051 2
5.62833333333333 5.03524549296104 0
2.99833333333333 3.08709168898701 2
2.42133333333333 2.23537871867532 0
0.0783333333333334 -5.10323810498701 0
2.74833333333333 0.0190062688051948 0
2.47733333333333 3.08220040125974 2
3.18833333333333 4.66067258681818 0
8.18833333333333 3.31308540248052 0
2.75933333333333 3.29101478836363 2
3.49933333333333 4.4368731205974 0
5.11233333333333 4.40189446825974 0
1.31233333333333 -5.42722993779221 2
5.14333333333333 0.839696424389611 0
5.42833333333333 5.26704279164935 2
2.87533333333333 -1.07486066276623 0
3.40833333333333 -0.0420536468571429 2
2.82833333333333 4.37769671662338 2
6.96533333333333 4.79925406540259 2
1.33833333333333 -4.28043326663637 0
3.37233333333333 3.85834444472727 2
0.434333333333333 -5.63011008512987 2
0.908333333333333 -3.75252166414286 0
1.38433333333333 -4.28807081715584 0
7.01133333333333 4.40404583905195 2
3.24633333333333 4.40549816861039 2
1.75833333333333 2.05073506954546 0
2.02633333333333 -3.973685653 0
1.14133333333333 -2.66284633007792 2
4.07033333333333 4.40299856706493 0
1.50233333333333 -3.87281156338961 0
6.46633333333333 5.78595987772726 0
4.54133333333333 7.10978138489609 0
4.86433333333333 4.44529932253247 2
6.31833333333333 4.77423379332468 2
2.21833333333333 -2.24487376355844 2
2.44733333333333 4.06154758037662 2
2.42833333333333 3.63579689458441 0
1.92433333333333 3.38556104379221 0
5.70833333333333 4.77589600844156 2
6.66933333333333 6.3079807878052 2
6.35833333333333 6.31474699833767 0
1.40533333333333 -1.87642019863636 2
-0.00166666666666659 -4.71348836032467 2
1.67533333333333 -6.82947570294805 0
2.07733333333333 -2.64884349964935 2
2.65233333333333 -7.45939537244155 2
6.31833333333333 5.15820071393507 0
7.82433333333333 6.89938625007792 0
2.18433333333333 -4.40305901485714 0
1.89833333333333 -2.36952081174026 2
1.69833333333333 -2.78845548180519 2
5.63833333333333 1.99053814335065 2
3.05933333333333 4.6933886131948 2
5.31833333333333 5.3161321538961 2
2.14833333333333 -2.65096921177922 2
1.27333333333333 -2.49132983257143 0
3.27933333333333 -1.0374157308961 0
6.55233333333333 5.27614015818182 2
2.69233333333333 -2.32908804553246 2
2.46133333333333 -1.1244585141039 0
3.73833333333333 -1.16933551823377 0
3.00833333333333 0.908040816025975 2
3.42833333333333 5.31948143090909 2
2.88233333333333 3.1717872325974 2
3.07233333333333 2.10258140563637 0
0.498333333333333 3.1375613941039 2
1.39433333333333 0.474437215298702 2
5.02833333333333 5.18210233214286 0
2.29833333333333 2.10507777738961 2
2.13333333333333 1.52002227038961 0
2.61233333333333 5.13144701107792 0
0.369333333333333 0.921431530506494 0
1.52833333333333 0.591383332051948 0
2.91833333333333 5.26736002201299 0
2.50833333333333 1.2654182267013 2
3.50933333333333 5.29322128803897 0
3.47833333333333 4.81084936946753 2
3.85233333333333 6.25089181968832 0
2.13833333333333 4.60785610876623 0
3.12833333333333 6.25750202763637 2
2.86733333333333 4.82715204396104 2
3.01833333333333 -1.46547275563636 2
4.18833333333333 4.23922173338961 0
3.97533333333333 7.24940322658441 0
3.11233333333333 6.26407340088312 2
3.39133333333333 4.81664513931169 2
3.03833333333333 5.80584148336364 0
3.71833333333333 5.81635631240259 2
3.18833333333333 2.60263518367532 2
3.75533333333333 2.60628857485715 0
2.29833333333333 1.13363828177922 0
3.06833333333333 1.36416285777922 0
1.80133333333333 -1.20243927462338 0
3.65333333333333 3.92083834571429 0
2.65933333333333 0.806304127064935 0
3.20033333333333 2.56543101163636 0
2.01833333333333 5.51586641231169 0
2.37333333333333 0.935021149259739 0
4.02033333333333 -1.08581720284416 2
5.86833333333333 4.88994570671428 0
6.00133333333333 6.6817171365974 0
1.83833333333333 -0.135085081623377 2
2.59733333333333 -0.162282793532468 0
9.04733333333333 10.0302662980649 0
2.19033333333333 0.753845701441559 0
6.51233333333333 5.02452607209091 0
4.02433333333333 7.16980579451947 2
0.798333333333333 3.20144341875325 0
4.48833333333333 5.32167740568831 0
7.71233333333333 6.03144354923376 0
4.96833333333333 2.51411915738961 0
5.78333333333333 7.05930188107792 2
3.95333333333333 4.22014151666234 0
5.22233333333333 3.77585322183117 2
4.29033333333333 7.30072984188312 0
3.91333333333333 6.82711617333766 0
3.34633333333333 2.78872208072727 0
2.31833333333333 -0.0771756828831169 0
3.14833333333333 8.67962206525973 0
7.25833333333333 2.84251569863637 0
3.45833333333333 7.94852596166234 2
4.95333333333333 7.73665432393505 0
2.75833333333333 0.787534193818182 0
3.66833333333333 6.99985496420779 2
0.110333333333333 5.94565219275325 2
2.80833333333333 -0.0896629387532467 0
4.30633333333333 1.90361653309091 0
1.75833333333333 2.48890164594805 2
3.04133333333333 -1.80301733174026 2
8.36533333333333 4.93076288557143 0
5.57833333333333 6.08820675290909 2
4.13833333333333 8.54650058544155 0
3.18833333333333 8.57767827037663 0
0.491333333333333 5.48770873315585 2
3.11833333333333 5.66365421274026 0
4.08833333333333 5.7062199185974 2
2.98833333333333 2.55534408305195 2
2.08833333333333 8.73759184190909 0
2.82533333333333 0.880187011844156 0
2.72833333333333 1.98974015248052 0
0.284333333333333 6.16517900551948 0
1.17833333333333 6.15874610953246 0
4.51833333333333 9.9688120685974 0
7.82233333333333 1.08837825503896 2
1.86933333333333 -0.0601312591428571 0
4.21033333333333 4.57309383971428 2
1.29533333333333 7.48900630884416 0
4.14833333333333 0.186364391805195 0
0.952333333333333 6.31343411345454 0
3.10433333333333 0.146974346090909 2
6.27133333333333 9.32361325120779 0
3.81133333333333 4.5404915485974 2
5.12833333333333 3.46014288122078 2
4.24933333333333 4.02165821709091 2
4.53233333333333 5.3962966285065 2
6.11233333333333 6.6009234191948 0
5.10833333333333 0.977858318922077 2
1.32733333333333 11.1580619641039 2
4.55333333333333 5.74994008967532 2
5.87833333333333 8.96171510028571 2
6.63133333333333 9.0158217979091 2
1.93033333333333 6.13212815668831 0
6.35633333333333 10.461951762961 0
2.96833333333333 4.71577942842857 2
0.0893333333333334 -4.1977066432987 0
4.08833333333333 4.44156000494805 2
1.02433333333333 11.2505640491169 2
0.0603333333333333 10.1234882783636 2
3.51033333333333 3.76140310262337 2
7.90633333333333 8.14525266766235 0
3.03733333333333 1.14158522596104 2
8.05433333333333 11.238834999974 2
4.18833333333333 5.31166997592208 2
-0.835666666666667 10.3579702586364 0
5.32833333333333 10.9214940680649 0
6.99633333333333 11.5211831287013 0
2.05833333333333 7.7688991674026 2
2.83233333333333 8.65142261481818 2
1.89133333333333 7.58517639866234 0
5.44833333333333 3.92344371718181 2
3.22433333333333 -12.3669254971299 2
5.80133333333333 5.94295404848052 2
4.00233333333333 7.53900615272727 2
7.97033333333333 11.5466709464026 2
2.74033333333333 2.62269315024675 2
7.71433333333333 4.25774648368831 2
3.29933333333333 3.64921955907792 2
7.18833333333333 4.2619826051948 2
5.50933333333333 6.50563017675325 2
4.53033333333333 -8.88310390251949 2
7.06033333333333 6.62428130793506 2
-4.63466666666667 2.65755024801298 0
5.82233333333333 7.81175066492208 2
10.1203333333333 6.63079320658442 2
5.86833333333333 -0.0248423507922078 2
2.17833333333333 7.7290551258052 2
5.16533333333333 -0.0861034068051948 0
5.75433333333333 8.39738868776624 0
3.79733333333333 4.73317035662338 2
10.6483333333333 8.42343223923377 2
12.0883333333333 7.32136292405194 2
2.53833333333333 4.14915113755844 0
8.36833333333333 6.64870879396104 0
10.5593333333333 6.65599474657143 0
3.77833333333333 -1.72478646619481 2
4.96333333333333 8.74015759722078 0
10.2193333333333 9.46160827344155 2
2.72833333333333 5.27366105301299 0
9.95833333333333 11.1924596043766 0
8.07233333333333 13.3638293615065 0
2.43233333333333 4.85182726096104 0
3.14533333333333 6.15485207357143 2
4.74233333333333 3.70368598887013 2
4.47733333333333 3.4558295214026 0
5.51933333333333 7.39001218058442 2
4.18833333333333 4.26627618192207 2
7.62833333333333 7.43835981633766 2
4.07633333333333 3.9300703901039 2
10.6383333333333 13.2076411094935 0
5.81833333333333 8.16918230807792 2
18.2133333333333 10.7523593458831 2
3.83833333333333 8.37110192361039 2
3.18333333333333 4.31089636966233 2
11.3713333333333 12.0333547626753 2
5.01333333333333 3.11465062180519 2
2.93833333333333 4.94938376236364 2
3.81933333333333 6.68586598205195 2
4.21033333333333 4.2137055407013 0
12.5133333333333 11.6752984332727 0
8.50933333333333 11.074996646974 0
13.6583333333333 11.6935700966234 0
9.81833333333333 13.1630543598312 0
13.2183333333333 13.7047798819091 2
4.03733333333333 5.66286894164935 2
4.79733333333333 5.50117874462337 0
9.90633333333333 13.2185305102727 2
5.08033333333333 6.07627126280518 2
4.84833333333333 -1.8191697997013 2
5.91833333333333 9.31778753036364 2
14.9993333333333 11.2929687030909 0
13.6083333333333 13.839922272961 2
4.30533333333333 10.0477397568961 2
12.6183333333333 9.42346071172729 2
14.9023333333333 9.47504125622077 0
14.4993333333333 13.4046746335455 0
13.4083333333333 12.1013815525974 0
6.60633333333333 6.81400005158442 0
15.1753333333333 14.8674091424805 2
20.0853333333333 11.2998636604286 0
14.9283333333333 11.3390064837143 2
5.22233333333333 7.07352804892207 0
5.20433333333333 10.4096515364416 0
10.2033333333333 11.0775362031039 0
4.38933333333333 4.15461117632467 0
12.0183333333333 7.81731996588312 0
8.83233333333333 8.9384601998961 2
4.38033333333333 2.42890140075325 2
7.09833333333333 12.8674821761558 2
7.55133333333333 12.8770479060909 0
14.9083333333333 7.67405887041558 0
6.63333333333333 7.46471833490908 0
13.0203333333333 12.4065169378831 0
3.83433333333333 3.52452099006493 2
5.37833333333333 11.0579776844675 0
11.1183333333333 11.3992494537403 2
2.54833333333333 2.80151602976623 0
4.47833333333333 2.78194129348052 0
13.8703333333333 13.6113482414416 4
4.84833333333333 3.05083463502598 0
17.4573333333333 9.59333569911689 0
18.5743333333333 11.7901784059091 0
6.03133333333333 6.73475604879221 0
12.6783333333333 5.28253174311688 0
4.18833333333333 3.63094347194805 0
4.18433333333333 3.61888930561039 4
16.2183333333333 7.90647704628571 0
5.92433333333333 3.31490057341559 0
21.3033333333333 15.6156774966493 0
8.27833333333333 13.5026988415455 4
4.44533333333333 3.75718672949351 4
4.54733333333333 3.11162343963636 0
4.57933333333333 3.4797238131039 0
3.70833333333333 10.9306401505325 0
12.8043333333333 11.1669217585195 0
12.8483333333333 10.5296495383506 0
5.65933333333333 10.9521167158831 0
10.6583333333333 10.362210983987 4
3.88533333333333 4.02579072383117 0
4.89533333333333 4.02402321102598 0
6.45833333333333 -0.681984339038962 4
12.1073333333333 9.78873810167535 0
3.27833333333333 2.58172882077922 4
3.46633333333333 2.41066707336364 1
4.43833333333333 4.78194555702597 4
9.37433333333333 4.12360810648052 0
8.27133333333333 13.6270135387013 4
11.9023333333333 9.79812760222077 4
11.9483333333333 11.8099100308961 0
12.2083333333333 10.69886882 0
4.19433333333333 5.47924611428571 0
12.7333333333333 10.1839061285714 0
6.30533333333333 3.84776945663637 4
3.72533333333333 2.23770491868831 1
8.13833333333333 5.99624734185714 4
3.83033333333333 1.95315939862338 4
15.0583333333333 9.27103373103895 4
3.18533333333333 2.08981948353246 1
5.79533333333333 9.76577101667533 4
5.64833333333333 7.79934458990909 0
4.25633333333333 3.06402043537662 0
11.0773333333333 10.539348108961 0
3.94033333333333 6.17236343574026 0
11.0023333333333 11.0813474901948 4
9.25833333333333 4.2906868962987 0
3.79833333333333 1.59727528712987 0
12.0083333333333 10.2926500676494 0
4.08233333333333 1.47967331046753 0
3.39333333333333 2.02610045887013 4
3.05933333333333 1.92642786545455 4
8.83833333333333 11.4592268858442 4
4.64033333333333 1.76981757731169 0
11.9403333333333 12.3749963199351 0
7.21033333333333 5.50584408437662 4
7.34533333333333 9.920756447013 4
6.02033333333333 6.15625026787012 4
3.52733333333333 1.5085388471948 4
8.29833333333333 5.87080604072728 4
7.39333333333333 5.88069134375324 4
5.81833333333333 6.35087865824676 0
12.7883333333333 10.849463231039 4
2.47333333333333 2.44350295335065 0
1.50833333333333 1.60395224897403 4
4.12833333333333 2.87887566174026 4
8.73833333333333 10.5248006460909 0
7.53533333333333 5.98754726306494 0
3.19833333333333 2.97804046385714 0
4.39833333333333 2.97415879668831 1
5.06233333333333 5.4277241382987 4
4.43433333333333 2.11815509080519 0
4.38833333333333 2.10596819415585 4
4.07633333333333 2.29933112474026 4
15.4883333333333 10.7654860393376 4
4.40833333333333 2.25191859742857 4
7.05533333333333 6.58641497496104 4
4.89133333333333 7.4264066630909 4
3.76833333333333 1.71153995292208 4
13.6683333333333 14.0160436806494 4
10.3383333333333 14.0183109213766 4
7.93833333333333 11.7066772066753 1
10.3883333333333 23.8868731747792 0
2.63433333333333 1.78971100506494 4
6.71833333333333 7.01197301487013 1
4.64633333333333 2.02196036293507 4
2.42833333333333 2.63242872122078 0
4.71333333333333 1.98884792059741 4
3.38833333333333 1.64414675785714 4
3.44833333333333 1.6394453128961 4
4.80033333333333 1.89216191441558 0
6.84733333333333 8.60363451148052 1
4.20433333333333 1.85698411357143 4
5.09833333333333 8.18026670533767 4
15.7843333333333 13.4648180521039 4
14.0583333333333 14.4122346535974 1
1.97533333333333 1.72396880588312 4
7.85833333333333 3.68362779680519 4
2.37833333333333 1.03258362872727 1
13.1683333333333 14.3475299458701 4
4.40433333333333 1.79229241537662 1
3.23633333333333 2.4621893224026 1
2.27633333333333 2.16589867322078 4
7.94133333333333 8.02967017749351 4
12.6483333333333 4.73290967561039 4
5.22833333333333 8.22312526774025 0
4.89833333333333 8.60417219433766 4
4.14433333333333 1.47838118568831 1
16.9823333333333 3.45478503087013 4
6.54833333333333 8.3188897427922 4
6.64733333333333 8.33303116919481 4
17.0493333333333 10.4645511818701 4
2.73833333333333 1.29408387457143 4
9.83833333333333 13.6325697879091 0
17.4303333333333 4.35398447016883 1
3.37533333333333 2.00891378311689 1
5.39433333333333 9.2401804065065 4
3.60533333333333 0.248324575779221 0
16.5083333333333 10.4154515468572 0
6.47333333333333 9.31582052551949 4
16.2243333333333 6.87897611607792 4
5.93633333333333 9.46460803446753 4
3.24633333333333 4.27410398146753 1
6.84733333333333 9.55269613946754 1
6.73633333333333 9.56718457633766 4
2.65633333333333 2.21121926233766 1
12.5853333333333 13.8295058777013 1
16.2803333333333 18.327839251 4
12.0183333333333 9.12541521723377 4
2.88333333333333 2.33214424707792 1
14.6783333333333 14.2971363916623 4
10.2083333333333 14.3009362033766 4
3.90233333333333 0.402741732701299 4
4.58533333333333 2.89360616632468 4
5.98333333333333 10.0689609364156 1
8.13833333333333 18.6700825416364 4
15.5483333333333 14.4747489902597 1
7.16533333333333 10.0481990988312 1
19.4383333333333 18.464596107987 1
22.5123333333333 0.365186852103896 1
3.21433333333333 4.06068511297402 1
2.99533333333333 2.26667520761039 1
19.1563333333333 22.1408115573247 4
3.00433333333333 1.65890992044156 4
5.28933333333333 4.82247823267533 4
3.16733333333333 2.88792476058441 1
3.48933333333333 1.78987750545455 4
30.3683333333333 6.69787302802598 1
3.51033333333333 4.63545066215585 4
13.2683333333333 25.2244746586493 0
38.7103333333333 39.626932683026 4
20.6443333333333 25.5593714171688 4
15.3383333333333 15.5729152853896 4
22.1443333333333 15.486990605039 0
27.8893333333333 25.4407483378441 0
5.60833333333333 9.48544967111689 4
2.93333333333333 2.84316381972727 4
3.69633333333333 3.32087860014286 0
15.8083333333333 16.3850456153896 0
2.54833333333333 3.41150128585714 1
46.6683333333333 40.8989694293766 1
4.70833333333333 4.85445160818182 1
16.2883333333333 16.9807364857533 1
4.06033333333333 4.58405938427273 4
4.14733333333333 3.89420004237662 4
5.79833333333333 6.81083672776623 1
9.73233333333333 18.5963382796234 4
11.3783333333333 15.3146841590649 4
6.36233333333333 9.4427635739091 1
4.62833333333333 4.21536491546753 1
10.2583333333333 15.4580339294156 4
18.6383333333333 18.5187976142857 4
42.8283333333333 26.4003554721688 4
44.3993333333333 35.4695170858312 0
18.3383333333333 17.1215799601429 4
19.4183333333333 16.9478418398052 1
8.44833333333333 10.1286511238182 1
4.65033333333333 5.16164238181818 1
26.0343333333333 16.6885917890779 4
3.71433333333333 3.34787019636364 0
3.72233333333333 1.98694763942857 1
25.6293333333333 16.5889675613636 4
50.8523333333333 35.8176263742727 4
4.66233333333333 3.3211609178961 4
3.91133333333333 3.7940856665974 4
5.65733333333333 6.61089166161039 1
19.0383333333333 20.3840426615065 4
3.34833333333333 3.66834713093507 1
20.1283333333333 44.4776306847013 4
44.9383333333333 44.2367877256234 0
51.1483333333333 34.3290931077792 1
4.04133333333333 3.3659688778052 4
14.2983333333333 20.2560048460519 4
49.5073333333333 43.5192659355455 4
4.25133333333333 3.23287235927273 1
5.00833333333333 3.20343008176624 1
7.73833333333333 8.16338307303897 1
2.84733333333333 4.19000647592209 1
44.6083333333333 31.741146451052 4
3.70433333333333 2.47706440318182 4
27.1283333333333 13.0083353588701 4
3.86133333333333 3.59876900412987 1
18.9583333333333 17.8797176354415 4
47.4033333333333 51.4779938086234 1
5.36533333333333 6.0955616782987 1
3.60033333333333 2.67133645250649 4
7.83533333333333 11.5740994170519 4
50.4203333333333 40.6055347396753 1
40.2883333333333 52.7938784731689 4
49.3403333333333 41.0814942457533 0
43.4223333333333 59.235619646961 4
4.50133333333333 3.97849345149351 1
4.17133333333333 2.86563478405195 1
3.14433333333333 2.81123016328572 1
51.6023333333333 35.5320235625584 4
10.7283333333333 13.0072892197792 1
43.9783333333333 38.0976479958831 1
21.7383333333333 20.4419279151559 4
7.46333333333333 9.61478523770129 1
3.14833333333333 3.53865556567532 4
52.4793333333333 31.0620560194286 1
3.99933333333333 3.48112013027272 4
12.6383333333333 19.246888516974 4
3.47733333333333 3.92252156453247 0
32.4343333333333 27.568653452026 1
25.0983333333333 30.0027646633117 4
29.4413333333333 29.918803051987 4
3.39333333333333 3.13949471393506 1
41.8283333333333 38.9149641097013 1
32.5253333333333 25.7164519723636 1
4.35633333333333 3.76630859512987 1
29.2783333333333 4.53476862029871 1
2.79433333333333 3.27987361906494 4
46.0583333333333 34.4982750033506 4
3.98033333333333 3.63416528963637 4
6.68833333333333 6.17980132276622 1
10.7083333333333 18.1510641095065 1
48.0553333333333 67.1035287045584 1
3.29733333333333 3.97674729589611 1
6.49833333333333 5.53632765641558 4
52.4993333333333 49.8827405788702 4
31.0663333333333 9.15521450057143 0
48.7823333333333 53.5937744392728 4
47.3283333333333 56.69515346487 4
49.3023333333333 55.5751176206105 1
4.68833333333333 4.54955141288312 1
5.09533333333333 6.34020046353246 1
3.28833333333333 3.55296985148052 1
25.7083333333333 24.011254839052 4
45.2483333333333 43.4408265228442 1
34.3073333333333 15.1238271099481 4
45.7183333333333 43.546547539039 1
3.08833333333333 3.75135060480519 4
4.25833333333333 3.394341555 4
10.8683333333333 16.4983317065844 1
3.83833333333333 3.37193509938961 1
3.43033333333333 3.65365472293506 1
36.4563333333333 30.3186333490389 4
23.9083333333333 29.5239527291818 1
40.4983333333333 50.0562323245066 0
22.3683333333333 28.5417647103766 4
6.98933333333333 11.6367346921948 4
41.7543333333333 33.3089794829481 1
3.37833333333333 3.62655318506494 1
31.1883333333333 35.3651278710259 1
3.68233333333333 4.40299805102597 1
3.71733333333333 3.79664658027273 1
24.4843333333333 6.74998608549351 1
44.3903333333333 35.5802494503506 1
53.6003333333333 46.4392614131299 4
3.35633333333333 3.91681726761039 1
43.1583333333333 36.8110833106364 4
15.7573333333333 15.1590447062597 1
9.22833333333333 9.95777341281819 1
1.24833333333333 3.87365755749351 1
54.6733333333333 46.0854099711429 4
47.5503333333333 36.0223439718831 4
22.9483333333333 28.5363435536494 4
33.3913333333333 31.1717350097403 1
33.5253333333333 31.0413920493636 4
20.0083333333333 21.6168295553247 4
19.3783333333333 21.769452694948 1
3.23833333333333 4.75403633332467 1
25.2133333333333 32.7725087008312 1
3.67533333333333 4.86333121779221 1
48.8283333333333 37.7765694636104 1
23.4583333333333 31.3523855669741 1
51.4783333333333 42.1041408152597 1
3.64933333333333 4.87615703507792 1
3.50733333333333 3.1732830614026 1
4.03133333333333 4.63306446375325 1
35.4313333333333 43.3457062547403 1
3.58033333333333 3.41634044075325 1
3.70833333333333 3.40267862192208 1
25.6403333333333 31.5192959642468 0
53.9813333333333 35.2700022241948 4
49.2283333333333 52.3064871957532 1
49.2283333333333 52.3102335944805 1
49.2283333333333 52.3139809946104 1
49.2283333333333 52.3177293992728 1
49.2283333333333 52.3214788101689 1
49.2283333333333 52.3252292305455 0
49.2283333333333 52.3093768111299 1
49.2283333333333 52.3122667506233 4
49.2283333333333 52.3151570166364 4
49.2283333333333 52.3180476110519 4
49.2283333333333 52.3209385362468 1
10.7533333333333 12.3931376932857 4
3.11333333333333 4.35708646566234 4
27.2583333333333 39.5694137717792 0
10.0183333333333 11.6552348700909 4
20.6383333333333 26.0283381561688 4
16.1183333333333 18.0214741795844 1
56.1543333333333 35.1969852905843 1
8.45833333333333 12.8252030872468 1
29.6333333333333 35.4521132491818 1
3.05833333333333 4.34684188844156 4
2.16833333333333 4.17480825236364 4
3.42833333333333 3.51646788846753 0
50.1183333333333 35.2423989383766 0
4.58833333333333 3.57532836987013 4
3.27933333333333 3.9969277685065 4
6.59833333333333 12.5813441026234 1
4.97833333333333 3.53453802876623 4
3.44933333333333 4.04220629489611 4
53.9323333333333 38.9187359296364 1
46.3783333333333 38.9217669659481 4
21.4503333333333 24.9811316057663 4
52.6783333333333 39.0282406843507 4
3.11433333333333 3.38666487254545 4
3.84833333333333 3.54111594831168 1
8.11733333333333 11.9968474153247 4
8.86433333333333 10.3087626125195 1
3.17733333333333 4.04140726998701 1
3.42533333333333 3.74454112701299 1
22.0083333333333 21.4656218963896 1
4.16533333333333 4.16103209157144 1
2.74833333333333 3.03526205451948 4
26.2543333333333 25.670220921026 1
3.47833333333333 3.41760134164935 1
2.84933333333333 4.22340160227273 1
3.61133333333333 4.0293783582987 1
3.50033333333333 4.18550651035065 1
19.2283333333333 25.4457734398831 0
4.12133333333333 4.07079094696104 4
48.8283333333333 38.3019763317143 1
48.8283333333333 38.3015525376234 0
48.8283333333333 38.3011297315325 4
48.8283333333333 38.3007079144156 1
48.8283333333333 38.3002870865195 1
2.64833333333333 3.7590848081039 4
48.8283333333333 38.3013114675714 4
48.8283333333333 38.3002213268961 4
48.8283333333333 38.2991306897663 4
48.8283333333333 38.2980395558831 1
48.8283333333333 38.2969479241688 4
6.66833333333333 8.31528985988312 4
2.95833333333333 4.17149296049351 4
31.9683333333333 30.5476527521429 4
8.89033333333333 11.3363689335065 1
2.57833333333333 3.89450911692208 1
6.93833333333333 6.55401781576624 4
17.5193333333333 17.365285016039 1
1.56833333333333 3.84217363988312 1
3.23933333333333 3.72616377285714 1
2.38533333333333 3.83353359124676 1
2.50833333333333 4.13849005064935 4
17.3223333333333 17.3497161641039 1
3.00533333333333 2.80817643353247 4
2.63933333333333 7.54346373224674 1
1.02833333333333 4.02676748435064 1
2.94533333333333 4.05774522894805 1
36.0893333333333 28.9197673084545 1
26.7973333333333 26.9611073091818 4
3.79233333333333 5.56634046437662 1
30.2383333333333 28.7464784005974 4
27.7383333333333 28.5108733925065 4
16.1043333333333 18.1655484756624 3
24.6933333333333 28.1759951095974 4
2.06833333333333 3.33251230714286 4
9.24833333333333 9.42127496597403 4
2.52733333333333 3.08594448071428 4
16.0783333333333 17.2994374598831 4
14.1393333333333 14.3572122334026 4
10.6983333333333 14.2615505879091 4
15.0183333333333 14.5853993442857 4
2.99833333333333 2.77390797967533 4
19.1403333333333 13.9169030891558 3
2.39833333333333 3.72617300688312 4
3.07033333333333 3.67202845576623 1
1.57933333333333 7.40518974258443 4
2.41833333333333 3.57269771683117 1
2.90733333333333 3.00425098167532 4
1.89833333333333 5.62535770506493 1
2.60833333333333 2.70935468428572 4
0.941333333333333 5.5935345558961 4
5.69733333333333 4.00034402876623 3
2.09833333333333 3.3879337782987 4
2.48633333333333 4.68939751437663 3
2.41633333333333 4.12535074722078 4
-0.289666666666667 5.32015323236364 3
2.70633333333333 3.91454045457143 4
4.17833333333333 5.66309678680519 4
2.00833333333333 3.7311681242987 4
5.66833333333333 5.57413227628571 4
0.649333333333333 4.26071249601299 4
2.85833333333333 4.03872525567532 4
2.32233333333333 3.25034687535065 4
2.09833333333333 2.98005576409091 3
-0.986666666666667 2.31550873023377 4
2.28833333333333 2.7099595341039 3
-0.721666666666667 1.9384618368052 3
-0.543666666666667 2.95135962266234 3
-0.715666666666667 1.92211144107792 4
2.61433333333333 3.24956690701299 4
-0.135666666666667 1.9241371785974 3
2.48333333333333 3.44799764257143 3
2.23933333333333 3.13430651023377 3
2.31433333333333 2.70403067554546 3
-0.206666666666667 1.80045963457143 3
2.44233333333333 3.40289973248052 3
-2.25166666666667 0.449589120766234 3
1.91833333333333 3.3590721132987 3
-4.52266666666667 -0.32648481387013 3
-4.15766666666667 -0.929573977805194 3
-3.72766666666667 -0.572762422896104 3
1.21633333333333 1.25443166790909 4
3.16233333333333 2.96855055911688 4
-6.32666666666667 -1.51956322902597 4
-1.41166666666667 -1.57165452379221 3
-11.6916666666667 -20.1407487337402 4
-3.95166666666667 -1.52540425596104 4
-6.24766666666667 -1.86340774184416 3
-2.18066666666667 -1.2289552632987 3
-10.9056666666667 -4.24912268349351 3
0.598333333333333 -2.034667502 4
-2.68566666666667 -1.72310438890909 3
0.382333333333333 -0.780198256623376 3
-5.02166666666667 -2.45195258997403 4
1.55733333333333 2.66555068179221 3
2.72233333333333 2.60489484871429 3
1.87233333333333 2.46337216214286 4
-12.7596666666667 -27.9417409654546 4
1.72833333333333 0.662591375402597 3
1.29833333333333 2.50635768944156 3
-10.7276666666667 -4.06057538844156 3
-3.37166666666667 -1.7857335922987 4
-6.06566666666667 -3.58148788758442 4
1.07133333333333 0.086941754038961 3
-14.2376666666667 -5.31412296611689 3
-16.3416666666667 -27.7631910065454 4
1.85033333333333 1.02911496642857 4
-2.81366666666667 -3.61687946984415 4
-2.73466666666667 -2.44063388372728 3
1.73833333333333 2.35947686053247 4
2.94433333333333 1.36573082907792 3
-0.490666666666667 -2.17330662758442 4
-13.8226666666667 -5.86754803141559 4
-14.4916666666667 -5.87362433831169 4
2.50433333333333 1.96145466076623 4
1.91933333333333 2.30634121820779 4
-20.4256666666667 -15.8209618784286 4
-20.7806666666667 -10.3185542248961 4
2.38133333333333 2.13159420646753 3
3.91433333333333 2.19924780062338 4
3.09133333333333 2.21049445027272 3
-23.9416666666667 -13.8948473181948 4
2.58833333333333 1.80720092193506 4
-25.1436666666667 -13.9067339187922 4
2.05633333333333 2.15134408350649 4
2.75733333333333 1.22811521541558 4
-2.01166666666667 2.34534475697403 4
2.44833333333333 2.3353740627922 4
1.98633333333333 2.35140437567532 4
2.66333333333333 1.82677095809091 4
-0.781666666666667 0.879416268259741 4
-7.14166666666667 -8.54954833729871 0
3.56633333333333 0.500079804467533 0
-3.81166666666667 -9.5472687007013 0
2.47833333333333 -1.09911613828572 0
3.32633333333333 -1.30817793262338 0
2.84333333333333 -2.83720781824675 4
