-0.673333333333333 -0.284675121142857 0
0.716666666666667 0.0292296008311688 0
-0.0433333333333334 0.255445520168831 0
-2.43333333333333 7.31348931005195 0
-0.973333333333333 7.31894217235065 0
3.92666666666667 6.89962121088312 0
-4.09333333333333 6.7588096301948 0
-1.70333333333333 6.66102468564935 0
-0.383333333333333 5.97522559838961 0
0.0866666666666667 3.8704613012987 0
-0.443333333333333 3.73104764101299 0
-0.173333333333333 4.27892143794805 0
-4.68333333333333 -2.99964248825974 0
-5.00333333333333 -3.29948643374026 0
-3.35933333333333 -3.42596801550649 5
-4.48333333333333 -3.18510972428571 0
-1.07933333333333 -3.12646961909091 5
-5.27175333333333 -3.8238904988961 5
-3.61333333333333 -4.15715261936364 0
-15.6723333333333 -3.96946274733766 0
-0.426333333333333 -3.14646887790909 0
-5.71475333333333 -3.90107885509091 0
-5.74333333333333 -3.78577200183117 5
-5.35815333333333 -3.90272502587013 0
-27.1563333333333 -4.56914387848052 0
-3.24433333333333 -3.52068477862338 0
-29.1833333333333 -5.09027322537662 0
-6.13848333333333 -3.86703641164935 0
-14.3152533333333 -5.21400161581818 0
-15.5883333333333 -5.46428590276624 5
-1.09433333333333 -2.4880748167013 0
-2.51791333333333 -2.45694656998701 0
-2.76933333333333 -2.3255151442987 0
-9.02184333333333 -3.78227225375325 0
-9.83325333333333 -5.54858185323377 0
-3.10833333333333 -3.01043278263637 5
-5.45929333333333 -1.97533659836363 0
-21.2133333333333 -4.17325813903896 5
-5.67033333333333 -1.8787708348052 0
-4.42133333333333 -3.60845826057142 0
-25.9333333333333 -5.53683018371429 0
-8.56956333333333 -5.81493194098701 5
0.526666666666667 -1.9843544941948 0
-10.6933333333333 -3.54504463179221 0
-6.67461333333333 -3.54562549815584 0
-6.45798333333333 -3.53708706183117 0
-2.22333333333333 -4.11551018051948 0
-9.41502333333333 -6.15394448931168 0
-0.998283333333333 -0.29310077764935 0
-12.6953333333333 -6.32469846051948 0
-2.49333333333333 -0.23654800248052 5
-5.56386333333333 -3.39192286998701 5
-25.4973333333333 -5.84940951964935 0
-15.1633333333333 -5.40816035624676 0
-1.04589333333333 -4.22642656202597 0
-3.16233333333333 -1.05574997245454 0
-20.2583333333333 -5.05666940306493 0
0.410666666666667 -1.46715950448052 0
-4.66400333333333 -3.35852217262338 5
0.773726666666667 0.671971472961038 0
0.939666666666667 -2.71857053051948 0
3.20466666666667 0.934522582077922 0
-22.4923333333333 -6.2089541594935 5
-15.3114833333333 -6.58821058701298 0
-18.4123333333333 -3.67975778835065 0
3.60066666666667 0.877588090675324 0
-8.13943333333333 -3.20977022596104 0
-7.89726333333333 -3.41721677859741 0
-1.36265333333333 1.29648411212987 5
2.88666666666667 1.97286741174026 0
-16.5845433333333 -6.94503563227274 0
-0.324333333333333 -2.35542443902598 0
-3.43333333333333 -1.20144718884416 0
-6.58778333333333 -3.11580835738961 5
-23.4393333333333 -6.96683414354547 0
8.68666666666667 -1.97823610428571 0
4.24666666666667 2.38281044714286 0
6.44200666666667 2.59481776084416 0
-0.0333333333333334 2.48352568349351 0
5.51466666666667 3.11241097997403 5
-27.2333333333333 -6.26324004157143 0
3.28299666666667 2.97639955496104 0
-5.63742333333333 -2.98113967003896 0
-2.77249333333333 -1.61003610051948 0
0.827666666666667 -1.22133981528572 0
-19.0473433333333 -7.31534813345456 0
1.23666666666667 2.17387334005195 0
4.44266666666667 -1.6096433591039 0
4.64344666666667 3.71858463428571 0
-5.62274333333333 -2.78171130607792 0
-1.59133333333333 -0.898436089142857 0
-21.5083833333333 -7.56561437951948 0
6.46207666666667 -0.690908835545455 0
2.35766666666667 -1.10883104633766 0
3.07266666666667 0.675409359857143 0
4.94659666666667 4.47862729272727 0
5.44066666666667 4.43491403489611 0
-15.5893333333333 -7.88271860318183 5
-3.62534333333333 -2.59619076193506 0
6.45286666666667 -0.798734223467532 0
-10.7363333333333 -4.08905929385714 0
1.29066666666667 -1.48129736987013 5
9.57400666666667 0.0021871797012987 0
1.21366666666667 -0.490895287350649 0
4.41066666666667 -0.254149509181818 0
0.745666666666667 0.424605676766234 0
3.62026666666667 -0.30303359835065 0
-13.1053333333333 -6.8215797356883 0
-5.35382333333333 -2.34928295864935 0
-14.0273333333333 -7.67359869749351 0
2.31266666666667 0.889598844415583 5
-3.93433333333333 -3.42662805538961 0
3.82659666666667 0.119006116428571 0
-19.5459333333333 -7.95182047385714 0
2.83366666666667 0.965286119844156 5
1.82566666666667 0.295992288142857 0
-2.95152333333333 -2.13129879832467 0
4.08315666666667 0.560086267168831 0
-10.1703333333333 0.534459336246754 0
0.0166666666666666 1.43810025714285 0
9.11643666666667 1.27743126062338 0
5.33004666666667 0.916948220779221 0
-21.7970433333333 -8.12014503802597 0
1.54666666666667 0.518495965168831 0
-3.37662333333333 -1.44967647087013 0
-8.49233333333333 -1.32171057574026 0
-40.1853333333333 -8.06852858232467 0
7.33017666666667 1.2446530698961 5
4.43966666666667 0.0300622438311688 0
-0.0233333333333334 0.806094533857143 0
2.94666666666667 1.39343690214286 0
-7.49233333333333 -6.53497127692208 0
2.49666666666667 1.42997312194805 0
-2.28333333333333 1.07483955383117 0
7.14666666666667 1.46239637974026 5
6.36503666666667 1.82922551123377 2
-0.133333333333333 0.880313578337661 0
-8.92333333333333 -4.95948522681818 0
2.78066666666667 2.11912310011688 5
-17.1145733333333 -8.2373836978052 5
3.91266666666667 1.10534355468831 2
-1.53966333333333 -0.913552860987013 0
8.12204666666667 1.78888471193507 0
4.94166666666667 1.33949050858442 0
7.55420666666667 2.25731216846753 5
2.39763666666667 -1.48207851627273 0
-26.2733333333333 -8.0232102278961 0
-2.09333333333333 -1.21305547764935 2
-1.29533333333333 2.3003800198961 0
2.25748666666667 -0.507494925207793 0
-4.25333333333333 -7.15815462251949 0
-6.11833333333333 -7.15744283446754 0
5.57666666666667 2.46693895901299 0
2.53766666666667 2.06723369335065 0
-2.31333333333333 -5.44862645481818 2
7.10907666666667 2.46347715611688 0
-16.5513533333333 -8.29148750393507 0
-0.715703333333333 -0.226881776077922 0
7.77694666666667 2.17645988197402 0
-3.14133333333333 0.750462837077922 0
2.38145666666667 0.723160222883117 0
2.97319666666667 2.54648170745455 0
2.33163666666667 1.64052789158442 2
2.39181666666667 2.03176163546753 0
1.21412666666667 0.00545978366233766 0
2.96066666666667 2.36528869358442 0
5.07466666666667 4.13685314167533 2
8.26593666666667 2.4413876271039 0
2.50922666666667 1.43551298709091 5
8.21347666666667 2.45430975879221 0
-15.3482633333333 2.62927502316883 0
2.03788666666667 2.81501192031169 0
3.23799666666667 2.79985402561039 0
4.19166666666667 2.82236652544156 0
10.2666666666667 -0.77741188964935 0
-4.39333333333333 -6.56835690375324 0
3.21434666666667 2.69240194289611 0
-14.6788933333333 2.67749844372727 0
2.09666666666667 1.66902328712987 0
3.50466666666667 2.54087811224675 0
-20.2733333333333 -8.39922683257143 5
4.35743666666667 2.44966346361039 0
-1.49533333333333 -5.0024593571039 0
-14.0209033333333 2.70083650542857 0
9.21797666666667 3.47787896718182 0
0.643716666666667 3.13098819533766 2
3.65958666666667 0.857701865584417 0
4.20133666666667 3.53578800467533 0
3.64626666666667 2.82492720157143 5
5.47919666666667 2.81475227820779 0
2.49666666666667 3.52546615733766 0
5.13999666666667 2.80142708785714 0
-15.4653933333333 -8.12630338663636 0
5.49889666666667 3.70112555729871 2
-1.46562333333333 2.82791454989611 0
-12.7653333333333 -6.31389162303897 2
3.46945666666667 1.15244407848052 0
3.62166666666667 0.105735615506493 2
-12.8301133333333 2.74859714322078 0
0.540786666666667 2.85443530276623 0
-15.1052233333333 -8.09532932424675 0
2.63276666666667 3.50134728501299 0
2.20666666666667 3.38686473845455 0
12.4326666666667 3.37500399866234 5
4.86186666666667 1.05285167083117 0
0.417666666666667 3.30400712544156 0
0.527126666666667 2.90810153285714 0
2.24166666666667 5.59484226444156 0
6.12471666666667 3.98968653401299 0
-10.6333333333333 -0.315214665103896 0
-3.74734333333333 2.72520312436364 0
-0.0997233333333334 2.97895088061039 5
-0.281153333333333 2.97793647496104 0
-1.99733333333333 -0.527442237714285 2
6.40166666666667 3.42237976984416 5
-21.7133333333333 -7.43163263463636 0
3.63644666666667 1.2582547055974 0
-1.48582333333333 3.03730253277922 2
-2.11441333333333 6.1794057104935 0
-1.09628333333333 3.0916579845065 0
0.0956666666666667 3.42603568123377 0
3.20498666666667 3.92606636367532 0
4.73566666666667 1.03451357388312 0
-8.05733333333333 -7.16150591480519 2
2.08948666666667 3.1731601661039 0
-9.06333333333333 2.29721023835065 0
-10.9284733333333 -7.86502978376624 0
13.4866666666667 -1.16163663561039 0
2.39766666666667 -1.14211839332468 0
-2.97033333333333 -0.128572525766234 5
4.77096666666667 1.14243849948052 0
1.97285666666667 4.12177809823376 0
6.36666666666667 4.32545684832468 5
-3.21055333333333 5.16859422561039 0
-3.41733333333333 -4.2719197315974 0
0.486666666666667 1.60904642 0
1.66815666666667 4.19888841388312 0
6.79766666666667 2.60202873671429 2
7.67666666666667 4.49168681919481 0
12.3572666666667 4.77469065362338 0
1.48666666666667 4.20232601725974 0
-46.9933333333333 -8.62993342512987 0
2.17666666666667 4.51619460098701 5
4.82563666666667 1.11106466881818 0
-21.5413333333333 -8.91230335581818 0
-0.853333333333333 -0.400531431974026 5
2.81319666666667 5.167175268 0
6.42074666666667 4.77612709079221 5
3.03666666666667 -1.13307111133766 0
-4.87533333333333 -1.56351194168831 0
-2.35826333333333 5.32928321405194 2
13.9639166666667 5.49009783927272 0
2.47652666666667 5.30670995696105 0
8.87752666666667 8.13565494375324 2
-6.83438333333333 -7.01969215266233 5
9.71666666666667 4.88114101188312 2
2.44666666666667 4.92565680681818 0
-44.9133333333333 -8.85778699740261 0
4.77640666666667 0.928273058571429 0
-48.1783333333333 -8.85666591236363 0
3.38535666666667 5.39856059725973 0
-1.79333333333333 0.900794694506493 5
3.42266666666667 -0.543557020467532 2
-2.63333333333333 0.865708531337662 0
7.39666666666667 4.95807008212987 2
-2.63333333333333 0.438918644038961 0
-6.59154333333333 -6.98915357116884 0
-15.0633333333333 0.511216702194806 2
-2.88333333333333 5.4264349722987 0
5.45066666666667 5.40404998248052 0
9.99131666666667 8.09173255209091 0
13.0203666666667 6.18304235676623 2
7.64466666666667 5.41820816654545 2
-7.22650333333333 -6.9041352435844 2
4.43666666666667 -3.02805348831169 0
1.96892666666667 5.60996418727273 0
2.00666666666667 3.15241511180519 0
5.60225666666667 6.3694103265065 0
11.7385966666667 8.2947627372987 5
3.61166666666667 0.0429601583766234 0
3.17018666666667 1.39094831548052 0
1.21266666666667 1.39025619327273 0
1.23496666666667 5.64369830737663 0
-5.24653333333333 -0.280520922779221 2
-0.356333333333333 1.64192459637662 0
1.49566666666667 0.662508286844156 2
7.30766666666667 5.2642720686104 0
4.96761666666667 1.46565238894805 2
12.8711466666667 6.59452815111689 0
1.53162666666667 5.7082753087013 0
-6.46701333333333 -6.56735206162338 0
8.49866666666667 5.68553830748052 0
5.21390666666667 1.59639593141559 0
15.1636666666667 6.62985293648051 5
3.32254666666667 5.79613482268831 0
4.11701666666667 -0.648217814402597 0
2.00666666666667 1.03451535172727 0
-0.363333333333333 -6.12423590051948 0
15.9754866666667 6.61991576324676 2
9.74666666666667 6.28828899388312 2
4.20866666666667 1.22882970851948 0
4.96564666666667 1.78535445218182 0
2.59766666666667 1.91503536161039 5
5.18001666666667 5.95282452679221 0
-4.52243333333333 -6.21632745262338 0
-48.0533333333333 -8.73970600140259 0
-1.16333333333333 1.96389508822078 0
11.1003366666667 10.6212727066234 2
15.6334666666667 6.50806819059739 0
5.88134666666667 3.34473479915585 0
-3.89396333333333 -0.759153844571428 2
2.19666666666667 -0.768302771649351 0
5.37052666666667 5.98414289615584 0
3.44380666666667 5.90277602505194 2
-17.6763333333333 -8.96291075212987 0
0.0266666666666666 -2.34530712377922 2
4.19034666666667 5.91302528828572 0
17.0440766666667 6.43271712685714 0
7.95269666666667 3.53665175001299 5
2.52766666666667 -6.3429982875974 0
0.969666666666667 -3.10901795154546 0
4.23343666666667 5.92290481729871 2
-3.89141333333333 -0.758918477025974 0
16.8114066666667 6.31385725498701 0
9.88262666666667 3.7153650887013 0
3.43066666666667 -1.370318174 0
4.46012666666667 5.98481999779221 0
3.92466666666667 -0.0228417666363636 2
12.9379866666667 10.447282671961 0
8.94566666666667 6.18806161574026 5
-12.3453333333333 -8.01194619180519 0
4.29137666666667 3.95330106006493 0
14.3166666666667 6.9857005017922 0
-0.725243333333333 -0.476006197233767 5
2.05744666666667 6.28853665693507 0
-1.19933333333333 1.48146528536364 0
5.23377666666667 6.11425357511689 0
-4.56105333333333 -5.65442850487013 2
15.3204866666667 9.94215479515584 5
0.431666666666667 -0.890990004246753 2
10.4766666666667 6.22446375492208 0
-60.2333333333333 -8.2978596082987 0
18.3624566666667 6.20050943709092 0
3.52702666666667 6.21665226506492 0
3.16025666666667 6.25085147048052 2
-17.6643333333333 -9.38269347145454 0
18.4781666666667 9.44087532302598 5
15.1036666666667 7.72419041106493 0
18.7864566666667 6.15652088141559 0
7.60066666666667 -0.71847790574026 5
-33.0183333333333 -8.74762432801299 0
1.03166666666667 -0.204616933792208 0
5.42866666666667 -1.82271054809091 0
4.93514666666667 6.42914680564935 0
22.3526966666667 8.89051527858441 2
-5.31359333333333 -5.26425424932467 0
-4.70333333333333 -0.487731564311688 0
7.70266666666667 5.12435599353247 0
-39.3093333333333 -6.97490567092208 5
8.76866666666667 5.4085723825974 0
7.23666666666667 5.41525191315585 2
-39.6533333333333 -6.63917730662339 2
11.5540466666667 6.04053674428572 2
22.1646766666667 8.19971786445454 2
3.01193666666667 6.60389272475325 0
13.3466666666667 6.89156269357143 0
0.146756666666667 -3.22721460083117 2
-4.23433333333333 1.64114214087013 2
-2.90333333333333 1.61809833607792 0
12.9501866666667 5.54409707328572 0
-29.4373333333333 -6.12954225638961 0
19.7836666666667 8.14467279244156 2
-3.06333333333333 -2.87529363398701 0
12.6426666666667 6.75189608945456 2
9.30866666666667 -1.16304645663636 0
8.15666666666667 6.83179078514286 0
1.05728666666667 6.72834380983117 0
-5.01530333333333 -5.01373395574026 0
-1.28033333333333 -0.398893234207792 0
16.0266666666667 -0.0562562314415584 0
5.42056666666667 6.78390705332467 2
17.1217266666667 5.89126987576623 0
8.47268666666667 6.10422773550648 0
-0.259243333333333 -2.23068162111688 0
16.0346666666667 6.82573017914285 0
-1.32333333333333 -2.70771797603896 0
12.1681066666667 8.32225973474026 2
6.14987666666667 6.84898831146753 0
-5.58933333333333 0.67213318961039 5
-10.9973333333333 -5.17042349525974 0
7.30715666666667 6.88185707897404 0
24.1416166666667 5.77003060772727 5
4.54166666666667 -1.83315322467532 2
16.8261566666667 8.31031123051948 0
11.0166466666667 6.65610651153247 0
6.17460666666667 6.90692608174027 0
19.4446666666667 9.8017913050909 0
22.9285866666667 5.68220320722079 0
-0.212453333333333 -1.65597714268831 0
6.79413666666667 6.93492724562338 0
-13.0063333333333 -8.31489467003897 0
10.5117066666667 6.06764128309092 0
17.5317966666667 6.07300535624675 0
-13.7733333333333 -9.34357098558441 0
3.51166666666667 -1.84861578990909 5
7.48167666666667 8.45733825084414 5
12.2766666666667 6.51714117097402 0
21.7140566666667 6.09879010536364 0
-1.97173333333333 -4.36757785722078 0
3.43226666666667 6.99337547402597 0
23.5683566666667 6.16734828889611 0
4.76999666666667 6.96784592923376 2
9.81827666666667 6.99066611077923 0
6.49144666666667 7.02677695087012 0
6.74469666666667 7.09064573154546 2
16.4508666666667 6.10229948281819 0
-22.4783333333333 -4.78744061283117 0
-13.3713333333333 -5.79203911767533 5
25.0296266666667 5.51419736763636 2
19.9507466666667 3.60041890484415 0
25.1416766666667 2.9003018767013 2
4.49439666666667 7.29748132667532 0
2.77742666666667 7.181930555 0
-0.769693333333333 -1.26918080031169 0
23.7456366666667 3.40253149879221 5
4.59231666666667 7.47692598319481 5
0.293336666666667 -1.04328219836364 0
-0.0163333333333333 -0.247045208857143 2
12.4454366666667 3.40688899755844 0
-38.0433333333333 -8.30200610514286 5
10.9026666666667 8.17022500797403 0
-1.60722333333333 7.70493963276624 0
-0.821803333333333 -1.07511563068831 0
9.88803666666667 7.59844268983117 0
22.8780566666667 3.36770861675325 2
27.7986666666667 6.33445134011689 2
-4.16533333333333 -7.7338900997013 5
-22.0253333333333 -4.32387969662338 2
8.91766666666667 7.35753129494805 0
12.8195166666667 8.89057582087014 0
0.0786366666666666 7.78885939789611 0
-34.6203333333333 -7.54611073440259 0
15.6861566666667 3.3356641407013 0
3.52379666666667 7.87772214327273 0
17.4866666666667 0.182739469233766 0
-2.53109333333333 -2.2326626605974 0
-0.625993333333333 -0.75239647738961 2
6.61608666666667 7.50827879033766 2
-6.06333333333333 -7.63358558422077 2
-13.6533333333333 -2.51941207441558 0
14.7170666666667 3.31486443367532 0
-5.51896333333333 8.00511780807791 0
-2.42633333333333 2.79863588897403 0
-0.0683333333333334 8.6591298292987 0
16.1436866666667 3.27501847209091 0
0.396666666666667 1.4316086691039 0
-0.963153333333333 8.0325570399091 5
5.95809666666667 8.46254984622078 0
1.82666666666667 -3.16718338653247 0
7.84992666666667 6.71749889411688 2
-5.15459333333333 -0.183976465597403 5
22.2949566666667 3.20260238036363 0
-4.89333333333333 2.14399931216883 2
-0.210333333333333 2.13612116181818 2
-0.967043333333333 8.06785111232468 0
-0.853653333333333 -1.22282364697403 0
13.1397166666667 3.15575555387013 0
7.66066666666667 6.27083006477923 0
-26.7213333333333 -8.52084589481818 0
6.19366666666667 8.37806431938961 0
-0.107223333333333 8.19652840123376 0
5.94984666666667 6.24236642128572 2
-11.9833333333333 -4.16229521732467 0
19.2637666666667 8.75202945423376 0
-0.405103333333333 0.418180917636363 0
13.8072266666667 6.21773302940259 0
-0.258663333333333 -0.729430102883116 0
0.608016666666667 8.31263144259741 0
13.9260266666667 3.13333625593507 2
4.88666666666667 8.55754345994805 0
8.92686666666667 8.81244053345455 2
-1.69333333333333 1.32625593714286 0
1.35991666666667 8.29179243998702 2
-9.78833333333333 -2.9332488054026 2
15.1291166666667 3.1053207868961 0
1.82566666666667 1.53348131020779 0
1.51866666666667 1.45742823553247 2
-50.5886933333333 8.87330823894804 2
1.03156666666667 -0.217913432896104 0
0.383156666666667 8.32122561251948 0
10.6198666666667 5.86957675427272 0
10.0916666666667 7.99342620783116 0
2.90666666666667 -0.860591986662336 2
1.61666666666667 3.01565301180519 0
1.98666666666667 3.24992415177922 0
2.95866666666667 3.25839794493507 0
-0.0233333333333334 2.53764454084415 0
0.290236666666667 8.29912961688312 0
1.00966666666667 -1.12466144393506 0
2.07966666666667 0.514079323220779 0
8.38295666666667 9.08840154659741 0
8.14354666666667 8.97628747879222 0
13.6393666666667 9.22822698666233 0
8.74477666666667 8.77684302087014 0
9.30822666666667 6.36877124057142 2
15.7794666666667 9.2443691405844 0
0.518846666666667 0.673514759688312 0
0.236666666666667 8.10420856935066 0
9.46266666666667 3.00910393133767 0
1.15866666666667 8.78510544037663 0
-0.202333333333333 3.32686382894805 0
9.89516666666667 8.77228684237662 5
10.6152466666667 8.65114615936363 2
5.57266666666667 7.86411679311687 5
10.2719866666667 8.63509416201299 0
2.84413666666667 1.62074085571429 0
-2.97961333333333 6.78589456094806 2
9.96960666666667 8.58194644467533 5
11.4535666666667 8.87644662938961 0
2.78266666666667 1.94084071620779 0
8.58154666666667 8.55969345767533 2
7.42366666666667 6.68362468983117 0
-1.16333333333333 1.9325491852987 2
-11.3043333333333 -1.28027515697402 0
8.63190666666667 3.558415955 0
-2.27033333333333 -6.02662111744155 5
1.04666666666667 2.69039880585714 0
2.52766666666667 2.55712321625974 2
1.13766666666667 0.0741293704675325 2
-19.1833333333333 -8.27609328376624 0
-1.16233333333333 -1.08739118387013 5
3.20866666666667 4.63450500333766 2
2.88666666666667 1.87055229323377 2
7.96023666666667 8.15199905698701 2
-2.58757333333333 -1.57292587346753 0
5.17666666666667 2.70021881992208 0
-3.45733333333333 2.72849000267532 5
-18.9953333333333 -8.09886305685715 0
-1.56333333333333 1.99086019624676 0
-8.06333333333333 -1.85518197725974 0
8.21266666666667 2.66341325118182 0
-1.76322333333333 2.68764376107792 2
-5.07233333333333 0.374498360701299 2
3.90185666666667 0.346203827805195 2
2.65881666666667 0.381198818779221 0
-0.604333333333333 0.145972752649351 0
9.92422666666667 7.79016791011688 2
8.08601666666667 7.76656846920779 0
-7.20133333333333 -7.18377073371428 0
1.03702666666667 2.58573940250649 0
-2.05333333333333 -0.378847167766234 0
3.50666666666667 4.44498306732467 0
-1.72333333333333 5.76483651435065 0
0.412816666666667 2.3031831528961 5
-0.0363333333333333 -0.741428169688311 5
-1.91746333333333 -0.72012517135065 2
-2.70333333333333 1.03451564524675 0
12.5156666666667 4.4040095668961 0
1.66215666666667 2.13681674607792 5
-0.256333333333333 -0.474115928207791 0
0.970666666666667 0.219670452311688 2
11.3986666666667 6.87329644424676 2
8.59666666666667 6.77786670728571 2
4.52066666666667 5.06313175496104 0
9.71666666666667 6.76905318077922 2
10.8226666666667 3.33734735041558 0
-21.3133333333333 -7.10081668087013 0
-3.64333333333333 -4.41684543397403 2
-2.40353333333333 0.977274453558442 0
3.46366666666667 1.86564227390909 5
-9.46333333333333 -5.29206568687013 0
-6.03033333333333 1.04877478405195 0
2.20597666666667 2.17196466712987 5
-2.24087333333333 -0.130836271818182 2
3.14666666666667 3.04911420733767 0
-3.75333333333333 0.767293066441559 0
-0.316333333333333 1.75429539185714 2
-3.00115333333333 1.04781547431169 5
2.46653666666667 2.18726941889611 5
2.44266666666667 1.89144981089611 0
-0.616333333333333 0.836152060831167 2
7.79666666666667 6.44313923232466 0
-29.3973333333333 -6.62384840011688 5
3.73566666666667 6.39228322316883 0
0.586666666666667 1.93539703457143 5
-5.34633333333333 -6.63350337053247 0
-1.25775333333333 1.07141827564935 0
2.58757666666667 2.07435630379221 0
-2.47233333333333 3.82205296693506 2
-0.560053333333333 0.387797860987013 5
-3.05333333333333 -3.2822520832987 2
-4.58933333333333 -5.18922516911689 5
2.62841666666667 2.02063800468831 0
0.208666666666667 1.02464545744156 2
3.45066666666667 1.49969342279221 2
-12.2533333333333 -5.87111995811689 0
0.153666666666667 1.67098865776623 2
-21.2453333333333 -5.74755869597403 0
3.01073666666667 1.90536370777922 2
3.75466666666667 -0.680035521207793 2
4.31666666666667 3.08493105488311 5
-6.96533333333333 2.07640619637663 0
-5.51133333333333 -5.78098404018183 0
-5.76133333333333 1.66566042962338 0
-6.60333333333333 -5.38161421279222 2
6.95666666666667 3.87367078215584 2
1.16666666666667 1.23227612612987 2
-2.18592333333333 1.36125850258441 5
-2.80333333333333 -2.94491633402598 2
-3.47333333333333 1.62347201849351 5
3.52238666666667 1.79216105327273 2
-1.44233333333333 1.99557633798702 0
0.990916666666667 1.16022722828571 0
-3.72333333333333 -4.32079627766234 2
-5.07333333333333 -5.99406754112988 0
4.24966666666667 3.80130229911689 2
2.04166666666667 -0.32042988387013 0
0.433126666666667 1.37538176754545 2
1.61011666666667 1.38094740131169 5
0.277826666666667 1.620093387 0
-3.45033333333333 -2.86453680316882 0
8.53166666666667 3.2145556547013 2
-6.83033333333333 -4.4827588887013 0
-2.83033333333333 2.17164919392208 0
3.02697666666667 1.64090847014286 0
0.846666666666667 1.68895230090909 0
5.60666666666667 2.89235207163636 2
5.15766666666667 3.23762174124675 0
0.947266666666667 1.94073781502597 0
-0.493333333333333 1.23030336461039 0
-9.91733333333333 -1.45632537367532 0
-4.14433333333333 -5.62323562264934 0
-0.280333333333333 1.67200601453247 0
1.27666666666667 2.09477370763636 5
-0.443333333333333 1.13602131054545 0
-3.95433333333333 -1.23334247502597 0
1.31666666666667 2.05472795924676 2
-0.623333333333333 1.68193726403896 0
-1.87333333333333 0.203745983493506 0
1.83291666666667 2.27177172690909 5
-1.85233333333333 0.204198824207792 2
18.1446666666667 1.89717391675325 2
3.79066666666667 2.07167502831169 2
5.23866666666667 3.06830741123377 0
3.81170666666667 1.86211093244156 5
1.42666666666667 1.87952928723377 2
-1.76133333333333 -2.19504326490909 0
-4.06333333333333 -3.32174215493506 2
3.01625666666667 1.87182762938961 0
3.80290666666667 1.88906048020779 2
3.31876666666667 1.7786794301948 0
1.94666666666667 1.79109167666234 0
-4.62433333333333 -2.84431527481818 2
12.9206666666667 2.967354566 2
14.8896666666667 2.295795234 5
4.74361666666667 2.63327271814286 0
0.184666666666667 -5.50351817322078 2
-1.62333333333333 0.693647512415585 0
-3.88433333333333 3.09014464976623 0
1.65952666666667 2.40615195749351 2
-1.93441333333333 2.94526559441558 2
4.71766666666667 2.00784160696104 2
-2.65333333333333 1.96217082263636 0
-1.15133333333333 -4.98776657514286 0
-0.943333333333333 0.578974140025974 0
-14.9570933333333 -1.75451148644156 0
4.16425666666667 2.24406275977922 0
-4.42933333333333 -0.742932003844156 0
0.0766666666666667 2.40431985392208 0
-16.3472533333333 -1.67810017074026 2
-2.39533333333333 -3.88900168388312 0
-2.60133333333333 2.3285422897013 0
-15.7303833333333 -1.56525455358442 0
-8.71333333333333 -0.80223495374026 0
1.96900666666667 2.48227318276624 5
2.10375666666667 2.37892206580519 0
2.43166666666667 3.27255678618182 0
2.15973666666667 2.30122067912987 2
2.01802666666667 2.35651564964935 2
12.5256666666667 3.69409510387013 0
-1.12633333333333 1.52109765963636 0
2.27797666666667 2.3177096672987 0
2.60365666666667 2.83672805225974 0
-3.19333333333333 -3.03973512207792 2
-0.863333333333333 0.133998357909091 0
-0.267333333333333 2.11116452541559 2
4.02666666666667 2.70664673355844 0
-0.923333333333333 -0.41374644735065 2
2.19559666666667 2.23882337922078 0
-1.81033333333333 -4.02468057385714 0
-3.73228333333333 3.3877918235974 0
-16.7133333333333 -1.18178388285714 0
2.53193666666667 2.26173994833766 0
-3.49333333333333 -3.20188983175325 0
-2.79433333333333 -3.31698016818182 2
2.52670666666667 2.29166881236364 0
2.91902666666667 3.21417926893507 0
0.232666666666667 -4.67804424733766 0
-12.9753333333333 -0.928655833194804 0
2.93447666666667 2.31641914114285 0
3.61199666666667 3.14885604585715 2
7.77666666666667 1.18739176022078 0
2.65775666666667 2.29118681016883 0
11.7333066666667 2.31603718402597 0
1.18266666666667 -2.54396357288312 2
-0.808333333333333 -6.94457644163636 0
-1.63933333333333 1.78761401127272 0
-0.129333333333333 -0.28120076874026 2
2.35046666666667 2.43858790857143 0
5.42266666666667 -3.00233161496104 0
-1.14333333333333 0.0365529418051948 2
-0.900333333333333 -7.16590505823376 0
2.80768666666667 2.42884647994805 2
-1.60169333333333 3.65195980033767 2
2.61111666666667 2.4799685038961 0
13.2866666666667 1.4162565562987 2
2.59401666666667 2.47706176762338 2
2.00127666666667 3.22784100925974 0
2.85275666666667 2.5337611542987 0
-5.00333333333333 2.05880515597402 2
5.31553666666667 3.41441553575325 2
3.08246666666667 2.51647396435065 2
8.79266666666667 2.50412429025974 2
-10.5333333333333 0.0224956566363637 0
-0.973333333333333 -0.594177190766234 2
-2.63533333333333 0.793601034350649 2
-1.51033333333333 2.38662603671428 0
2.71333666666667 2.5957230957013 2
-5.87733333333333 -0.291734675948052 0
-4.38619333333333 -0.401257976428572 0
3.61766666666667 3.37722514211688 2
-4.66033333333333 1.72483384106493 2
-1.55582333333333 3.79445443215584 0
2.45724666666667 3.23694789293506 0
5.13043666666667 3.70001171235065 2
-1.11403333333333 -0.129609708818182 0
-3.22333333333333 -2.6602013728052 0
-3.44333333333333 0.500976915467533 0
0.377666666666667 3.03161083305195 2
-2.05333333333333 1.87955236301299 0
-7.90833333333333 0.362255512922078 0
5.23466666666667 2.99600391951948 0
-4.65233333333333 1.82963334903896 0
3.03303666666667 3.66262588896104 2
-3.63117333333333 3.92752086131168 2
-2.89233333333333 -0.424173722935065 2
2.35666666666667 2.88915530077922 2
-0.843333333333333 2.47755062031169 2
1.25054666666667 2.90625749902597 2
-3.67633333333333 -1.2481927985974 2
-4.36333333333333 -5.30253681149351 0
0.424326666666667 3.91231433412987 2
-3.19833333333333 -1.38069187722078 0
1.63666666666667 2.92340391211688 2
3.27566666666667 1.96164870796104 2
-0.133333333333333 1.98791817525974 0
4.62425666666667 4.19135557832467 2
1.85866666666667 3.47801270157142 2
3.57466666666667 4.25918737923376 0
1.24666666666667 4.28962348661039 2
0.399666666666667 4.0600148954026 0
-0.116333333333333 4.22315875484415 2
0.693636666666667 0.431591859532468 2
3.34883666666667 3.06777109450649 2
0.664666666666667 0.78365897368831 2
1.35666666666667 2.66133082344156 0
1.07635666666667 0.582650593623376 2
-1.17186333333333 4.06047399509091 2
3.13766666666667 1.30725243162338 0
5.14066666666667 1.61753904019481 0
2.46371666666667 4.67747688798701 2
-2.57833333333333 -4.18062652933767 2
1.17929666666667 0.743740316922078 2
3.32294666666667 3.25714206577922 0
4.44299666666667 4.80786318942857 0
3.75172666666667 4.70965062835065 2
1.33812666666667 0.94560405964935 2
4.57522666666667 5.08338303768831 2
4.65939666666667 3.20261729498701 2
-0.395573333333333 3.92946608355844 0
0.706666666666667 2.3397796885065 2
4.37566666666667 0.842008973519481 2
0.277666666666667 -3.5336131367013 2
1.65522666666667 1.13346181258442 0
4.23306666666667 5.33779902142857 0
2.10215666666667 1.20791518962338 2
4.88266666666667 2.82714265844156 2
-2.40333333333333 -3.62005633071428 2
3.12666666666667 2.27788241467533 0
5.56498666666667 4.69735842341559 2
1.28180666666667 3.69541748341559 0
2.97766666666667 0.538548968064935 0
2.73766666666667 3.42528912527273 2
1.15825666666667 1.33645496437662 2
5.36418666666667 5.56406782315585 2
4.63566666666667 1.34670035511688 2
-1.30433333333333 -6.31602940202597 0
-4.82333333333333 -6.2443548576883 0
4.84175666666667 5.1329648504935 0
1.42958666666667 1.44794810780519 0
1.00766666666667 1.92451161144156 2
-1.94933333333333 -2.28851365505195 2
3.95066666666667 1.80375905807792 2
-5.96933333333333 -5.11749189206494 0
3.78799666666667 3.13533425125974 2
5.24623666666667 5.87533899757142 0
1.80894666666667 1.60683763933766 0
1.55666666666667 3.81583432828571 2
10.1436666666667 4.51451222166234 2
3.94666666666667 2.8048741237013 0
-6.83333333333333 -5.10454030528572 2
-2.04533333333333 -2.96083475824676 0
1.53266666666667 -2.53854055338961 0
4.55366666666667 6.11701063071428 0
5.41703666666667 7.2410694492987 2
9.90666666666667 4.62871372023377 0
-1.57333333333333 -2.18457980479221 0
6.09589666666667 6.12492495057143 2
3.32330666666667 2.97472308714285 0
3.70555666666667 3.02351799216884 0
6.01366666666667 1.47565389362338 2
6.51402666666667 6.28735505697402 2
0.886666666666667 -2.63548315471429 0
-0.890703333333333 1.99994076212987 0
4.68918666666667 2.93442702450649 2
-2.94333333333333 -4.32420725409091 2
-1.45833333333333 -0.519266788363636 0
1.50666666666667 1.48348391241559 0
-5.58333333333333 -0.582069099896104 2
5.61865666666667 2.92381842888312 2
2.28766666666667 8.62219576611688 2
5.31907666666667 2.8649275625065 2
5.50303666666667 2.77590548324675 2
6.90454666666667 6.51163002907793 0
4.88666666666667 1.98701327435065 2
4.53317666666667 2.83791951474026 0
5.89617666666667 2.78826320135065 0
2.04661666666667 2.17827339392208 0
4.85249666666667 6.55907762312987 2
1.06866666666667 -4.80214774202597 0
-2.28633333333333 0.0338222724545455 0
5.94786666666667 6.61072708397403 2
0.283666666666667 5.79451976416883 2
4.95349666666667 5.8131368581039 0
6.14159666666667 6.69744128211688 0
1.26366666666667 1.43016915772727 2
-2.58333333333333 -1.75744124867533 0
-1.52139333333333 2.38812391172727 0
4.76847666666667 2.62213509479221 0
-1.42133333333333 -1.76664288623377 2
5.71867666666667 2.57504634806494 2
-8.14517333333333 2.50504992877922 0
-1.54333333333333 -4.43076627125974 2
-2.38733333333333 -4.42738157550649 0
4.66435666666667 6.91728588224675 0
1.20666666666667 1.09284311690909 0
-2.52333333333333 -4.99988689142858 0
0.0026666666666666 -3.40820844193507 0
-4.26187333333333 2.70289380355844 0
-1.98533333333333 -4.63052184128572 0
5.14659666666667 2.36865017292208 0
-2.77133333333333 -3.98098560536364 0
1.43966666666667 1.84940053609091 0
-0.733333333333333 1.40659532561039 0
-0.789333333333333 -1.95828877963636 0
-2.64933333333333 4.23918595993507 2
5.74024666666667 2.23533945149351 0
0.944576666666667 2.23335754971429 2
4.45666666666667 1.65893917850649 0
-2.01833333333333 -1.44097461811688 0
-1.71333333333333 -2.73110780179221 2
3.57066666666667 -2.74500429446753 0
6.33611666666667 2.08928667816883 0
3.39266666666667 3.11214861372727 0
-1.77203333333333 2.01154300916883 0
1.01966666666667 -2.41314207272727 0
2.84566666666667 1.67198921338961 0
-6.55933333333333 -2.12510280714286 2
6.97666666666667 7.56261176363635 0
2.18666666666667 1.63133350974026 0
3.29226666666667 7.8522522645065 0
6.64356666666667 1.64856548236364 0
1.56566666666667 -0.788554144363636 0
7.22951666666667 7.97799591097402 2
0.706666666666667 0.890009733025974 0
-2.40833333333333 -1.0606083871948 2
-6.27433333333333 -4.11956393503897 0
6.98266666666667 0.776835325597402 2
1.44766666666667 -2.04688887427273 0
-3.57933333333333 -3.34057614450649 0
15.6026666666667 7.1193525087922 0
2.31366666666667 -2.76159851492208 0
0.744666666666667 -7.76477916281818 0
3.92666666666667 0.874539512584416 0
-2.00133333333333 -2.48130865706494 2
-3.23933333333333 -0.839589929662338 0
-3.13333333333333 4.52724637066234 0
-5.38333333333333 -3.53067137502597 2
7.97566666666667 5.61355052398702 2
-4.41333333333333 -2.35005326097403 0
-6.69733333333333 2.75663763766234 0
-1.35333333333333 -5.22382181557143 2
0.214666666666667 -1.78270937945455 2
2.97066666666667 0.428691973194805 0
-7.20333333333333 -3.54243540180519 2
-0.551333333333333 -3.024206221 0
-3.62333333333333 -3.01796006103896 0
-9.37433333333333 4.42516754907792 2
-3.70333333333333 -3.37625656742858 0
-4.03333333333333 -3.38649118741559 2
13.1166666666667 8.0645315457013 2
5.74666666666667 9.40989987861039 0
-0.501333333333333 -3.12184060320779 0
-1.04333333333333 -5.82973745215585 0
-0.118333333333333 2.50222335619481 0
-1.50333333333333 2.36252192181818 0
-2.11833333333333 1.2690286042987 0
-9.62333333333333 3.44367943566234 2
1.97966666666667 -2.66321426745454 0
5.38966666666667 0.0952166814415586 2
6.31166666666667 3.60098422464935 0
-0.913333333333333 -2.60323372385714 0
-1.60033333333333 0.579654535194805 0
0.939686666666667 2.29495169733766 2
-2.35333333333333 -2.02660038501299 2
4.13766666666667 -0.497980986402598 0
-10.2853333333333 -1.28814087848052 2
5.04666666666667 0.440667694 2
-3.37033333333333 -0.993301065545454 2
11.1056666666667 -0.199752468883117 2
-14.4063333333333 0.552285723324675 0
4.25666666666667 2.59038823541558 2
3.63366666666667 3.34355746801299 2
1.78466666666667 -0.358628651077922 2
-3.07333333333333 -0.214618656987013 2
-2.63433333333333 -0.222207068077922 2
3.54525666666667 3.21700761267533 2
-3.37333333333333 -0.22775163264935 0
-5.35633333333333 1.02995681685714 0
6.16666666666667 5.53977887462338 2
-2.02667333333333 0.929044876363637 0
0.639506666666667 0.188170134753247 2
0.926516666666667 0.339588641051948 0
1.44266666666667 -1.52300050987013 0
7.12766666666667 5.44620249483117 2
1.74066666666667 1.97900272002597 2
2.97998666666667 2.74931859927273 2
-3.46114333333333 0.102286857662338 2
-3.89782333333333 -0.0956298940129871 2
8.71066666666667 2.75558069311688 2
-0.109333333333333 2.67632626750649 2
1.48366666666667 4.94659201211688 0
0.176236666666667 2.27860707871429 2
-1.73633333333333 1.5703012312987 2
-1.74325333333333 -0.995528779948053 2
3.07166666666667 1.13738643248052 2
5.35666666666667 -0.515279083493506 2
-4.98633333333333 1.75706783238961 0
-1.27291333333333 2.00394729477922 0
1.99699666666667 2.02539419742857 2
2.57926666666667 1.66704317277922 2
-2.60159333333333 -1.29945230618182 0
0.589666666666667 1.28323181074026 2
-32.8533333333333 0.537225864584415 0
0.815666666666667 -0.210762122311688 0
-6.41333333333333 -1.40000449019481 2
-1.78633333333333 -1.43471499646753 0
-5.68433333333333 -0.967331783909092 2
0.0731366666666666 -1.51011788880519 0
3.43866666666667 -1.53104369063636 0
5.11666666666667 -0.076310387948052 2
-0.0243333333333333 -5.10827410684416 2
11.7066666666667 1.31362954638961 2
1.18743666666667 0.660636872402597 2
-2.03033333333333 3.09038030812987 2
-0.268403333333333 0.418248079428572 2
0.695666666666667 0.581835539571429 2
2.34966666666667 1.31274362784415 2
2.72566666666667 1.67419330124675 2
-3.03433333333333 -6.45746192655844 2
4.64666666666667 1.67352600694805 2
3.55766666666667 3.23632457502598 2
-1.48633333333333 -4.94568215876623 2
0.362436666666667 0.148698103064935 2
4.32366666666667 2.67925430992208 2
-4.13257333333333 2.91857794579221 0
0.939376666666667 -0.590097941285715 2
0.341586666666667 -0.602723932675325 2
4.92429666666667 2.76834942527273 0
-10.3623333333333 5.08593778562337 0
-0.502933333333333 -0.672357739259741 2
-6.21615333333333 -0.816936579662337 0
-5.43633333333333 2.62068733944156 2
-0.141903333333333 2.58744696398701 0
-1.77938333333333 1.983730074 0
-9.30633333333333 1.54771528245455 2
0.597636666666667 0.411426884844156 2
9.52666666666667 7.36747451811689 2
-4.08233333333333 0.19931409812987 2
-1.17156333333333 2.42888800523376 2
9.92766666666667 7.31732783898701 0
-1.76133333333333 3.63919942951948 0
0.562666666666667 -0.422415621454545 2
0.717586666666667 3.15638120764935 2
-0.373333333333333 4.00430438335065 2
3.92404666666667 2.34990396980519 2
1.94666666666667 2.09784465518182 2
-3.65333333333333 -4.5187444127013 0
-1.39028333333333 3.52327487302597 2
4.97063666666667 2.24719667809091 0
0.416306666666667 3.49327775658442 2
1.88666666666667 0.46169769809091 0
3.41266666666667 0.460413139909092 0
6.52666666666667 2.7005605787013 2
-4.74833333333333 4.06217940016883 0
2.65811666666667 2.18342053306493 2
1.71483666666667 3.4305139831039 0
2.51376666666667 2.15879572145454 0
-0.203333333333333 1.39250537202597 2
5.12090666666667 3.3655953187013 0
-0.533333333333333 0.684754135584415 0
2.40666666666667 3.3472823691039 0
8.18266666666667 -0.19144687887013 0
3.12009666666667 3.24781079872727 2
9.15866666666667 1.08222836297403 0
1.55066666666667 -4.57831031185714 2
4.37162666666667 2.10274109524675 2
-7.09033333333333 -4.0872727274026 2
2.63241666666667 2.09044218672727 0
0.0506666666666666 1.98920395363636 0
2.88566666666667 4.96351002355844 2
5.64649666666667 3.1690558441948 2
-3.82833333333333 -0.690893820779221 0
-5.13333333333333 -0.649067754909091 2
-10.0733333333333 -0.364398429558442 0
-7.42333333333333 3.96792232379221 2
3.46076666666667 2.06115096133766 2
3.33266666666667 1.7414891248961 2
5.16375666666667 3.09486137238961 0
2.15413666666667 2.11502412671428 0
4.19888666666667 3.06298549657143 2
6.11666666666667 2.00538198554546 0
1.06666666666667 5.41451004115585 2
0.140386666666667 2.18761960561039 0
-8.36033333333333 2.28214913293507 2
-1.37333333333333 4.86093709407793 2
2.73105666666667 2.24933103624676 2
-2.75033333333333 -4.94808302288311 2
1.18638666666667 2.82010034898702 2
-0.137333333333333 2.80749908498701 2
3.20151666666667 2.69041415177922 0
-1.40033333333333 -3.7600664991948 2
-2.06333333333333 -2.3838898611039 2
0.466016666666667 2.41723203861039 2
-2.01533333333333 -0.157417841376623 2
2.18499666666667 2.64014251658442 0
-0.0483333333333333 -4.58988301198701 0
3.99439666666667 2.65341363487013 0
2.59847666666667 2.67394737915585 2
1.04566666666667 2.48137769863636 0
-8.89633333333333 1.85695368894805 0
0.576666666666667 2.47860937562338 0
2.50228666666667 2.64958878635065 2
9.49166666666667 2.39193605809091 0
1.49742666666667 2.69885389953247 2
2.12222666666667 2.80267286902597 2
0.487736666666667 2.81872031751948 0
3.69295666666667 2.68819098662338 2
-1.73333333333333 1.89934709514286 2
-0.0573333333333335 1.23536669357143 2
1.19566666666667 1.49886637880519 0
3.93143666666667 2.60738704477922 2
-1.35533333333333 2.5196198785974 2
1.67566666666667 1.33461501475325 2
7.63666666666667 3.42523549835065 2
1.13183666666667 2.91441290014286 0
1.77666666666667 5.51819544551948 2
3.81261666666667 2.58845163788312 2
-11.8153333333333 1.03284752941558 0
0.606666666666667 1.39550260035065 2
0.412056666666667 2.99821652324675 2
3.93991666666667 2.5768789412987 2
2.37532666666667 2.52784481492208 2
4.17366666666667 4.39124978551947 2
8.21666666666667 0.689513119818181 2
-2.34433333333333 0.692586987857144 0
3.71424666666667 2.49722299423377 2
2.06866666666667 2.56501374920779 0
10.1566666666667 3.2625777217013 0
1.94897666666667 3.33292141894804 0
2.98728666666667 2.62105724298701 2
-2.18533333333333 1.37817621275325 0
1.30133666666667 3.46933431872727 2
-12.1753333333333 3.4675591308961 2
-8.35633333333333 0.554700272324676 0
-4.51333333333333 0.562905172948051 2
3.13198666666667 2.835772451 0
2.98698666666667 2.83380941018182 0
-3.91333333333333 1.97467086192207 0
3.26543666666667 2.71266919418182 2
4.23666666666667 4.29589663720779 0
-3.32133333333333 4.03306545064935 0
-1.43233333333333 0.276344141974026 0
2.39923666666667 2.80516753454546 0
5.95666666666667 4.14224953664935 0
3.02907666666667 2.83832076038961 0
1.25108666666667 3.70106543587013 0
9.81166666666667 4.83418806275324 2
1.39924666666667 3.84193490254546 4
1.83666666666667 -2.90546753814285 2
-5.08333333333333 3.66999936253247 2
1.97166666666667 3.6538309394026 0
-0.743333333333333 3.61015308703896 0
0.366666666666667 2.42686902141559 0
7.07366666666667 2.08606093627273 0
-1.85933333333333 -1.80067464014286 2
6.23666666666667 3.76157450185715 0
7.26666666666667 3.25154436237662 2
-2.20333333333333 -3.08710399579221 0
3.22766666666667 -3.27018690745455 0
4.61766666666667 1.35109220438961 4
1.33666666666667 -0.381017039077922 0
-8.56233333333333 3.05561614018182 0
1.35966666666667 1.62453237311688 0
0.851666666666667 1.78307475267532 0
8.83666666666667 2.15831206648052 0
-1.35333333333333 -0.728073332779221 0
-3.66933333333333 -0.55957222438961 4
-1.03333333333333 5.67244763445455 0
0.759666666666667 -4.10690833574027 0
-23.6603333333333 2.37809080588312 0
-7.51333333333333 1.82659371209091 4
-1.95433333333333 -0.333962522272727 4
-4.29733333333333 -2.42673870263636 0
-2.99633333333333 -1.43381289948052 0
4.38666666666667 2.4116283518961 0
-4.29733333333333 3.1262924118961 0
2.74666666666667 4.1389158477013 0
3.28166666666667 2.34680243707792 0
-0.969333333333333 4.38196090636364 4
-0.429333333333333 1.16768829420779 0
-2.39233333333333 -1.30878814344156 0
0.516666666666667 2.6326261495974 4
15.9596666666667 5.54992033116884 0
-1.92333333333333 2.58908436101299 4
-2.27733333333333 2.05297808922078 1
-0.423333333333333 -1.50696292641559 4
-0.546333333333333 -2.1099731668961 0
3.75166666666667 0.537237955467534 4
7.09666666666667 5.81520338841559 4
3.02666666666667 3.14066952223377 0
3.65666666666667 3.49862027227273 0
-1.43133333333333 -0.83908492025974 0
3.34466666666667 4.99390481971429 0
1.17866666666667 -3.7938618458052 4
-1.72933333333333 1.85626320375325 1
-3.47333333333333 -6.1367433928052 4
-2.15633333333333 0.46324019561039 4
-12.7933333333333 5.12192808520779 4
-1.47333333333333 -2.41314268228571 1
3.32666666666667 -1.54933763498701 4
0.286666666666667 0.939904844506495 0
-1.72033333333333 -0.136008184012987 0
6.55066666666667 3.53998351493507 0
1.12466666666667 -1.26142376618182 0
5.00966666666667 3.4577851185974 4
6.57666666666667 0.205585927415584 0
-2.23333333333333 -0.924754017974026 0
0.106666666666667 -0.325314206753246 0
-2.10333333333333 -1.20841710168831 0
-2.64733333333333 1.4108247771039 4
-1.31433333333333 0.59156757625974 4
-5.85333333333333 3.76522180062337 4
-1.48033333333333 -3.71195385627273 0
2.55066666666667 2.52881671484416 0
-1.55633333333333 -7.25108110546753 4
0.672666666666667 -4.28611983758441 4
0.447666666666667 -2.92948374041559 4
-0.854333333333333 -1.81007695972727 4
-4.44333333333333 -7.6633041825065 4
-1.58233333333333 -7.67503111344155 4
-0.873333333333333 -3.1780609524935 0
7.07666666666667 3.26058280288311 4
-1.73433333333333 0.390778859753247 0
-4.64333333333333 -1.97966821746753 4
-2.88333333333333 -1.81292967288312 4
0.266666666666667 -5.19026008354546 0
-0.907333333333333 -6.6602026738052 0
-2.72333333333333 -1.74445495654546 0
-1.10333333333333 -1.75044976892208 1
-0.107333333333333 -3.13578147845455 4
-1.57933333333333 -2.94647282798701 0
-0.513333333333333 -2.96453446435065 4
-3.98333333333333 -1.8459072487013 4
4.94666666666667 5.35452266079221 4
-1.08333333333333 -2.33641735846753 4
-0.590333333333333 -5.97132136915584 4
-2.20433333333333 -0.76464438031169 4
-1.75333333333333 -1.63727816558442 4
3.55666666666667 -1.09339750349351 4
-26.4233333333333 -1.09973433984416 4
-1.85933333333333 -6.08992117374026 1
-2.07333333333333 -2.99132643354545 0
-2.11833333333333 -0.801325807753246 4
-0.637333333333333 -4.79436498741559 1
-1.78333333333333 -2.75089949246754 4
-3.85333333333333 -0.190860835272727 0
-3.27533333333333 -2.85326078222078 4
-5.18333333333333 -2.63297108236363 4
-0.893333333333333 -2.61972866223376 4
-1.98833333333333 -3.19143080203896 0
-3.16033333333333 0.61482210638961 1
3.52466666666667 -0.246302972805195 4
-0.503333333333333 -0.331606648233766 4
-4.58033333333333 -1.9596889804026 4
-5.55333333333333 -2.10605322050649 1
-0.614333333333333 -1.04259841658442 4
4.85666666666667 6.76116107528571 4
2.64066666666667 -0.78288468357143 1
5.44666666666667 0.731720841532467 4
-0.730333333333333 -3.52792421348052 1
-2.55133333333333 0.00859836802597401 1
-0.661333333333333 -0.873768694142858 4
0.698666666666667 -7.0149347451039 4
7.25666666666667 7.90723116683118 4
-0.623333333333333 -0.45246623338961 0
-1.57333333333333 0.318562973727273 4
-3.13133333333333 -4.43265263531169 1
-1.70333333333333 3.88521855451949 4
1.03666666666667 -3.25269806025974 4
-0.0563333333333333 -3.26040016646754 4
0.651666666666667 -2.2387576225974 4
0.856666666666667 -1.15651806905195 4
-5.82333333333333 -3.55961287941558 0
-3.35933333333333 12.3370069058701 1
-0.568333333333333 -0.698959971428572 1
-4.60433333333333 -1.62029964887013 4
-2.83533333333333 -2.57257098977922 0
10.5166666666667 -7.51618740968831 0
0.140666666666667 -1.96560347294805 4
-1.33133333333333 11.4869257355714 4
-2.34233333333333 -1.79971844567532 4
0.444666666666667 -2.4914371418961 1
-0.154333333333333 -2.53375301220779 1
0.0836666666666667 -2.40362635096104 4
-1.22433333333333 -0.783762247480519 1
8.55766666666667 1.42584883006494 1
-0.776333333333333 1.54257866753247 4
-2.45333333333333 3.52479222284415 4
2.48066666666667 -0.32690043074026 1
7.14666666666667 1.43220723654546 4
19.6966666666667 1.43140549702597 4
-3.24833333333333 -3.70964868881818 4
-3.33433333333333 -5.85989600110389 4
0.181666666666667 -3.88279171955845 1
0.536666666666667 -1.44104414945455 4
0.566666666666667 1.37054941623377 1
-0.196333333333333 -2.69436222525974 1
2.81666666666667 5.59640594064935 1
-3.92733333333333 2.84082678214285 1
-0.0123333333333333 -1.23599540168831 1
4.42766666666667 -0.94570876587013 1
-1.83133333333333 -5.42457639174026 4
1.78666666666667 -1.20585130111688 4
-4.56433333333333 -5.73466169479221 4
-0.556333333333333 0.382532350792207 1
2.38966666666667 -1.19367010753247 4
-5.80333333333333 9.46885114224676 1
0.0686666666666667 -1.50298313664935 4
-9.00333333333333 -6.58133618389611 0
2.81666666666667 15.9008974047662 4
-5.56333333333333 -6.75663786027273 4
36.4066666666667 -3.98443333135065 4
-5.48633333333333 -4.12234975545455 0
-13.5823333333333 2.79201656864935 0
2.70966666666667 -1.40113637132468 4
2.54166666666667 -0.565271168610389 4
1.76766666666667 0.0346625525714286 0
-7.95333333333333 -4.41899396640259 0
2.86666666666667 1.44434610753247 1
11.0566666666667 11.5916989607533 1
-1.10033333333333 -4.63719715190909 1
4.78666666666667 1.40966819948052 1
-3.72533333333333 -4.64187509784416 4
-1.26033333333333 -1.93041945690909 4
-3.46333333333333 -4.23097764848052 1
14.7216666666667 1.29485960706494 4
5.02666666666667 1.64787808592208 4
0.319666666666667 -2.07414565705195 1
1.04666666666667 -0.495175535415585 1
-2.38333333333333 1.67263022362337 4
0.370666666666667 1.53265995572727 4
0.0766666666666667 2.37494686357143 4
-5.94533333333333 2.26602882158442 0
-8.96333333333333 -6.61462462171428 4
-7.58333333333333 -6.9629625922078 1
-0.903333333333333 -2.75697351558441 1
-2.52433333333333 -4.09867684763636 1
-18.7953333333333 -7.28873248237663 4
-1.92333333333333 -0.0351368896493506 0
1.20766666666667 -1.39421045811688 1
-12.2693333333333 -7.4496298512078 4
8.67766666666667 6.97624967776622 4
-2.91433333333333 -1.86323246116883 4
-0.804333333333333 0.467488736363636 4
-0.873333333333333 -2.70258752849351 1
1.97666666666667 1.57513136414286 4
-1.67333333333333 -0.0322920177272727 1
-11.8133333333333 5.96925457535065 4
11.0666666666667 5.6202399365974 0
0.560666666666667 3.94771229975324 1
-1.52233333333333 -2.32869097137662 4
7.78666666666667 1.96742984622078 4
7.98066666666667 5.00521769320779 4
-1.47333333333333 1.40774791174026 1
0.146666666666667 -1.51302491938961 1
6.64666666666667 -2.10592199246753 1
2.16066666666667 0.352593706207792 1
-0.423333333333333 4.9095175754026 4
2.32766666666667 -1.52181129583117 4
-12.0183333333333 -9.76400432563637 4
2.19366666666667 0.00677658903896104 1
1.58666666666667 2.54672523692208 4
8.98766666666667 11.6106040538831 1
-0.860333333333333 -1.53531865022078 1
0.638666666666667 -1.60746530194805 4
-0.312333333333333 -1.33038684101299 4
1.68966666666667 2.6832867882987 1
2.78666666666667 11.5273814543117 4
4.83766666666667 1.95872682068831 0
5.09966666666667 19.0160920292208 4
-2.52033333333333 -0.708855073961039 1
0.395666666666667 -1.53859067976623 1
4.79866666666667 -1.71787466758441 1
-4.36733333333333 3.03121562361039 4
1.22666666666667 -0.437244962246753 1
1.91666666666667 2.23752002187013 1
-10.4033333333333 -7.74480428422077 4
1.42166666666667 -0.835413241883117 1
4.47266666666667 -0.784203147792209 4
-3.87833333333333 0.898427218415585 1
-2.34433333333333 0.396950775792208 4
6.69666666666667 3.05798651888312 4
-1.72933333333333 1.13977805927273 0
-12.7563333333333 -8.80129557753246 1
-12.7533333333333 -8.57563612767533 4
-13.3113333333333 -8.58450459318182 4
1.53866666666667 -1.71614821051948 1
6.67666666666667 -2.12030453654546 1
-19.9143333333333 -10.3113936161169 1
-3.24033333333333 0.0473892684675325 1
-7.73533333333333 20.9782079320779 1
2.11366666666667 -2.01682989875325 4
2.28666666666667 2.10111177894805 4
1.05966666666667 -0.950313005935066 4
-0.213333333333333 -1.43036851577922 1
10.8766666666667 4.05559067210389 1
5.89166666666667 24.8002799700389 1
-2.62733333333333 0.166236013181818 1
-2.70333333333333 -1.4843743894026 4
6.92566666666667 0.185263759844156 4
-11.1193333333333 20.1144697365065 0
2.50566666666667 17.9975259616364 4
6.33666666666667 7.57124900071428 4
1.85566666666667 19.5181381974675 1
-0.366333333333333 -1.27495266112987 1
0.409666666666667 -1.47430208118182 1
2.04166666666667 -1.25193133762338 1
-10.7833333333333 -5.90969314171429 4
-1.22333333333333 -3.55039666837662 1
-12.8293333333333 13.1029945503247 4
-2.55333333333333 -3.64742053720779 1
2.93666666666667 -0.498372855363636 4
-3.01333333333333 -1.8703399375974 4
8.28666666666667 5.70922934216883 1
-1.41333333333333 -1.65716820675325 1
2.32966666666667 -0.885733759532467 1
-11.3003333333333 -12.6069005173117 4
-11.5533333333333 -6.91512437207792 1
-8.06333333333333 12.2640927336494 0
-10.8733333333333 -6.39632037933767 4
1.00766666666667 1.34254914267533 4
14.2796666666667 8.19145985997402 1
-2.73333333333333 -2.24444336302597 1
-14.1833333333333 -5.54463397703896 1
-3.39633333333333 -1.18135314158442 1
0.234666666666667 -0.76258944274026 1
7.36266666666667 1.08219985546753 1
-2.68533333333333 -0.547632989233766 1
-4.64233333333333 -6.37456527063637 4
1.76466666666667 -2.27981606903896 1
-2.28333333333333 -1.85951755445455 4
9.07466666666667 6.3980859234026 1
0.146666666666667 0.187099978480519 1
-1.38333333333333 -2.13506692776623 1
-3.83633333333333 0.488720083324675 4
-2.38333333333333 -4.54749746866234 4
-43.9333333333333 -8.65964409405195 4
-7.56433333333333 -7.34768316171428 1
-9.12633333333333 -7.67067331005195 4
-5.94333333333333 -1.30342169261039 4
-1.73333333333333 -1.41287916614286 1
-0.263333333333333 -2.06315480684416 1
-8.94033333333333 -6.33897898001299 1
-3.60433333333333 -2.4931357485974 1
-5.10333333333333 -6.63448659341558 1
-7.28333333333333 -7.8091927825065 1
-1.47333333333333 -4.84677963538961 1
-3.34133333333333 -2.87807657557143 1
-1.78833333333333 -2.10291688911688 1
-0.464333333333333 -2.33542588867533 1
-11.7313333333333 19.1587368302468 1
-2.43133333333333 -2.09261700557143 1
-6.12333333333333 -2.0892535888961 1
-3.80733333333333 -8.50913311001299 0
-9.91133333333333 -7.78317988263637 4
0.616666666666667 -10.0271452320779 1
0.616666666666667 -10.0288105995325 1
0.616666666666667 -10.0304754587922 1
0.616666666666667 -10.0321398098442 1
0.616666666666667 -10.0338036532727 1
0.616666666666667 -10.0354669891818 0
0.616666666666667 -10.0307916320649 1
0.616666666666667 -10.0344391822208 4
0.616666666666667 -10.0380878822338 4
0.616666666666667 -10.0417377323766 4
0.616666666666667 -10.0453887314156 1
7.24066666666667 4.97795641925974 4
-3.24633333333333 -2.73015382372727 4
-8.28333333333333 -6.22928992124674 0
10.7566666666667 14.8028834134156 4
-5.17333333333333 -6.80128307774026 4
0.0766666666666667 0.392223802324676 1
-8.62733333333333 -8.44823280127271 1
7.16666666666667 3.08259203675325 1
-8.57733333333333 -9.10548322027273 1
-3.55333333333333 -3.03670734174026 4
-2.08333333333333 -0.784818793831169 4
-2.20333333333333 -1.65796848083117 0
-7.34333333333333 -8.43389606562338 0
-0.303333333333333 -1.35921000257143 4
-1.35733333333333 -3.01732242627273 4
2.85666666666667 5.86020547625974 1
7.22666666666667 -2.3869957667013 4
1.18666666666667 -3.04899590235065 4
-13.7933333333333 -3.0739097867013 1
-8.07333333333333 -3.05332429750649 4
-7.60133333333333 -6.92827079228571 4
-23.9933333333333 -3.19009583285715 4
-0.194333333333333 -1.41709430572727 4
-2.26333333333333 -0.914106178883118 1
2.57266666666667 5.88630306225974 4
-9.35333333333333 1.16504641316883 1
-1.97433333333333 -0.719659105636363 1
2.17566666666667 -0.61964770512987 1
-4.51233333333333 -5.36704109840259 1
4.50166666666667 -0.355831413675325 1
0.556666666666667 -1.94354601035065 4
-10.3363333333333 -7.79751385054546 1
-3.54333333333333 -1.00265834816883 1
-2.04233333333333 -2.93740840290909 1
3.13466666666667 -0.418098722428572 1
-1.70933333333333 -2.95492500380519 1
-7.60333333333333 -7.90944795441559 0
-2.37833333333333 -2.99123820606493 4
-1.83333333333333 -2.78535138749351 1
-1.83333333333333 -2.78110640449351 0
-1.83333333333333 -2.77686245281818 4
-1.83333333333333 -2.77261953232468 1
-1.83333333333333 -2.76837764322077 1
-2.42333333333333 -3.05269776653246 4
-1.83333333333333 -2.7859278707013 4
-1.83333333333333 -2.78225820981818 4
-1.83333333333333 -2.77858841932467 4
-1.83333333333333 -2.77491849957143 1
-1.83333333333333 -2.77124845022078 4
1.53666666666667 0.376800038454546 4
-1.76333333333333 -0.898904367454546 4
-15.0333333333333 -11.251714377961 4
0.719666666666667 15.0860867292078 1
-2.68333333333333 -3.02218325548052 1
4.25666666666667 10.7754752811558 4
-20.3423333333333 -6.08349295475325 1
0.416666666666667 -3.01815575576623 1
-1.84433333333333 -0.728296247311688 1
1.69466666666667 -3.01511428014286 1
-0.983333333333333 -1.11893262176623 4
-1.23133333333333 -7.15645271151948 1
0.544666666666667 -2.10728993332467 4
-2.71633333333333 1.79468424805195 1
-0.473333333333333 -2.95244362277922 1
-0.0673333333333335 -1.25181439022078 1
-12.3963333333333 -10.560995958961 1
-7.04333333333333 -9.50491598502597 4
2.26766666666667 0.503643574259741 1
-12.3133333333333 -10.1561635881429 4
-9.89333333333333 -9.95137991909091 4
-6.78433333333333 -10.2784102680779 3
-6.06333333333333 -10.0774121942078 4
-2.52333333333333 -2.96016097406493 4
-21.3133333333333 -3.06146287748052 4
-0.988333333333333 -2.88475996757143 4
-6.23733333333333 -11.0523085493636 4
-6.44233333333333 -10.0541052902338 4
-1.95333333333333 -9.84348444012986 4
-6.99333333333333 -12.4559633114286 4
-1.50333333333333 -1.9452098984026 4
-6.77733333333333 -12.4169219325454 3
-0.602333333333333 -0.845388174779221 4
0.433666666666667 -1.6524430118961 1
-2.32233333333333 5.01319412207792 4
-0.363333333333333 -1.71370045906493 1
-1.72633333333333 -1.49467004287013 4
-1.83333333333333 2.24121830520779 1
-1.35933333333333 -2.44202913605195 4
-4.36533333333333 2.2284100958961 4
-0.799333333333333 -0.552539767428571 3
-2.02333333333333 -2.87781897318182 4
1.95666666666667 0.893482005662337 3
-1.05233333333333 -0.338609011064935 4
-7.13333333333333 1.16955923061039 3
1.95966666666667 -2.82901801207792 4
-5.26333333333333 -8.50777778825974 4
-1.00333333333333 -2.89567942438961 4
-4.17333333333333 -9.10294937825973 4
-0.616333333333333 1.86576751441558 4
-3.84333333333333 -8.67353695425974 4
0.856666666666667 -2.74543176894805 4
-2.25333333333333 -1.11389249420779 3
-5.18733333333333 -3.0743156031039 4
-1.65333333333333 -1.38809754138961 3
-0.163333333333333 5.94985939185715 3
-0.0243333333333333 0.829977223480519 3
-0.802333333333333 5.94290779035065 4
-1.92833333333333 -0.639000898428571 4
-3.52233333333333 0.83546476390909 3
2.86866666666667 -2.86878512550649 3
-0.330333333333333 -2.60430295718182 3
-0.520333333333333 -1.4850341084935 3
-2.87333333333333 0.679446107662338 3
0.872666666666667 0.103178488922078 3
-7.45333333333333 -6.40500295567533 3
-0.0633333333333335 0.138299532714285 3
-4.53833333333333 4.62606067303896 3
-8.78233333333333 -6.18790702794805 3
-4.10233333333333 -6.54369919972727 3
1.49266666666667 0.424972024701299 4
-4.08833333333333 0.146328947116883 4
-5.25733333333333 4.714840633 4
-8.54333333333333 -6.14129161932468 3
-2.91333333333333 -7.88944048003896 4
-8.56333333333333 -6.17933099877922 4
-7.95433333333333 -6.82746282900001 3
-3.51333333333333 -6.25569507757143 3
-4.71633333333333 11.4590106501559 3
-7.46933333333333 -6.66146713825975 4
-8.42233333333333 -6.32213674916882 3
-4.10333333333333 -5.78210224790909 3
-6.52333333333333 -6.85652449109091 4
-1.52133333333333 -1.25019445884415 3
2.99266666666667 -0.189891791272727 3
-0.244333333333333 0.542849755350649 4
-6.83933333333333 -3.12703089405196 4
-0.513333333333333 0.569632196558441 3
3.97666666666667 0.366451611974026 3
-5.23233333333333 -6.98444991079221 3
-7.49333333333333 -5.88017825225975 4
-7.53533333333333 -6.61957809001299 4
-0.891333333333333 0.681523177 3
-4.61033333333333 -6.93192139623376 3
-7.57333333333333 -1.05396658145454 4
-0.704333333333333 0.632249840285714 4
-11.0983333333333 -6.01624077102597 4
-3.93733333333333 -4.86296784545455 3
1.45266666666667 -0.434579701246753 4
-0.000333333333333297 0.720267693688312 3
-2.75933333333333 -4.64369848827273 4
-7.82433333333333 -7.24146421862338 4
-9.72333333333333 -7.24305943267533 4
0.358666666666667 0.643428309857142 4
-0.834333333333333 -0.203151920025974 4
-8.45033333333333 2.64574191548052 4
-2.89833333333333 3.19935107125974 4
1.13166666666667 0.0884060155064935 3
2.13966666666667 -1.00221076684416 4
-0.122333333333333 -0.778019284818181 3
-5.71333333333333 2.2600618317013 4
0.525666666666667 0.276803282493507 4
-2.56933333333333 2.26542113567532 4
-0.861333333333333 -2.00594290493506 4
-0.0583333333333333 0.17876462925974 4
2.69666666666667 -2.33027036571429 4
2.37666666666667 -2.24830393796104 4
0.353666666666667 -2.9739227075974 4
-0.405333333333333 -1.01395128757143 4
-2.65333333333333 0.0584691037532468 4
-20.4533333333333 -2.3572510664026 0
0.632666666666667 0.266320301571429 0
-26.1923333333333 -1.99466741453247 0
0.536666666666667 0.850190936194804 0
-0.0343333333333333 1.04179007792208 0
1.03066666666667 2.10602966016883 4
