-1.71 2.51373052212557 1
-0.32 1.89198597162635 1
-3.47 5.93946572621718 1
-5.13 6.46226976391147 1
-1.48 4.66766824230055 1
-4.396 -6.77528722558415 1
-28.193 -10.7608222071951 1
-15.35192 -11.6497367774215 1
-6.707 1.94154990775605 1
-26.97 -11.3514014162275 1
-0.626 -1.94869537400412 1
-0.097 -0.938538354240867 1
-16.34815 -12.7593539872002 1
-19.449 -8.37700577738549 1
-9.1761 -1.27613324525991 1
-2.39932 0.867407619511065 1
-24.476 -12.9837682411271 1
-14.142 -10.2995618368502 1
3.04649 -0.622610296500258 1
-11.207 0.223758002218219 1
8.07977 -1.98454968472465 1
-4.41329 -2.08496190257334 1
-9.529 -2.91628849237777 1
6.11 -1.18824693269171 1
5.32837 -1.83978467873392 1
1.744 -2.33249245868245 1
7.08538 -0.462261040983017 1
1.29497 0.283159852835821 1
1.35515 0.302334272352033 1
4.038 2.66499020039115 1
7.22927 -0.303852474781266 1
1.06 1.56720133330931 1
1.46 -0.221038839541946 1
2.585 0.557529747617087 1
1.17 0.588918901780751 1
-3.034 -3.15281504351518 1
-22.75 -11.6580549110757 1
-0.941 -0.916600085486362 1
1.361 0.49207308234174 1
-4.007 -1.56454169382913 1
3.7343 -0.132125130313948 1
-4.24722 4.35497855350489 1
3.78897 0.158846342578487 1
-22.578 -15.1935771885795 1
-5.912 -2.58347618597015 1
7.84086 9.58425160662378 1
8.68 5.35080854944416 1
1.41 3.09549576340196 1
6.36 3.01610508346371 1
-1.393 1.10055741478126 1
0.459 -0.0426466465620175 1
3.93095 0.564236113757076 1
14.127 9.33276868229543 1
2.28588 2.93863777531652 1
8.71 7.04182852410704 1
4.14335 3.32272718434894 1
7.909 3.49946430701493 1
2.12359 5.91410294503859 1
17.74979 9.04816279674728 1
3.89848 7.01708682664435 1
-5.74 -0.226448244760679 1
6.2 8.36184475114256 1
21.12801 9.66657042363356 1
-5.271 0.90310507319609 1
11.606 8.13980694572311 1
6.27049 9.98823160785385 1
9.97998 7.81451331083892 1
-14.408 -10.3751825706176 1
-2.64389 10.9312711928924 1
-5.202 -12.2263527336902 1
-23.062 -7.92104805340709 1
2.48713 11.3053403735615 1
13.6804 6.99738853863612 1
-6.19126 1.11220257049408 1
12.10305 6.71842162352033 1
5.157 5.73471555398353 1
7.8902 6.9636635367267 1
-2.73 1.76868172351004 1
0.32325 11.7332320247761 1
1.922 6.2489930090633 1
-1.239 1.42398735080288 1
9.23532 6.38795082223882 1
7.54488 6.24325374657231 1
-2.2 1.66838455099331 1
-9.1 -3.60956139608852 1
2.86519 3.28000416506433 1
0.00036 0.738531932341742 1
2.47 6.78374576720021 1
-0.62385 0.686303492918168 1
11.479 6.8576891217859 1
10.362 4.76874074902213 1
7.56 4.68752692384972 1
-3.4402 4.69078458365928 1
-7.067 -4.92915259768399 1
-4.03782 4.52238899375708 1
-30.434 -12.1251629007669 1
1.55091 0.327645430437467 1
-5.626 -10.6224803787597 1
1.59175 0.169590694909933 1
-0.828 3.61557716110653 1
2.414 -0.0141262029284611 1
-8.002 -1.98490942484303 1
-0.04575 2.73760085718992 1
-4.76 -10.5831805852548 1
1.005 -1.4487111121719 1
-4.487 -10.2300228919815 1
7.495 2.71430315920226 1
-3.867 0.0436388315234174 1
-1.317 -1.51081289598559 1
3.70695 2.31681063806485 1
-2.97108 1.0003975682244 1
-3.432 -6.67748357842511 1
-3.638 -4.99740321731857 1
-9.75 -2.16414130398353 1
0.93234 2.22387175740607 1
0.98136 -0.784687068929493 1
-2.163 -1.07725603506948 1
1.15893 -0.343920330941843 1
-0.804 -5.12206989372105 1
1.62109 0.769016094523932 1
-2.676 -5.09734171752444 1
-2.18 -3.34399663943902 1
7.756 2.07466380970149 1
1.42058 2.66001980645909 1
4.09377 2.74767216959856 1
-2.1507 -1.4454347072105 1
-8.945 -1.94968684265054 1
-5.689 -5.11374394929491 1
1.99637 2.92764961339166 1
1.32 4.68670231894494 1
-4.235 -3.8694449887545 1
-2.20853 3.17302611940813 1
3.40633 3.4969365975193 1
3.1964 3.8374040365054 1
4.32752 3.99640469920741 1
-2.341 -3.25743544981987 1
-5.86 -3.24847070900154 1
-2.986 -5.73434464492023 1
-7.006 -3.62016431136386 1
0.496 -4.43918018536799 1
4.38037 4.50876799487391 1
5.86788 4.69044811459084 1
0.032 -3.73858256169325 1
-0.753 5.19983274365415 1
4.68201 4.29332968688111 1
0.17 2.31688776704066 1
-1.034 -3.07574659266083 1
-3.686 -0.348916012300567 1
4.70358 4.01913273698919 1
2.2556 5.58163892007721 1
6.19285 5.6663821065929 1
-0.33 2.53416111790015 1
-7.311 -3.64191417686567 1
0.411 -5.9916346734174 1
14.566 5.99464117576428 1
2.89 3.11538058209984 1
-4.276 -6.38604360292331 1
-4.17 2.27636524838909 1
-6.42 -5.07980197420999 1
6.939 9.07860928688113 1
-7.734 0.872823517014925 1
-0.822 -2.9642388626454 1
-4.74 -4.32321416527535 1
-1.155 2.12005056079773 1
0.943 -2.89099438290788 1
-1.95 -3.24614863720536 1
-11.322 -3.79196103377252 1
0.406 -3.29407270589295 1
-1.146 1.50384916889861 1
-0.86043 3.21044223844055 1
-6.023 2.1998901783685 1
-6.721 -1.40689972756047 1
3.287 1.51974182638188 1
-7.25282 -1.02916072214102 1
-1.17857 1.57135996036541 1
-2.81605 1.88064921626866 1
-5.119 -1.96151167338137 1
8.891 10.4055864506227 1
-4.69 -3.13751416538857 1
-2.42695 2.01415531758621 1
-1.57 -2.68078685860525 1
1.37 2.28315091145652 1
7.146 -2.53954441991251 1
1.59575 1.8889901365929 1
-0.986 -1.86060213203809 1
-4.865 3.22035724778178 1
1.11747 1.88596232211529 1
0.14972 2.36434940338651 1
1.14833 2.41519167598559 1
-0.46 1.86426192887288 1
8.455 3.45143409406074 1
-0.54893 1.7936210355893 1
2.89477 2.27212476444159 1
0.09517 1.78851613787442 1
1.33866 2.26828127537828 1
-3.222 -1.00561637692743 1
1.95032 2.14319178781781 1
2.22877 2.2190244958981 1
1.36257 2.20281333796706 1
1.99241 2.22541737959342 1
0.36258 1.8622244624807 1
-1.78 3.27201375630468 1
-2.896 -0.909065778672155 1
-3.24 -2.96883728234688 1
-9.599 2.97929402241379 1
-0.185 -3.59466716366958 1
-0.277 -0.0595096578692743 1
-8.55 -0.487686333474009 1
-5.334 0.181080773602676 1
1.71 3.44087810765311 1
2.245 1.12485184687597 1
14.923 5.2853868516212 1
-3.314 -1.07904028126094 1
2.715 0.461360270241894 1
2.308 4.68651517576429 1
0.142 -2.14614804338137 1
-2.766 -1.34955178816778 1
-2.51 0.00681824392177046 1
5.54 6.29906857857438 1
-0.93 4.88365237489964 1
-3.14 -2.00096579896551 1
-2.351 -1.44294458952651 1
-6.89 3.48362581605765 1
-2.517 -1.05398263616058 1
-2.593 -3.31126578153886 1
-0.364 -2.45418315182192 1
-5.48 -3.28692843687597 1
-1.91 -2.08087068274832 1
6.04 3.70132335253217 1
-0.77 -2.41947685923314 1
-1.944 -3.3972276622491 1
-2.14 -2.31511660600103 1
-5.02 -2.33732552897581 1
-2.12 -2.52349541091611 1
-1.627 -3.1995483005404 1
-3.11 3.04439354315492 1
-1.674 -2.4409531523263 1
-4.89 -0.953419126798764 1
-4.197 -2.75654664641276 1
2.488 -0.577554754029852 1
-1.54 -2.64427616244982 1
-1.651 -1.73758076674215 1
4.41 3.00444394917139 1
-1.767 -2.61440352870303 1
-1.66 -2.65621188566649 1
-1.605 0.113598563010808 1
-3.872 -0.77061901627895 1
9.48 -3.13097294166753 1
-0.592 -0.346603692027792 1
-1.191 -2.15066511652599 1
-2.261 0.704275007786927 1
-0.47 4.39859728470407 1
-4.964 -1.68761227474524 1
-1.593 0.859222342573341 1
1.353 0.441846343762223 1
-6.84 1.16620357719506 1
-10.04 -1.25558825632527 1
35.37 -2.60143624366958 1
-14.619 -5.84067435748842 1
1.505 1.24166618835821 1
0.731 -0.207647856778178 1
1.83 0.277998899619146 1
-2.137 -1.73989445979413 1
3.75 6.62850894642821 1
-4.762 -1.14621730043747 1
-6.982 5.33318335619659 1
-10 -7.31633647314976 1
-8.62 -8.19240777401441 1
-1.94 -1.29306962380854 1
-2.96 -1.96019930778178 1
7.641 2.71183154086464 1
-3.951 -2.30420861044262 1
-1.91 -0.36606809111683 1
10.03 6.01792532632527 1
-0.89 -2.36264193892434 1
0.55 6.97569978878024 1
7.951 3.4063335761966 1
3.801 0.307615922079259 1
-0.641 0.174560452290273 1
0.19 1.11493687721565 1
-4.915 3.50485488267112 1
5.66 5.28603408765311 1
-2.766 -2.34207975416367 1
-14.348 -13.9134424781421 1
-4.277 -2.39845847702522 1
-1.25 -1.39495212571282 1
9.84 5.40537100708698 1
-3.664 -2.49900858361297 1
-3.74 -1.85021789872877 1
-12.156 -0.520748435887803 1
0.819 -2.02106642966032 1
-0.627 -1.58838949483273 1
1.005 -2.39788445437468 1
-13.866 -2.44791039673186 1
-3.59 4.67462576185795 1
-12.59 -5.62732193770457 1
-9.1 -11.955920562841 1
-0.029 2.0913530814771 1
-15.22 -5.45457095041173 1
6.326 -1.50913365873392 1
-3.722 0.0810698272568195 1
-5.679 6.49429123017499 1
8.038 6.08111516554812 1
-0.89 0.334701659089037 1
-2.42 0.273085587123005 1
-6.98 -1.36065638933093 1
-9.977 -2.23433847088523 1
-0.42 -7.85078966512609 1
-0.42 -7.84805565125064 1
-0.42 -7.84532018161605 1
-0.42 -7.84258325396808 1
-0.42 -7.83710501519299 1
-0.42 -7.85120645006691 1
-0.42 -7.85141286202265 1
-0.42 -7.85161795743695 1
-0.42 -7.85182173914051 1
6.204 5.06570882906846 1
-9.32 -1.59981220373134 1
9.72 4.27048597107565 1
-0.96 -0.455883914992281 1
-9.614 -3.16910531889861 1
-3.12 1.12793667704066 1
0.15 -2.38529646391663 1
-9.11 -4.40446528971178 1
-3.3 -2.83377499320123 1
-0.48 -1.64125241156974 1
-8.64 -2.74674327183222 1
-3.415 -1.8066387427123 1
-2.87 -4.19654077884714 1
-2.87 -4.19928171361298 1
-2.87 -4.20065197052496 1
-3.46 -2.07672027126608 1
-2.87 -4.19827530909932 1
-2.8 1.11559201506948 1
-21.379 -1.92885494235718 1
-0.62 -1.84069398913536 1
-2.02 0.936163738183222 1
-2.268 -2.2965376047401 1
-1.104 0.686540523782811 1
-13.433 -3.07623860890376 1
-8.08 -1.0287447607823 1
-7.1 -0.612916660658775 1
-22.35 0.965813066186308 1
-2.99 -2.77630609838909 1
-0.603 -0.304403117128152 1
-3.359 0.402300285491508 1
-1.4 -0.489045215285641 1
-2.87 -0.0498658916366444 1
-5.402 -0.0541765338857437 1
-3.06 -1.47825431619146 1
0.92 -1.29869756881112 1
-3.29 -1.67158222918168 1
-6.224 -3.85569691324241 1
1.832 -0.919051671446217 1
-1.367 -1.08726802211014 1
-1.557 -1.29884982813176 1
-5.139 -6.76550492748842 1
-3.95 10.23854244035 1
-9.6 -5.68907229076171 1
-4.55 -4.75675888207927 1
-5.14 -2.54529114454452 1
-6.269 -6.13972208917139 1
-4.974 -4.25968710236747 1
-10.76 -4.53386195998971 1
-0.678 1.13645411052496 1
-3.935 4.31619181564592 1
0.095 1.40502381691199 1
-6.75 4.1689068497581 1
