-0.54 -0.61387700494596 1
0.14 -0.2554221802316 1
-1.16 -4.46328958399383 1
0 0 1
-0.69 -2.15506874906845 1
-2.054 -6.3093106440247 1
-1.931 -3.77955989060216 1
-9.639 -13.1140500283634 1
-3.42 -3.95807949407102 1
-5.67 -7.31983039685024 1
-5.496 -7.83136975957281 1
-4.477 -4.22674266008235 1
-0.262 -2.64660391898096 1
-4.348 -11.3412650540865 1
-9.864 -10.2791574193515 1
-7.58 -10.2794816452651 1
-23.393 -20.9096553644879 1
-27.782 -25.7299036155944 1
-46.389 -37.6033675682604 1
-49.62 -37.3271014597839 1
-24.97 -24.6018092347349 1
-49.408 -37.4156407660834 1
-12.23 -13.290541169089 1
-6.861 -11.4530342630674 1
0.2 2.88731436330931 1
-32.53 -28.3532111601492 1
-8.277 -12.6725742710963 1
-45.91 -40.4904231276789 1
-9.497 -1.49767491309316 1
-42.352 -38.5357173311065 1
-23.72 -30.9390868482605 1
-22.08 -26.4191490707359 1
-18.863 -26.3435741195986 1
-42.748 -41.9901399871333 1
-39.14 -37.7304958367525 1
-11.205 -20.6946704232887 1
-47.58 -42.4527230898971 1
-17.56 -23.863017098667 1
-9.224 -11.4908161377561 1
-40.037 -38.9806601222439 1
-2.088 -5.86384961590324 1
-2.527 -0.237197155244467 1
-5.194 -6.47646716198147 1
-18.499 -22.376925348528 1
-10.71 -10.3050822330211 1
-52.06 -46.6417951582141 1
-12.701 -10.163264059753 1
-11.9 -9.8370120013433 1
-49.567 -42.4287797386567 1
-33.65 -31.5890037311271 1
-32.47 -31.1443105608183 1
-25.104 -26.0594909270818 1
-21.15 -26.0970678269068 1
-3.829 -5.87337178509521 1
-6.781 -4.48243731213073 1
-4.689 -4.34286450368502 1
-56.947 -44.2464173820947 1
-8.848 -9.52771031948533 1
-55.342 -50.8583429793721 1
-5.932 -5.67376601141532 1
-6.422 -5.20403440133814 1
-5.384 -5.66594310992794 1
-51.99 -39.4892292781163 1
-12.584 -12.5003535013536 1
-5.235 -5.67768881848688 1
-3.511 -5.09862158293876 1
-58.64 -44.8859352436696 1
-10.797 -11.689142193088 1
-4.091 -4.51353115288214 1
-4.771 -5.29216949377251 1
-8.25 -6.40484635775606 1
-16.553 -16.4636583039475 1
-57.151 -39.8071414106639 1
-5.147 -5.8254334496706 1
-18.19 -17.4239254523005 1
-3.342 -1.46086817938754 1
-3.735 -0.617571626392178 1
-4.34 -0.611738229089037 1
-7.533 -4.55500484227483 1
-4.48 -4.76563175404015 1
-6.279 -5.0657546256562 1
-6.444 -5.81154137207927 1
-58.335 -51.5316533309573 1
-58.02 -46.6266985371384 1
-3.753 -0.672494172763767 1
-55.649 -35.6778615969584 1
-29.466 -33.9031433935049 1
-4.993 -5.57037538056614 1
-8.194 -4.38470620900669 1
-47.402 -43.1877852379414 1
-32.4 -33.0463631566649 1
-11.291 -4.45144218487906 1
-55.35 -41.9988658702728 1
-7.54 -5.37694912197118 1
-56.758 -41.6740034461348 1
-46.151 -33.859322494071 1
-4.5 -1.2458470223263 1
-8.14 -5.01931353417396 1
-55.396 -36.9736157378487 1
-4.71 -3.15854663603706 1
-2.95 -2.62218817047864 1
-11.287 -5.2240109523932 1
-7.418 -2.21360060405044 1
-8.274 -16.1052559122748 1
-69.939 -37.0602896153783 1
-54.571 -37.800127072738 1
-50.241 -38.2086264672156 1
-4.54 -0.28485909657231 1
-39.682 -37.8170053622749 1
-4.69 -3.4549365578281 1
-3.55 -4.46750362290788 1
-47 -37.7607826397993 1
-18.322 -17.4632388506073 1
-8.429 -4.61501067251673 1
-42.91 -36.9649074369841 1
-22.165 -25.7067548843747 1
-7.332 -6.16779156406588 1
-44.6 -37.2763939643901 1
-5.429 -5.6412965054555 1
-6.46 -5.66274588025732 1
-44.471 -36.6101081182759 1
-2.67 -7.20443976617087 1
-7.347 -6.38892977826043 1
-18.22 -20.6485941296706 1
-3.268 -4.85636794785899 1
-23.87 -27.2049732479722 1
-9.18 -10.3035449739424 1
-33.449 -28.4599421733813 1
-1.921 0.138674273510036 1
-14.906 -19.9854825079568 1
-30.106 -27.6614064267525 1
-5.221 -4.55382453545034 1
-1.062 0.137566402228513 1
-5.601 -3.31341337542459 1
-39.55 -30.582539689614 1
-34.68 -44.1416969593 1
-2.054 -0.496299970020588 1
-2.032 -0.0551618833710757 1
-32.06 -39.8265667015543 1
-3.058 -3.36180006413793 1
-5.778 -6.2323513975296 1
-11.702 -8.02948701250642 1
-6.36 -6.40534100811115 1
-2.47 -3.96234141498713 1
-27.35 -25.6765595461914 1
-9.51 -7.90112080048379 1
-5.301 -5.58601900267627 1
-1.76 -0.700855474071024 1
-0.136 -0.693881693252703 1
-1.01 -0.909278102717447 1
-5.225 -5.29814989906846 1
-35.03 -42.1237123983376 1
-3.842 -4.42581144821411 1
-0.92 -1.79156896099846 1
-1.813 -1.51224219132784 1
-1.902 -1.17420859792589 1
-3.162 -2.23341746719506 1
-1.644 -1.26024686745754 1
-24.53 -22.3247518062378 1
-1.939 -1.11164642153371 1
-2.86 -1.84215445015955 1
-1.761 -2.35210670174473 1
-2.623 0.330052446433351 1
-3.07 -5.27428898811631 1
-1.389 -1.7062332620175 1
-3.705 -2.19741440399382 1
-1.213 -1.86512212256304 1
-32.98 -37.6029230662943 1
-51.614 -37.2113642181935 1
-1.703 -1.41188245781781 1
-0.225 -0.862019092146168 1
-53.953 -41.9990156483222 1
-44.43 -52.333137476104 1
-44.22 -37.2217063014513 1
-53.011 -41.1532275345857 1
-0.312 -0.881553098883171 1
-0.905 -1.19107501685023 1
0.57 -1.10844324568193 1
-1.721 -0.943930068358209 1
-29.32 -22.1644382387751 1
-3.921 0.299895622789501 1
-72.042 -31.5984892579105 1
-28.23 -32.9557083009316 1
-35.04 -32.8985830376582 1
-2.96 -2.59740576547092 1
-1.64 -0.657385970941843 1
-68.214 -44.9411197000052 1
-0.952 -0.825862561235203 1
-2.207 0.135695129716932 1
-46.31 -36.8118573805868 1
-0.74 -0.559136790900669 1
-17.96 -16.0330125201595 1
-60.958 -36.6760663672105 1
-63.91 -40.0671970522387 1
0.886 0.88312754272774 1
-2.01 -2.65644930675759 1
-70.436 -46.9314493674678 1
-7.48 -5.13819655636131 1
-1.246 0.647948829423571 1
-48.181 -36.9861843719146 1
-0.808 0.667429004482761 1
-1.05 1.12883578119403 1
-6.09 -3.34573217296963 1
-1.059 1.21161526575914 1
-2.48 1.25144776163149 1
-47.01 -27.7746742329645 1
-62.887 -39.2890519654039 1
-2.024 1.52811589111683 1
1.197 1.59616575860525 1
-48.746 -24.9959867955841 1
-52.91 -43.3331353300824 1
-32.37 -28.2694473027277 1
-47.37 -39.2450037125116 1
-1.54 1.15955789042718 1
-40.38 -35.5612093831549 1
-42.938 -26.4806034456253 1
-64.65 -34.2401517877149 1
-70.779 -43.1487446057797 1
-11.267 2.36252819892435 1
-3.95 2.31767798454452 1
-2.34 1.60135704119403 1
-25.57 -22.9592911901338 1
-46.138 -26.6948166381163 1
-68.81 -48.7653071439475 1
-68.81 -48.7680531111426 1
-68.81 -48.7708196360113 1
-68.81 -48.7736051428254 1
-68.81 -48.7792264632373 1
-68.81 -48.7757252389088 1
-68.81 -48.7809255950335 1
-68.81 -48.7861213528925 1
-68.81 -48.7913136865105 1
0.311 4.62441085866701 1
-37.96 -27.8195565917036 1
-8.76 -4.42315831974267 1
-21.95 -17.2544241907771 1
-44.013 -27.0824338600773 1
-0.63 1.2461322184457 1
1.891 1.41932370776119 1
-48.04 -32.8778081394442 1
0.89 2.32133261712301 1
1.21 1.30224836209985 1
-29.3 -21.7409446240093 1
1.531 1.217241755965 1
-70.05 -32.1997414992742 1
-70.05 -32.1984174931858 1
-70.05 -32.1977574544159 1
1.87 1.16675017703551 1
-70.05 -32.195463293896 1
-0.22 1.1295832071333 1
-39.216 -14.839578475157 1
1.78 1.09674215198147 1
0.38 1.12277665946474 1
-41.049 -14.4846879221359 1
0.298 1.08426800040144 1
-41.702 -23.8290022797889 1
-40.825 -22.1439894698044 1
-41.822 -22.1982304415286 1
-18.55 -10.2896010254503 1
-18.58 -14.5643978933299 1
1.06 0.840382361003602 1
6.773 9.79114204898095 1
0.77 0.799347296407618 1
2.76 8.33057147692742 1
3.291 8.33585543600617 1
2.59 0.87407655252702 1
1.082 5.90877721317036 1
2.44 2.37918262022646 1
8.896 8.43821011031394 1
2.398 0.584600855064333 1
3.219 0.799762463993823 1
3.405 1.44705291001544 1
11.116 8.89961885333505 1
2.8 10.0671799229285 1
6.6 7.87843825308285 1
4.667 6.6927676589192 1
3.082 9.30608828201751 1
17.186 12.0043225404735 1
7.043 6.18603071083378 1
19.09 12.8091819566907 1
2.017 3.49784700946474 1
20.656 15.2336189443541 1
2.016 2.87394524513124 1
18.47 17.2116741900823 1
