1.77 7.37006438074628 1
2.34 6.73585748956252 1
2.44 0.635327797035512 1
0 0 1
2.96 5.63133030193515 1
2.469 1.35725641158003 1
3.967 0.429332460313947 1
1.275 4.76881001361812 1
3.53 0.841292199680906 1
2.486 3.86160501218733 1
2.138 4.78533950346886 1
3.816 4.78080487745754 1
4.074 0.34354046499228 1
3.785 5.107992628456 1
3.138 4.12257578017498 1
4.609 8.44712032091095 1
2.708 -1.83291494520329 1
-2.168 -6.51896297655172 1
-16.196 -19.9866463426866 1
-20.78 -20.2764299210808 1
0.67 -4.88979789421513 1
-18.048 -20.300795405965 1
1.57 3.30648678332991 1
5.109 7.33095093641792 1
2.27 -2.15706661449305 1
-2.441 -12.8453812161349 1
4.057 5.23243280726196 1
-17.878 -20.0674133496397 1
-0.0750000000000002 2.24102941875965 1
-15.781 -16.6883219541945 1
-6.15 -7.18512988904785 1
-0.95 0.0321144762995368 1
-1.319 0.247971913067422 1
-15.346 -20.9093756008183 1
-6.51 1.19518460251673 1
5.427 3.51991911779722 1
-15.42 -17.7226127428101 1
4.17 8.32770988792588 1
5.787 5.1211266323366 1
-7.621 -5.70196517384457 1
5.005 7.99402757292329 1
3.658 -1.15779749089552 1
5.851 8.62234285393206 1
5.67 9.65079341708701 1
7.06 6.66191253431292 1
-2.546 -7.37243380959856 1
6.952 5.30604057644878 1
5.76 6.72872791415853 1
-8.311 -4.55818214233145 1
4.52 -2.92076358642305 1
6.117 -2.35162054723108 1
2.325 4.90907679462173 1
0.43 4.85726872873906 1
6.294 9.7061958074627 1
4.699 2.07646943028307 1
3.459 2.25419689415852 1
-1.645 -4.66711254851775 1
7.209 6.59317692559445 1
1.274 -5.18268019606794 1
5.895 3.29390079955738 1
6.957 8.56611865458568 1
4.375 4.45010701920741 1
-0.299 -4.01025279896037 1
7.744 6.45056592630468 1
4.644 4.83166221159033 1
5.748 9.12047815988676 1
1.93 0.947241533474009 1
7.739 6.77222159225424 1
5.11 5.30216408325785 1
7.034 8.99895512290787 1
7.35 9.50908402124034 1
8.887 7.43947568097787 1
3.424 6.50226060280493 1
6.463 8.95925929790015 1
8.24 7.79628844198662 1
3.846 5.56896887699433 1
4.383 4.5165411011683 1
5.66 4.540407865965 1
5.35 6.49626937690684 1
4.994 5.65430278061246 1
4.534 6.20838009117344 1
6.11 6.01213229525477 1
5.034 3.76943668872363 1
4.22 8.61569803093669 1
3.723 5.04948155324756 1
5.942 10.3934645004683 1
6.89 3.14500984255276 1
5.875 6.09986514940813 1
6.212 7.42312618686568 1
5.268 2.09334745384972 1
9.18 4.20354673012868 1
6.875 8.25000987007719 1
4.68 12.5639598843747 1
5.59 6.99114612160577 1
2.032 4.34053988328359 1
6.228 9.58464824612454 1
4.963 5.53944495532681 1
5.04 6.86448160778177 1
2.206 4.80727542678847 1
3.791 5.6322229459547 1
6.07 5.54035061932064 1
5.733 5.70615349935667 1
2.011 5.37892122498199 1
5.432 4.61779982040145 1
1.086 1.85634935823469 1
4.754 2.45662779261451 1
8.982 2.82657788565105 1
4.1 2.91939390376223 1
7.087 5.0024120201544 1
4.46 5.90753769040143 1
4.65 5.17733857868759 1
11.88 1.43151102512095 1
9.994 11.534730948878 1
6.399 3.69588927732887 1
15.58 2.61588037162121 1
11.74 13.2395992508235 1
8.528 6.92244470353577 1
16.83 10.6038490672311 1
5.756 7.32925791841997 1
4.47 7.07930571308287 1
19.379 10.9028634680597 1
7.953 8.17082490598044 1
7.846 7.74404242996397 1
10.2 16.4715335865929 1
6.469 5.41057768968091 1
14.77 16.7778645520741 1
7.581 11.3706617951775 1
14.029 15.6637234625218 1
5.388 3.45999189136902 1
10.193 17.4498819410396 1
14.655 16.8386741732527 1
8.227 8.01042571848687 1
5.647 3.96217884532681 1
5.107 6.45054389120948 1
11.18 10.8555781743953 1
13.93 8.65962586908904 1
6.004 4.01601041305198 1
4.981 3.74788631582089 1
10.76 11.0097005763613 1
6.562 7.15498588854351 1
9.132 9.07077314358207 1
9.267 11.184710522913 1
10.22 9.22940561146165 1
7.74 8.78997600452394 1
14.71 17.984813730597 1
10.66 11.4580321003294 1
9.457 9.30638788124037 1
6.32 4.3561071907154 1
5.998 4.37981703934122 1
6.33 4.79616604096758 1
8.977 9.1782075664951 1
12.31 12.0258542778796 1
8.64 8.98278102128152 1
4.35 5.24566007248584 1
8.769 6.1281303724601 1
6.126 3.69814810972207 1
7.02 7.35643914525476 1
3.897 5.68035228499227 1
15.09 20.1583298580855 1
6.326 5.67482079671127 1
7.15 7.25563684676789 1
5.297 4.13289787119917 1
5.527 5.02225895694802 1
18.43 10.2830852048276 1
5.168 4.78043244721564 1
8.769 8.71506667001544 1
4.578 4.65665893477098 1
17.47 8.57424403137417 1
24.434 9.53573516125578 1
5.089 4.23120589509008 1
5.411 5.23594666598558 1
32.29 14.119056835404 1
15.19 28.1141239349408 1
17.26 12.0377489055378 1
29.811 14.7614003924807 1
4.855 4.26591235333504 1
5.618 4.73686892547092 1
4.47 4.42621110333505 1
6.63 7.52622259685538 1
18.21 21.5592522690376 1
5.982 7.990765963438 1
46.321 50.5228481696552 1
20.26 15.595080555193 1
21.34 16.2297007335615 1
10.37 9.25695045016471 1
5.636 6.68264552888316 1
52.774 51.8491407178332 1
6.584 7.73779753311888 1
7.579 8.26216424903757 1
46.86 49.0765232311118 1
6.93 8.09213795136387 1
20.88 22.3387243662841 1
49.325 50.0540431014668 1
51.262 48.7348631797684 1
6.093 4.00702796183222 1
12.65 11.8717639576068 1
54.401 44.8601821365826 1
14.56 18.7600084177869 1
5.399 7.10111406468863 1
31.363 33.0635341663717 1
6.278 7.66009788431806 1
8.61 8.91088582645907 1
12.63 18.1309731706022 1
5.219 6.85806323326815 1
8.42 8.58557491996396 1
32.988 30.8756906645908 1
51.224 47.2219976126764 1
7.017 8.79156632577973 1
5.21 5.8103568703191 1
36.229 32.7093789592126 1
47.64 45.2354752888626 1
25.83 23.8504837453423 1
42.42 40.5287803734792 1
8.911 11.926070556001 1
33.11 42.0703789068244 1
26.406 27.7794976887339 1
46.312 40.5940886425528 1
55.522 43.135427072033 1
17.679 13.906102209475 1
11.15 10.5960646313947 1
3.17 3.83259983703037 1
21.93 27.361994867895 1
27.135 27.4721405137879 1
51.15 51.3513226566495 1
51.15 51.3561039121924 1
51.15 51.3608912479259 1
51.15 51.3656861661916 1
51.15 51.3753034828306 1
51.15 51.3623658631858 1
51.15 51.3678630850026 1
51.15 51.373342586912 1
51.15 51.3788031581214 1
12.675 12.395152028456 1
29.18 31.916141673335 1
11.94 19.4831884572362 1
18.04 24.1558147606639 1
31.555 29.3354569195677 1
4.09 4.12378117065877 1
5.371 4.79596669167782 1
48.3 35.6146461501647 1
5.77 5.1357606209161 1
4.67 4.45160434738034 1
21.15 23.7384589080906 1
6.043 4.51759865241379 1
50.75 27.0760062391765 1
50.75 27.0805186362327 1
50.75 27.08277521544 1
4.57 4.58187048783325 1
50.75 27.0727677797941 1
4.88 4.23252498094699 1
19.441 18.2716127751981 1
3.49 4.5025371656562 1
4.43 4.27190184463715 1
19.244 17.2525772239115 1
4.867 4.28239874183222 1
38.011 27.1105418481574 1
28.719 23.4552558741328 1
26.615 24.1204986074421 1
11.17 12.7209875467319 1
12.62 11.1190628870304 1
4.992 4.38923002902214 1
3.501 5.95350567066392 1
4.34 4.41409529321153 1
3.82 6.94077141992278 1
2.863 6.92011374286156 1
4.02 4.24255693970664 1
4.408 5.22397467786928 1
4.02 3.46391741536285 1
0.935 1.22757829792074 1
4.405 4.23413217023675 1
4.161 4.03555047855378 1
4.236 3.61811297340196 1
-1.806 -1.38269139869789 1
-9.77 -2.65582805785383 1
-2.03 -3.48716392727741 1
-0.259 -3.14374439630983 1
2.304 -1.23422498808029 1
-8.806 -3.22258964364385 1
-0.813 -5.12342417109108 1
-12.57 -4.82220519459084 1
4.426 3.0763799872774 1
-18.859 -8.48889171515182 1
4.303 3.51683450879054 1
-22.02 -10.1997273492795 1
