1.8 1.21752254020072
1.2 0.141674868121462
0.5 -1.16473427048379
1.5 -0.984959837647967
0 0.61092114090067
-0.3 1.30465500956253
0 0.467280369480185
0.1 0.280096826541431
-0.9 0.0944926915131239
-0.4 -0.284486155877509
0.1 -1.08222445134843
-0.5 -1.54148065995368
0.2 0.0251143377406074
1 -0.655920899217704
-0.2 -2.41463389386516
-0.3 -12.5105900984251
0 -8.27633486259393
-0.5 -9.79774699696348
-0.5 -12.7445215215492
-0.2 -12.5853823106227
-0.3 -12.325902768245
0.9 -13.7320068292485
-0.6 -10.3843741178075
-1.2 -3.88141585966546
-0.3 -13.8280316729645
-1 -9.35992276179618
-1 -9.4034149929645
-0.3 -12.1394374162481
-0.5 -14.4402603716006
-1.2 -10.1353907816263
-0.3 -6.79671597794134
-0.5 -13.3165932019763
-0.5 -10.1654399424035
-0.4 -13.9180297958981
-0.5 -9.32614385981986
-1.5 -10.8462872662275
-1.2 -10.2376459150232
-0.3 -7.70329471634586
0 -10.6438353647041
-0.8 -11.4492421388266
-1.3 -10.9081801523057
-1.5 -10.3934220016212
-0.4 -5.53621925055584
-0.6 -9.18753879798252
0 -11.5701693260216
0 -2.80171559281523
0 3.92987358561503
1.5 -0.85276987939784
0.7 1.83236605153886
0.2 -7.79829640040659
0.2 0.568414787797221
1.3 2.58387423242923
1 4.87959465643849
0 1.70092478433351
1.3 2.91411930647452
0 1.09062521606794
-0.1 -9.68087918001029
0 2.16059206792589
1 -3.41290424386516
1.5 -0.471487872830676
1.2 0.128481892063819
-2.2 -6.37010584108081
-0.4 -2.65733744808543
1.8 -1.30283143871333
-3.5 1.11745342555327
-1.8 -2.84262465903757
1.4 -3.36157030005661
-2.8 -6.66449435399383
-2.2 -5.7033705113227
-3.2 -5.03793845361296
-2.2 -0.293289915028307
-2.9 -1.93020152647967
-2.3 -0.956448190478641
-0.7 1.72889035276892
-1.2 -1.1579985107823
-0.9 -3.29065682214102
0.5 0.56777314305198
-3.4 -3.2544403989192
-4 -0.821496336001029
-4.6 0.918280080669068
-3.6 1.06837768690685
-3.2 -1.73650359683479
-0.8 -2.01361564506433
-1 -3.04479450689655
-1.9 -2.61512568672156
-1.4 -2.30824087641791
0.1 -2.94070076542975
4.5 13.9996492822131
1 2.06390289891405
2 1.595598285193
-0.2 1.12449772531652
-1 2.87726353188368
-3.4 -3.45533080448276
2.3 2.19709577026763
3.1 2.16118233688112
3.1 2.0994487201441
2.7 2.35168975625322
2.5 2.52766295717963
1.8 2.60045792254246
0 2.63158373847143
2.2 2.05321768265569
-1.5 -2.38703664360782
3.9 8.67839466031396
5.2 8.3686295780597
5.7 5.4304171989295
5.5 5.47887548852806
5.4 9.61029846764281
-4.2 -1.25168429436438
-4.5 -2.19399811920741
-2.6 -3.5464519760525
0 -3.20642707332476
3 -3.69789664664952
1.1 -1.13007513863098
1.5 -4.29774226125065
-3.5 -6.09716250624293
0 -4.66546304708184
2.5 1.84685593990736
1.5 0.605464169758107
1 0.177853745887802
-2.3 -3.99941534534225
-0.4 -2.18318656135358
-0.7 -4.14202740187853
-0.9 -2.65617912645393
-0.7 -3.89847614646423
-1.6 -2.79943001710756
0 -1.71512837379825
0.1 -1.45572648073083
3 0.788196396937726
3.5 6.24722402244469
4.3 11.5415618806279
0.9 5.14473715363355
2.8 9.28326348247555
2.5 10.628966916037
2.2 12.8973273522182
2.9 10.1459761495522
-1 6.96379843646939
-5.5 -7.12484694424086
-9.2 -6.23548483142564
-8.3 -6.37281934062789
-3.8 -6.42320096706123
-7.2 -6.42302818095728
-7.6 -5.84932589734431
-4 -6.04663997415337
-3 -5.59537519383427
-3.5 -5.77821411014924
-6.6 -6.44981423665466
-5.5 -7.0163517934946
-6.1 -5.55907647378796
-12 -5.2270514039372
-13.1 -5.0865825444879
-8.7 -5.40888484579516
-2.4 -2.75942591907359
-0.5 -2.54755521565105
-1.5 -3.7829417886104
-4.8 -2.80430392802368
-4.5 -4.061334638842
-6.5 -4.33326587819351
1.5 5.47753921053012
-1.4 -3.10272225825528
1.5 5.2951984434277
2 -4.16786205020071
0.3 -2.53151416828101
-5.4 -2.38532962731858
-2.8 -3.74541288724138
-3.8 -3.27481942598043
-3.3 -4.47266602688625
-1.8 -4.0383067168142
-0.1 0.626836542089553
-3.2 -4.23932028501802
0 -2.96128456742666
-2.4 -3.30826485722594
-7.2 -3.55794153806485
-2.6 -3.74678397436438
-0.3 -2.49629063258879
2.3 5.78737727043746
4.2 7.9998220768142
1.8 6.65025919373649
1.8 6.61437468236232
5 4.8596997812249
3.2 4.59926331894493
5.3 3.88570198213072
3.6 4.19436151768398
5 4.16963807656202
5 4.24651401127637
6.1 4.44835015065878
6 4.52270526019043
5.1 4.92634883556871
6.4 6.06765289696861
5.9 6.01727621818837
7 6.09319735927946
6.6 6.08693782368503
5.6 6.11729548574885
6.3 6.2928373082141
7.6 6.72542719499228
8.3 6.66490036597014
6.3 6.62562946362327
5.8 6.06789682381368
5.5 6.10212611533711
4.3 6.1701956624035
4.8 6.16716390701493
2.5 6.58803418108081
3.5 5.94276363247041
5.5 5.6507872228101
4.8 5.11491141108081
4.7 5.08864694503859
3.9 4.30959167344314
4.4 4.0978122922491
6.2 3.01176571845085
8.3 3.18242563816263
6.1 3.02454260833247
6 4.40860938869274
6.5 5.7390363416212
6.8 6.35791362429233
7.4 6.71492977231086
10.3 10.3791450020432
11.5 10.4464730549614
10.2 10.4579949124035
11.8 10.1182389033454
8.7 7.67860929000516
17.9 9.57170951810601
18.3 9.07939987285127
17.1 9.00183153737519
25 8.72037718711786
10.4 4.62679817658775
12.6 5.10181922368503
12 4.45027837601648
11.9 5.01531875910447
16.7 12.3186285579053
15.6 9.86046183414305
15.5 5.81456593129182
8.9 6.99328276232114
12.9 6.57965124305198
12.1 6.42780963924344
1.9 7.05618668810602
0.9 6.49057343384456
14.3 23.137767702069
25.3 6.3711911955893
7.7 6.09206185730829
36.9 5.74046810265568
23.5 5.30747862434895
4.8 4.51666223830158
3.4 4.2336622662841
10.8 3.03906908725167
5 2.97066237127123
9.4 1.53461393588266
4.3 1.81664300980957
4.8 1.73742702246526
1.1 1.83920903096758
1.8 1.88346357223881
5.4 2.3046905629439
2.9 3.22206645314462
5 3.23764699379825
2.7 2.55685336676788
18.7 20.9663411770922
2.9 4.70435259299023
2.8 4.15208998666495
9.5 7.22487912138961
4.7 5.64231784416366
3.8 5.63576420600103
17.1 10.1727588440865
29.9 10.0085342301801
0.86 -5.7047464294596
0.93 -6.19604278138448
2.24 -5.21314487238807
8.8 6.92658411312404
9.35 6.07133632211014
13.28 6.62839303786927
9.27 5.20544917653113
2.9 -6.42081612692744
18 9.49841280653628
25 9.05025868534741
12 4.7262467048173
2.25 -2.48111928822954
6.39 4.77047541302626
15.38 14.6244129872671
0 11.5173552077252
14.71 3.33455031081832
3.44 -3.02398061359753
6.26 4.85219243188369
9.33 4.9611497867473
1.86 4.61282656102418
1.27 5.95754888766854
5 5.65813129350489
4.5 7.14651751849201
7.8 9.85153733389091
13 10.6349526866341
7 11.0291031722234
6.9 -1.68323831303654
7.6 -0.311935268167782
1.3 -0.690507265615029
12 5.68118265874421
6.3 5.53600185395265
6.5 4.49381709198148
5 4.64315606416366
3.5 7.11765029073083
5.8 6.85714063648482
0.8 6.72648052842511
1.1 7.05871216040659
1.1 7.18974319045805
0.6 4.10862868590325
3.3 4.65387021459084
1 4.7690908704632
5.4 3.94927032075656
0.7 2.18540096876994
1.5 2.39866406855378
3.3 -0.2179556249614
2.6 1.28446289689141
0.5 1.84525272767884
4.3 -2.09607492507977
3.7 4.84810667
4.8 7.22140772330416
2.9 7.36524007520844
0.6 7.27745709770972
3.5 7.60576861166239
2.5 7.43514986524446
3.7 7.8099508186979
2.1 7.69585345333503
1.1 7.46784317001029
1.7 8.12238304182705
0.2 4.24661525743182
