-1.71 2.51373052212557
-0.32 1.89198597162635
-1.08 1.74864284495111
-3.47 5.93946572621718
-2.01 6.76964176113227
2.89 6.44338120788471
-5.13 6.46226976391147
-2.74 6.51346482428203
-1.42 5.36278708274832
-0.95 1.88242041168811
-1.48 4.66766824230055
-1.21 0.935424226114256
-5.72 -4.58507295284097
-6.04 -5.55189932594441
-4.396 -6.77528722558415
-5.52 -2.39623206239835
-2.116 -3.44745023815749
-6.30842 -8.08958261770458
-4.65 -10.0110590840504
-16.709 -8.95026962867731
-1.463 -0.561969742583633
-6.75142 -7.81972795447762
-6.78 -5.07583295054041
-6.39482 -7.77844938353061
-28.193 -10.7608222071951
-4.281 -2.91328076111683
-30.22 -11.7804938146114
-7.17515 -7.53780631210499
-15.35192 -11.6497367774215
-16.625 -12.0367714363458
-2.131 -1.7424284901647
-3.55458 0.633986121013895
-3.806 -1.54241959161606
-10.05851 -7.34561564658262
-10.86992 -11.9819478894545
-4.145 -1.74460633760165
-6.49596 0.582201593571797
-22.25 -9.29825606288728
-6.707 1.94154990775605
-5.458 -2.24667835562532
-26.97 -11.3514014162275
-9.60623 -12.2250466193155
-0.51 -1.25592359602676
-11.73 -6.27960145435409
-7.71128 -6.28580492207411
-7.49465 -6.26599947512094
-3.26 0.2690859798456
-10.45169 -12.5076772198302
-2.03495 0.760385181260938
-13.732 -12.3524774139578
-3.53 1.6338344065157
-6.60053 -5.34512167481729
-26.534 -11.1394392837211
-16.2 -10.7470717791354
-2.08256 -0.794196968023673
-4.199 -1.24735656331961
-21.295 -10.3039207170355
-0.626 -1.94869537400412
-5.70067 -5.32160544153886
-0.26294 0.797137529994853
-0.097 -0.938538354240867
2.168 1.16653640071539
-23.529 -12.3573618802676
-16.34815 -12.7593539872002
-19.449 -8.37700577738549
2.564 0.427912750772003
-9.1761 -1.27613324525991
-8.93393 -5.27536906988678
-2.39932 0.867407619511065
1.85 1.36570061524447
-17.62121 -12.8596517006999
-1.361 -1.37621097603705
-4.47 -1.53515261032939
-7.62445 -4.72310305706124
-24.476 -12.9837682411271
7.65 -1.28334614505404
3.21 1.98433425664951
5.40534 1.4056232921719
-1.07 1.26370892725167
4.478 1.83179364
-28.27 -11.7506930746114
2.24633 1.61714558514668
-6.67409 -3.88184767391662
-3.80916 -1.84069920682965
-0.209 -0.585234103051981
-20.08401 -12.8612169533248
0.2 0.809510624143078
3.406 -1.62773619141019
3.60678 2.02800484275862
-6.65941 -3.22305412599074
-2.628 -1.65270056831189
-22.54505 -12.7770997810345
5.42541 -2.01195419164179
1.321 -1.39682831784869
2.036 -1.31407444595471
3.90993 2.44763222032424
4.404 2.45682795479156
-16.626 -12.5409535648791
-4.66201 -2.83373309196603
5.4162 -1.15576412502316
-11.773 -8.64532636911992
0.254 0.531047367020073
8.53734 -2.06733037222851
0.177 -0.891456795280494
3.374 -1.10153845661863
-0.291 -4.68782978135358
2.5836 -0.912636552954196
-14.142 -10.2995618368502
-6.39049 -2.38408806391663
-15.064 -11.9859230519146
1.276 -3.78824794519814
-4.971 0.410053589526505
2.78993 -0.740588099099331
-20.5826 -12.2638695726145
1.797 -2.25542067223881
0.789 -0.456668666865672
-3.98819 -1.85788103039115
3.04649 -0.622610296500258
-11.207 0.223758002218219
-1.02 -3.29328209817807
8.07977 -1.98454968472465
4.29338 -0.545306427236232
-22.83371 -11.6864095087957
0.51 -0.381104971636644
-4.41329 -2.08496190257334
-9.529 -2.91628849237777
-41.222 -13.7551874934894
6.29351 -0.51154549274318
3.403 0.407330070514668
-1.06 0.311478626973752
1.91 -1.16266704389604
-8.529 -8.84388420010294
1.46 -1.1710226455018
-3.32 -0.114512535321667
6.11 -1.18824693269171
5.32837 -1.83978467873392
-1.17 -4.53690342934122
-9.96 -7.7848132624601
1.744 -2.33249245868245
-18.15124 -11.1217808186567
2.876 0.298513600916109
-2.57633 -2.14806469382398
7.08538 -0.462261040983017
3.905 -0.199740391796192
6.51754 -1.65650191518271
1.36097 0.476578033386516
-27.31 -14.1843668222491
-3.13 -1.78889727071539
-2.332 -3.15977910529078
1.22082 0.40079623603191
-5.29 -11.699394799542
-7.155 -11.694520613088
4.54 1.39188190367988
1.501 -0.346980880231601
-3.35 -7.53005493499742
6.07241 -1.53588912697375
-17.58802 -10.543828559964
-1.75237 -2.06858292476068
6.74028 -0.385028064158517
-4.178 -4.55376570613485
1.34479 0.311975544606279
1.93653 0.548263412393206
1.29497 0.283159852835821
1.35515 0.302334272352033
0.17746 -2.16806195170355
1.924 0.390616469660319
4.038 2.66499020039115
7.22927 -0.303852474781266
1.47256 0.285195339660319
7.17681 -0.294430629325786
-16.38493 -2.79404712985074
1.00122 0.629071865887802
2.20133 -1.27432220860525
3.155 -1.11436433091096
9.23 -0.319051484307772
-5.43 -8.24279084125578
2.17768 0.462668224781265
-15.71556 -2.779041774421
1.06 1.56720133330931
2.468 0.092187535120947
-21.31 -10.3040273752857
3.32077 0.0124192004529079
-2.532 -6.76394807500255
-15.05757 -2.74489100091611
8.18131 0.017511812367473
-0.39295 -0.930665138347915
2.62292 -1.51976831776119
3.16467 0.277406440483788
2.6096 0.272587346083376
4.44253 0.25054812892949
1.46 -0.221038839541946
4.10333 0.222192660267627
-16.50206 -9.23354532420998
4.46223 0.384003373746783
-2.50229 0.166677632707154
-13.802 -7.80221331504374
2.43279 -1.11409620271745
2.585 0.557529747617087
-13.86678 -2.58346828530108
-0.49588 0.11120511370561
-16.14189 -9.01475162889859
1.5961 -0.451388377833249
1.17 0.588918901780751
11.396 0.579276449701492
3.8252 -0.635549290890375
-0.619 3.28095789422027
-0.50954 0.113105893937211
1.205 4.39906149623263
5.08805 0.799422170952137
-11.67 -1.68016917020072
-4.78401 -2.49112884838394
-1.13639 0.115136781487391
-1.31782 0.113945560720535
-3.034 -3.15281504351518
5.365 0.535282820545548
-22.75 -11.6580549110757
2.59978 -0.543565331585177
-2.52249 0.124277394750386
-3.15108 4.85672285289758
-2.13295 0.134152124570252
-0.941 -0.916600085486362
2.16832 0.184151675259907
3.699 0.364079769557385
-9.094 -11.0811414075039
1.05282 0.148551499794132
-10.1 3.22394058993823
-11.96514 -8.35268971337621
12.45 0.488731472264538
1.361 0.49207308234174
-4.007 -1.56454169382913
3.7343 -0.132125130313948
0.93619 0.983302803149769
5.33 0.837718191245497
-4.24722 4.35497855350489
-4.454 -5.99790888975296
-0.55 3.10535987180649
0.63149 1.01345118645908
5.761 0.447299266577458
6.64 2.62768637448276
11.3206 3.0738623396809
0.45 0.451953628131754
-48.03 -11.7916818406691
1.14 1.46279238994339
3.78897 0.158846342578487
-22.578 -15.1935771885795
-1.89 0.604658257694288
1.77653 1.22467387299537
5.38408 2.07022073959341
2 0.703096974904786
-5.912 -2.58347618597015
-3.39493 5.10581819895522
12.92725 5.02469172314978
1.43986 1.41838351685538
7.84086 9.58425160662378
-7.87105 -7.04581108144622
8.68 5.35080854944416
1.41 3.09549576340196
-45.95 -14.5174870052805
3.73974 0.480186658677303
-49.215 -14.5093706993515
2.34869 1.58529136864128
-2.83 0.50248221979928
2.386 2.97561155386001
-3.67 0.522519220782295
6.36 3.01610508346371
-3.67 -0.877751787550179
-7.62821 -6.95700316770459
-16.1 0.727721411662376
-3.92 6.14870394871847
4.414 6.18980574784354
8.95465 9.64610069981987
11.9837 7.26346832691715
6.608 1.40619162153885
-8.26317 -6.76267847312918
3.4 2.85476264085949
0.93226 2.17009553069995
0.97 2.85003667645909
4.56559 7.9592628134174
10.70193 9.88707103835822
2.575 1.51385983319094
2.13352 0.529428280108081
0.176 0.532347756695832
0.1983 2.37128609195059
-6.2832 0.693559505337109
-1.393 1.10055741478126
0.459 -0.0426466465620175
6.271 1.47692222779722
3.93095 0.564236113757076
11.83448 8.94825397847143
0.49496 2.68701614910448
-7.50368 -6.30281871803911
7.462 1.78992628492537
4.17724 0.562596201518271
14.127 9.33276868229543
2.28588 2.93863777531652
3.08035 0.402927175404014
0.97 1.20781963606793
-1.4 -0.963712095800308
14.93882 9.60429760301592
8.71 7.04182852410704
3.172 1.54026786688626
3.92898 0.491123103962944
1.561 0.512950848522902
4.14335 3.32272718434894
-5.5591 -5.7710037936593
-49.09 -13.8757924508183
-2.2 0.542455229531653
10.06367 12.7663873900206
14.5968 9.6973595616778
4.84468 7.41480022220792
-4.93063 0.229760585357694
1.16 0.194251841852805
4.33386 3.65926604896037
2.40714 3.61796971672156
-18.713 -14.3923679194133
-1.01 -1.17789926084405
3.15368 3.72610079256819
16.00741 9.67305546300052
6.91603 7.60156412654144
1.491 -1.05648132998456
-0.067 -3.41803642442101
3.19677 3.79562108498199
-4.92808 -0.0686180547143592
15.77474 9.54761460264026
8.84596 7.70561094999486
2.394 -0.213719290365415
3.42346 4.28790235127123
2.888 1.53647397966546
11.90132 12.3803541738343
7.909 3.49946430701493
-13.382 -12.5138073498456
3.25471 7.83512680597016
13.28 10.1729458048585
-1.76191 0.183962363324755
1.02078 9.44458563819864
-2.236 0.499225821883686
4.19711 4.94008399553783
-5.59772 -4.90641881443644
14.28382 11.7119320932424
-0.605 3.65031800339681
9.44 5.42377140321154
-61.27 -13.7252848958518
17.32579 9.23142409233144
2.49036 5.63647815491508
2.12359 5.91410294503859
-18.701 -15.7166843331189
17.4415 11.0937581102882
14.067 5.9416971842563
17.74979 9.04816279674728
6.564 4.20495853190427
-34.055 -13.8031413752805
-0.005 1.01994610871848
4.392 -0.0724040412094699
3.89848 7.01708682664435
21.31603 10.4466229012866
-6.35026 -4.27556787818321
-5.74 -0.226448244760679
6.666 7.97621816469892
-40.346 -10.666213163088
7.732 8.37301687657746
6.2 8.36184475114256
-40.69 -9.2873648733968
10.51738 8.58178615779208
21.12801 9.66657042363356
1.97527 8.23377974531136
12.31 10.1601617166959
-0.88991 1.4846129676634
-5.271 0.90310507319609
-3.94 0.922099935609883
11.91352 7.9908731985641
-30.474 -6.68333109616058
18.747 9.60441084981472
-4.1 1.83837841035512
11.606 8.13980694572311
8.272 3.66044198489964
7.12 8.2362127013999
0.02062 9.06964865288216
-6.05197 -3.70737385651055
-2.317 1.34859666164694
14.99 4.8267134686207
4.3839 9.35874071411222
16.08506 8.0352912479053
7.43602 7.93866447158003
-1.29591 2.53294626417911
14.998 9.34997660591354
-2.36 -2.20616195920741
11.13144 9.81253384769428
5.11321 9.74636277372618
-6.626 1.30034548955224
-12.034 -4.14141596727225
6.27049 9.98823160785385
23.10495 7.66199787964489
3.505 -2.23010942972723
15.78949 9.78556142418938
9.97998 7.81451331083892
5.13794 10.1016230899897
18.408 10.3471097169995
21.89192 7.49552417489963
-1.24912 3.08694315571797
5.75747 10.2094860052393
-14.043 -13.1980392945599
9.47504 7.2910241672002
16.49513 7.29424892432321
-14.81 -15.764630011122
2.475 2.26885847054555
6.44501 9.9018241686979
11.24 7.84830958974266
20.67739 7.24147545161092
-3.0084 -2.73292468077715
2.3956 10.1672238856459
22.53169 7.23807543076685
3.73333 10.2509847673134
8.78161 7.67644761075657
5.45478 10.2050655753731
5.70803 10.1397517768297
15.4142 7.20532888145651
-23.515 -5.87265568123007
-14.408 -10.3751825706176
23.99296 7.31117640858981
18.91408 7.19917020158516
24.10501 7.21202545216161
3.45773 10.2988777340556
1.74076 10.2952345480288
-1.80636 3.3875221830211
22.70897 7.10002424584663
3.55565 10.5504354231858
-0.74333 3.6158144641791
-1.053 0.481919236047349
11.40877 7.03773578778692
-39.08 -14.5799560901544
9.866 5.7108227298559
-2.64389 10.9312711928924
-1.85847 3.15945922901698
8.85137 7.36186036418423
21.84139 7.0156880075965
26.762 9.05372135979414
-5.202 -12.2263527336902
-23.062 -7.92104805340709
7.881 10.7774677948585
11.78285 15.6749141741843
-0.95803 7.37333346477611
-35.657 -13.5758108333402
14.64949 6.98181779694287
2.48713 11.3053403735615
16.45 0.819110198435411
-3.56776 -1.79557615555841
-1.66266 2.59113449396809
5.57942 12.381800826526
-7.1 -12.0939326693412
-14.69 -6.63285736919711
13.6804 6.99738853863612
-6.55563 11.5170739743129
-3.463 1.43872036136387
-1.105 7.82094630792077
15.10702 6.91232813018528
-0.64 1.8460023111683
-1.99982 11.613312462455
4.92143 7.2372665636593
0.79 -2.39164205155945
6.81326 11.8109959976943
-6.19126 1.11220257049408
21.25829 6.78493751240349
-5.93 1.73368165315491
-1.247 1.73638459505919
-2.00371 11.6634949407669
-1.89032 -1.20479339640762
12.10305 6.71842162352033
6.624 9.88916512919195
-27.758 -13.799759453963
5.157 5.73471555398353
-1.14389 11.7600749433196
4.91318 11.4244988797169
-13.02 -9.64056921345857
18.2271 7.08480466829131
-1.44177 -0.00805326764796706
12.77056 11.503400827437
-1.29533 -0.926177153432837
-0.42865 11.8132946369171
12.88936 6.62273303979928
3.85 5.3443754603963
7.8902 6.9636635367267
-2.73 1.76868172351004
0.32325 11.7332320247761
-10.825 -3.0939871336387
14.09245 6.51532157507977
0.789 1.87365320091096
0.482 0.929948615059185
-51.62536 6.85376996445702
-0.0051 0.0970029068450848
-0.65351 11.6773818150695
9.5832 11.2415357248482
9.055 8.11110632589295
1.87 -5.14709121662892
0.58 6.30809665023673
0.95 7.02081602063303
1.922 6.2489930090633
-1.06 1.7115166120947
-0.74643 11.5661937287905
-0.027 -4.58513721538342
1.043 1.98851184282038
7.34629 7.12803528425631
7.10688 6.83571693137417
12.6027 7.81692092961913
7.70811 6.58118877423572
8.27156 12.4830702428358
14.7428 8.21519567246012
-0.51782 0.417653263638703
-0.8 11.2477960163407
8.426 6.20978475866701
0.122 5.70318258323212
-1.239 1.42398735080288
8.8585 6.49570291832217
9.57858 6.42876633370561
4.536 10.9335366413999
9.23532 6.38795082223882
1.80747 0.598853363103448
-4.01628 13.9362159026094
8.93294 6.31516758724137
10.4169 7.89387045790531
1.746 1.5143171329439
7.54488 6.24325374657231
6.387 8.05779685004118
-2.2 1.66838455099331
-12.341 -7.21695931262481
7.59524 15.7263316393052
-3.307 -10.2044749136747
0.01 0.536879554801853
1.491 1.5092005769789
0.101 -4.24086870900669
-20.22 -14.0257106123314
-2.199 -1.11507900704066
2.172 6.82333173983016
1.85 5.32202728562532
6.92357 6.95226099861554
-3.62424 -3.85898246042717
4.14 1.28558774885744
-4.494 0.759113750339682
-20.032 -14.0695676364025
-2.6 1.49243433484303
-9.1 -3.60956139608852
7.176 3.88000228623263
-2.79989 0.722899176628925
-6.109 -4.39123599115285
2.86519 3.28000416506433
1.62215 3.47710685999485
-1.641 -4.08518425267628
8.88756 7.18816840132783
7.04935 6.38750699319608
-8.238 -13.8785818704787
0.00036 0.738531932341742
-3.09 -1.54701884709212
2.47 6.78374576720021
-2.76 -1.200007222491
-0.62385 0.686303492918168
-1.073 -3.88081926078744
-2.95413 -2.93380263166237
-3.74 5.05203455884714
11.479 6.8576891217859
0.62549 0.627988655079773
-1.293 -2.36592820462686
-0.066 -1.95396621004632
10.362 4.76874074902213
7.56 4.68752692384972
3.484 4.5667901370561
8.68 4.68018547956253
9.786 0.654076417817809
-22.35 -13.3402089026917
-4.68 -8.20807899269171
-3.4402 4.69078458365928
2.427 0.865409019969119
-10.5 -6.44046589978383
-7.067 -4.92915259768399
1.16931 0.53402923016984
-3.27754 -2.21799680105508
2.11 4.16849020376737
-4.79 -3.47275312166237
-1.353 0.572884509737519
-4.03782 4.52238899375708
1.42987 0.489218695563561
1.406 0.580279598687597
-1.653 0.782313083381368
6.76 5.27028380102934
-30.434 -12.1251629007669
2.699 5.18217785163665
-0.45 0.191099132352033
-6.383 -12.2800003370715
-2.29442 4.22237312710757
1.55091 0.327645430437467
-3.509 0.186527872717447
-1.59672 -1.70850834924344
-4.09 -8.46688694025733
-5.626 -10.6224803787597
1.59175 0.169590694909933
-0.828 3.61557716110653
2.414 -0.0141262029284611
-13.29 -11.2092338244107
-0.883 -0.115660131801338
-22.282 -11.1467828409727
1.97407 -0.162788038044261
2.718 -1.02664298872877
3.28 -0.275505680422028
-8.002 -1.98490942484303
-6.548 -10.8020910241739
-6.798 -2.60215151685023
-7.64 -10.2401445709161
5.92 3.0528984896243
0.13 -1.43256235267627
-3.22259 -0.704774652563048
-3.84 -5.42229483808544
-4.51 -1.48682068452393
2.48572 -0.555003125028307
-2.479 1.83106581903242
-0.04575 2.73760085718992
-4.76 -10.5831805852548
-6.11 -5.26412646775089
3.213 2.17653739702522
1.005 -1.4487111121719
-0.60354 2.55944776110654
0.57345 2.46187547207926
-0.75884 2.49263488881112
-4.487 -10.2300228919815
7.495 2.71430315920226
-7.867 -9.30813949428719
-3.867 0.0436388315234174
1.99031 -1.07944505624293
-0.19 -1.42712505247555
4.57 2.6713370639681
4.121 2.92180495244467
-0.0894 2.41960360250643
-1.53 -1.33292000732373
-10.954 -2.90588883042717
-5.181 -8.53372993615028
-1.317 -1.51081289598559
0.24 0.391386507452394
-1.48 1.93790659611426
-4.991 -4.85463219300566
0.28 0.379728280262481
-1.66 -1.51606724198662
-2.91 -1.92888933602677
0.79625 2.36725227034997
-2.889 -1.94528783028822
17.108 2.25931776492537
2.754 0.646180127138444
4.202 3.92708756078229
2.77504 -1.12397467424087
0.39 -1.03193882231086
-2.798 -8.89938432308286
-5.1 -7.45967379183736
1.97959 -1.03799080607308
2.76624 2.19057340800823
2.2821 -1.16006282297478
0.91 -0.550229264194545
-5.661 -8.3411446064076
11.884 2.14526050392177
13.853 2.09672595738548
3.70695 2.31681063806485
-0.852 -4.50355581173958
-2.66 -8.37932655677817
-4.921 -0.35028223598559
0.62286 -1.07286009467833
-2.97108 1.0003975682244
3.681 0.694959728461143
-3.69 -1.54467494097787
-2.188 -7.49650684390635
-1.98 -2.81706666297478
-15.99376 -2.89398898642305
3.12759 2.1816871505507
-5.466 -8.49134161901698
-0.96 -1.04348050762738
-17.38392 -2.8142186900875
-3.432 -6.67748357842511
-3.638 -4.99740321731857
-16.76705 -2.71002602022645
-9.75 -2.16414130398353
0.93234 2.22387175740607
1.06709 -0.912984760679362
1.395 5.31967317329387
1.12307 -0.841276427318577
0.98136 -0.784687068929493
11.489 3.89835632153885
-2.163 -1.07725603506948
1.24131 -0.674986900324241
1.56699 2.3236005061297
-4.23 -4.63710580667525
-1.9 -2.0309260005404
-1.304 -0.360019161034483
2.99 0.652533711600617
-1.96 -7.7283330342563
1.15893 -0.343920330941843
-2.847 -3.9668398619403
-4.76895 1.57118099902728
-17.75 -2.42990065199691
1.49527 -0.0919649695625322
-4.53 -3.97369665386001
-3.831 -6.31759765157488
1.49004 0.230447317014925
1.88236 2.31653571416881
-0.804 -5.12206989372105
-14.012 -2.20367714338137
1.89781 0.629678113226969
2.57533 2.43148481657231
6.74 0.291305454909933
1.62109 0.769016094523932
10.69664 0.735173770483788
0.146 -6.32338157008748
-1.845 -5.87612884952651
-2.676 -5.09734171752444
-1.166 -1.40565323992795
1.3138 1.10683816097272
4.386 -3.74195135227483
-2.18 -3.34399663943902
-1.937 -4.156348751544
1.77102 1.36964230909933
-2.63836 2.02933456110139
1.57445 1.50656525638702
12.25 1.86231720137931
1.55735 1.65872397732887
0.96461 2.42704028374679
1.81609 1.63536240490479
-6.04 -6.71699042004117
4.27887 2.56533179476068
2.0458 1.99930302630983
7.756 2.07466380970149
-11.57 -2.50777825212044
-2.01 -6.65983641893979
-3.672 -0.934546878991251
-2.547 0.274369868373649
1.67667 2.40327943336594
-6.914 -1.99752407957282
-5.42286 -1.71436086023675
2.581 -0.184901259269171
-5.697 -6.68478714954711
-2.59249 2.35771130420484
1.42058 2.66001980645909
4.09377 2.74767216959856
-2.1507 -1.4454347072105
-4.26 -3.85436539328873
-4.48 -2.25430488956768
-0.659 1.89725554093669
-3.09 -6.22203235822439
-8.945 -1.94968684265054
4.198 4.15892762452909
-5.689 -5.11374394929491
1.99637 2.92764961339166
-4.66784 2.71176724549151
-3.929 -6.35369462507463
1.32 4.68670231894494
-1.88 1.49428158586207
0.21388 4.74477669454452
-4.713 -6.04619540844057
-5.4 -4.65091655239835
-0.61234 3.02024652892949
-4.235 -3.8694449887545
0.6 4.82070277625321
2.239 -0.156609818733917
-1.17 -0.104178185491508
3.58759 3.07326459373649
0.822 2.99372843500772
2.538 3.1799236354143
0.21 3.19694612233144
-0.637 2.96856473832218
-1.153 3.17680466221307
-0.34303 -0.869671614987134
2.31217 5.18651216285126
-0.372 -0.0705093933453424
0.32 2.66271839798765
0.03969 -0.718242643118887
-2.20853 3.17302611940813
2.101 -1.74599917968605
4.104 0.38934767111683
1.42705 3.42387593124035
-3.615 -3.58390154137417
0.14263 -0.549681456839939
2.28628 5.09877080591868
3.40633 3.4969365975193
2.71506 3.45331647559444
0.30146 -0.325627871821926
3.53856 3.66750001342769
3.62273 5.28269994768914
-1.43224 3.5914769206948
-0.33 -1.54933721940299
3.339 0.829348871291816
-0.759 -4.27061123442614
0.61856 -0.179665203283582
3.1964 3.8374040365054
1.06549 -0.119341521899125
3.846 4.5812190411477
-3.44 -3.42309870258364
2.09 -1.18714012300567
4.52832 3.5510507468142
0.24514 3.8694307833402
1.941 0.863729822213073
1.701 3.95191911378282
0.12159 0.0973580197632526
4.32752 3.99640469920741
3.599 0.206244803952651
-2.341 -3.25743544981987
-5.86 -3.24847070900154
3.80509 4.12727200453423
0.39292 0.265768465465775
-0.029 3.30406163936696
-2.986 -5.73434464492023
2.914 1.48448060726712
-7.006 -3.62016431136386
2.75133 4.89260550083891
4.20957 4.2250270578178
0.77228 0.444285869691199
0.52 4.12164380133814
9.107 2.77712329297478
2.91 4.89055544308802
-7.87 -3.58237862658259
-3.082 -3.27332179706124
0.496 -4.43918018536799
3.517 4.38529488460113
4.38037 4.50876799487391
8.87 2.8324708963613
-2.61 -4.50406470065362
5.05923 4.41031285658775
2.28664 4.72880955902728
2.66889 4.6140104424807
4.977 2.68361122103449
5.47736 4.52906722636645
-0.15 -4.46902171677304
-1.92737 0.786188667272261
3.65252 4.53203442813175
-3.98 -3.96843396337622
-2.495 -5.99092376971694
0.47 5.12943670214103
-6.62 -5.98854248330417
4.58199 4.48227666608853
1.251 4.60387730780751
4.28241 4.49946898932064
4.46637 4.50028163073598
5.86788 4.69044811459084
3.85 1.18128802472465
3.49651 4.40999052742151
4.85951 4.44195247561503
1.00995 0.966659522161606
3.81583 5.02913557222337
0.032 -3.73858256169325
-3.323 -6.05861980908903
4.9112 4.7607146209367
-0.753 5.19983274365415
3.91683 5.19860335569738
5.10493 4.82131530569738
0.227 5.31188902358724
-3.62 -5.42916413358723
-2.55806 1.06894924555327
3.73181 4.3129760384457
-2.458 -5.42858343393206
4.68201 4.29332968688111
-9.18184 1.05854419127638
-2.58 -3.38508912484302
-3.424 -3.38390861729285
3.62769 4.9699438336593
0.17 2.31688776704066
-3.56 -3.15922798554297
-1.034 -3.07574659266083
-5.29854 1.09717460149254
-3.022 -3.59331404859495
4.10993 4.11995661578487
-3.808 -2.66705771025733
0.403 2.68803860935153
-1.77 5.62935855835306
-1.826 -3.31387820430777
-3.686 -0.348916012300567
4.70358 4.01913273698919
-0.09209 4.00900557739578
3.42 3.94473883857437
-3.055 -5.49933398085434
-2.75 -3.1668545282141
2.534 -3.1657441893721
5.29945 3.9003105065826
2.356 4.43989442004631
-2.8087 3.79391899859495
-0.017 -2.80081958437982
1.809 4.22086318804942
-7.596 -5.99195026184253
5.94 5.09042797389605
1.15 3.78574003257849
2.2556 5.58163892007721
5.6069 3.58124573299536
0.529 -2.80739337731858
6.19285 5.6663821065929
-0.33 2.53416111790015
-3.445 -5.75057681019558
-7.311 -3.64191417686567
5.946 2.64909906661863
0.411 -5.9916346734174
-4.616 -5.09479597096244
14.566 5.99464117576428
1.277 -3.15736594291302
-0.292 -2.36866314575398
2.89 3.11538058209984
-3.038 -5.82512614354092
-4.276 -6.38604360292331
-4.17 2.27636524838909
-6.42 -5.07980197420999
6.939 9.07860928688113
-5.45 -2.47186880881111
-7.734 0.872823517014925
-2.39 -2.85148017459084
-0.822 -2.9642388626454
1.934 3.65500229489964
-8.24 -4.41442449048379
-1.588 -5.65601043358723
-4.66 -5.66805239294389
-10.411 8.6092121737056
-4.74 -4.32321416527535
-5.07 -4.33651844849202
12.08 8.31154957538341
4.71 7.24432549942355
-1.538 -2.8349568158981
-2.08 -3.0455309419403
-1.155 2.12005056079773
-2.54 1.87752790534225
-3.155 -0.414733740576428
-10.66 0.145655667339166
0.943 -2.89099438290788
4.353 3.60447616483787
5.275 7.71250839874421
-1.95 -3.24614863720536
-2.637 0.135387896695831
-0.09698 4.29247871645394
-3.39 -2.40084223772517
3.101 -0.806099549783838
-11.322 -3.79196103377252
4.01 3.75767715807514
-4.407 -3.64135399027792
10.069 2.96506546142563
-15.443 0.370195316927432
3.22 5.54012094303654
2.597 8.73209790907875
0.748 2.51263180990736
-4.11 -0.249098521667525
-3.671 -0.293079630715389
2.50859 7.15972666746784
-4.41 -1.40407074282038
-6.393 -2.09498739545034
5.13 7.24928252243438
-3.06334 1.28123721287185
-0.39716 -0.0949933565568708
-0.11015 0.175239376443644
0.406 -3.29407270589295
6.091 7.24122914265569
0.704 5.51206267246526
1.94332 5.31006068318065
-4.49781 -0.236367866922285
-4.93449 -0.544650514493052
7.674 3.66534250698919
-1.146 1.50384916889861
0.447 4.87565828519299
-0.86043 3.21044223844055
-2.773 -2.56806664287185
-2.77992 -1.55544275190942
2.035 -0.824987539866187
4.32 2.84764171734946
-6.023 2.1998901783685
-2.30958 1.96609015638188
0.96033 1.89403573340711
1.5426 1.07554123989707
-3.63826 -1.67947100009779
-0.447 0.354307402300566
-33.89 0.601722747138446
-0.221 -1.69087946461143
-7.45 -1.64129698425116
-2.823 -1.63135778807514
-6.721 -1.40689972756047
-0.96353 -1.64461368325785
2.402 -1.64712478370561
4.08 3.74715478149253
-1.061 -3.18443515659805
10.67 2.23337507679876
0.15077 -0.462022735640762
-3.067 1.32824276763253
-1.30507 -0.67051384902213
-0.341 -2.27753294663922
1.313 -2.80652640272259
1.689 1.77936855137931
-4.071 -4.03841781215131
3.61 1.78141747196089
2.521 1.0626470084457
-2.523 -3.62956495267627
-0.67423 -0.847713293401957
3.287 1.51974182638188
-5.16924 1.3913436345754
-0.09729 -1.0540259919403
-0.69508 -1.05542247425116
3.88763 1.47365935337622
-11.399 7.13597661562532
-1.5396 -1.04223791854864
-7.25282 -1.02916072214102
-6.473 1.53578776238806
-1.17857 1.57135996036541
-2.81605 1.88064921626866
-10.343 2.16424400911477
-0.43903 1.81637170397324
8.49 10.4072357620741
-5.119 -1.96151167338137
-2.20823 1.66670558777663
8.891 10.4055864506227
-2.798 1.12244949997941
-0.474 -3.02119847891405
-0.31908 1.89550164502316
-1.41 2.66786666412249
2.88738 1.7441106855018
0.91 3.45904938699434
-4.69 -3.13751416538857
-2.42695 2.01415531758621
3.93397 1.79569902632012
-0.62036 2.10738659975296
0.85 2.40443460191456
2.376 2.40555573960885
5.49 -0.7094031649614
-5.785 2.75171660913021
1.62145 1.83444388785898
0.67817 2.20322085453937
1.4771 1.85927480398868
-1.24 1.93970581725682
4.08424 2.27822256971179
-1.57 -2.68078685860525
1.37 2.28315091145652
7.146 -2.53954441991251
2.08343 2.36999061358209
8.122 -2.32990986668554
0.514 -3.44826327259393
3.33496 1.88849008932579
-8.127 -2.92787492551209
1.59575 1.8889901365929
-0.986 -1.86060213203809
1.849 1.12958958543489
4.60983 2.37250117866186
-4.865 3.22035724778178
-6.17 3.57593636168297
-11.11 5.7960532451158
-8.46 6.3126197603088
2.4241 1.8816164373546
2.296 -1.78808410037056
4.12709 2.36909903520844
1.11747 1.88596232211529
3.16222 2.34352180174472
5.08 3.99672536534226
0.03 -0.0967470695110654
-0.89628 1.87764747989706
-9.397 1.86320495628924
-2.41 -1.62232994904272
1.69439 1.86124748913021
-3.787 -4.29043273905816
0.14972 2.36434940338651
-1.174 1.957134915193
2.16485 2.41922826380855
-2.437 -2.49754362891405
-3.1 -3.90381419882655
-0.57065 1.83872238051467
-3.052 -2.39538031902213
1.14833 2.41519167598559
-1.085 -2.90052251989707
2.95773 2.31984791590839
1.56181 1.80787064920741
0.009 1.86098247913536
-9.933 2.14157752403499
-0.46 1.86426192887288
1.46562 1.81259027641791
8.455 3.45143409406074
0.46076 1.80620396042203
1.08556 1.79518935885229
-0.54893 1.7936210355893
2.65629 2.24393629135872
-2.77 2.51997992882656
-1.094 -1.91841085916109
0.159 -1.82021630453937
2.89477 2.27212476444159
-2.392 2.8261039810808
0.639 -2.37893328524447
6.6 9.13887425001028
0.09517 1.78851613787442
0.74 2.67096850681935
2.77595 2.25941354706125
-12.852 2.55388376248584
-0.43 -0.510111628486877
-0.62461 1.79435381033454
2.90325 2.24747421492538
1.33866 2.26828127537828
3.137 3.54358497390633
7.18 2.99770417895008
-3.381 3.00163323583634
2.67758 2.28214180061246
1.032 2.01540704005661
9.12 3.99064167819866
0.91231 1.77249745443129
1.95062 2.22159263266598
-3.222 -1.00561637692743
0.26467 1.77499944858466
-13.212 1.77562986339681
-9.393 3.01094069928975
-5.55 3.01063672754503
2.09532 2.13713759370046
1.95032 2.14319178781781
-4.95 -2.47185813554297
2.22877 2.2190244958981
3.2 3.12418729741637
-4.358 5.14671225449306
-2.469 -2.28752902630469
1.36257 2.20281333796706
4.92 6.09190094624807
1.99241 2.22541737959342
0.21442 1.80899015423572
8.775 5.0624453700772
0.36258 1.8622244624807
0.8 -2.62409795647452
-6.12 -0.260505926690684
0.935 -0.272561311780752
-1.78 3.27201375630468
-0.67 -3.11700313618631
6.037 0.209342751857952
-2.896 -0.909065778672155
5.2 2.36636559938754
6.23 1.63777577228513
-3.24 -2.96883728234688
2.191 -2.89082612839424
3.581 3.13923170535255
0.3 -2.02296084502831
-9.599 2.97929402241379
0.323 3.02160699973751
-0.185 -3.59466716366958
7.8 5.55810376567166
-2.39 -1.91744708205353
-4.706 -2.98055600098816
-2.07 3.18992926395265
-0.277 -0.0595096578692743
-24.697 3.21085405574884
-8.55 -0.487686333474009
-2.991 -3.28122509377766
-5.334 0.181080773602676
-4.033 -1.54149737676274
3.35 1.17065911262995
-5.334 2.35399494997427
1.71 3.44087810765311
2.245 1.12485184687597
-2.006 3.85318943006691
-1.466 2.77487789168811
-3.429 -2.54495410615029
-0.52 8.18567886608338
14.923 5.2853868516212
-2.96 -1.35682623391148
-3.314 -1.07904028126094
-1.46 -1.97017857312918
-1.583 -1.88310824126608
2.715 0.461360270241894
6.06 5.55147050275862
1.99 4.35011820252702
2.62 3.04506278327329
-2.468 -0.887805225702522
2.308 4.68651517576429
0.142 -2.14614804338137
-2.766 -1.34955178816778
-4.51 -3.3174873872105
-3.193 -1.557087759614
-13.83 3.45515702112197
-2.51 0.00681824392177046
2.29 -2.33779618389089
-0.75 -0.447936764611426
-2.757 -1.95082727788471
5.514 3.20041623530108
0.088 -1.74165236198147
3.973 4.44855424317035
5.54 6.29906857857438
-3.27 -1.91380651598559
-0.93 4.88365237489964
-3.14 -2.00096579896551
-3.684 -1.42917775721565
-2.351 -1.44294458952651
-6.89 3.48362581605765
-2.517 -1.05398263616058
1.514 4.3997840308595
-2.593 -3.31126578153886
-0.364 -2.45418315182192
-0.589 -1.94418290579002
-1.891 -2.07818342113742
-5.48 -3.28692843687597
-2.619 -3.28590693056614
-1.91 -2.08087068274832
6.04 3.70132335253217
-2.771 -1.40512162402985
-5.68 -2.04220708422028
-3.92 -2.38151306514668
-0.77 -2.41947685923314
-1.944 -3.3972276622491
-3.76 -2.31440176262995
-2.14 -2.31511660600103
-1.144 -1.56050505998971
-2.616 -2.50769444172929
-1.55 -2.52217867751415
-5.02 -2.33732552897581
3.91 5.06028819343283
-2.12 -2.52349541091611
-1.627 -3.1995483005404
-3.241 -1.92577522297478
-2.79 -1.35931112172414
2.52 2.61634235515183
-27.46 2.62821246428718
-2.896 -2.35988755662378
-3.11 3.04439354315492
-3.155 -0.911910483695317
-1.674 -2.4409531523263
-2.82 -2.57471564023675
-4.89 -0.953419126798764
-4.312 -2.57315390189913
-6.22 -1.63069516648996
-1.93 -1.61566935819352
-3.025 -2.68362478942872
-4.197 -2.75654664641276
2.488 -0.577554754029852
-1.54 -2.64427616244982
-5.617 2.67753507733917
-6.59 1.23185113450334
-1.651 -1.73758076674215
3.82 5.36633215783839
1.604 -0.742650370339682
4.41 3.00444394917139
-1.767 -2.61440352870303
-3.588 -0.192432589989707
-1.698 -0.710365473592382
-0.338 -2.81346157053526
6.22 5.18305439520329
-1.66 -2.65621188566649
-2.61 -2.53399613664951
-4.168 -1.97641752637674
-2.74 4.20807176880597
0 -2.16483395377767
-1.093 -2.1671014110139
-0.385 1.89674683268656
-0.18 -1.93322649381884
-6.86 0.411013289119917
-4.396 5.34888799034998
-1.605 0.113598563010808
-5.641 -1.99736644133814
-3.872 -0.77061901627895
9.48 -3.13097294166753
-0.896 -2.18166807568708
-2.368 4.49273725145651
-3.379 -2.01411253233145
-0.592 -0.346603692027792
-1.191 -2.15066511652599
-0.953 -2.13148168076686
-2.261 0.704275007786927
7.521 5.9867198994493
-1.813 10.697092490561
-3.49 2.01461521510036
1.444 0.831722796031909
6.11 6.1320654700103
18.66 6.13852637664436
-4.285 -1.0153778075965
-4.371 -1.21582124335049
-0.855 -2.38708643373649
-0.5 1.7527886581472
-0.47 4.39859728470407
-1.233 -2.0438860738806
1.78 4.44049310011837
-4.964 -1.68761227474524
-1.049 -0.251460444462172
3.391 1.03144422296449
-2.868 17.5763569788317
0.75 0.0342458474266598
-5.601 -1.45616611466804
-1.593 0.859222342573341
1.353 0.441846343762223
-6.84 1.16620357719506
-0.968 -0.843229143319609
-10.04 -1.25558825632527
1.78 13.9504002004118
-6.6 0.106415714302625
35.37 -2.60143624366958
-6.523 -3.33472267766341
-14.619 -5.84067435748842
1.673 -1.31950771386001
1.505 1.24166618835821
0.731 -0.207647856778178
-8.99 -4.0414042584457
1.83 0.277998899619146
10.02 9.68568023927944
-2.137 -1.73989445979413
3.75 6.62850894642821
-4.762 -1.14621730043747
-2.297 -1.6947599733402
-4.5 -0.984556654832733
13.685 5.97359322019557
3.99 7.00086644794649
-0.717 -1.40237795059187
0.01 -1.359970180772
-3.42 7.01749410446732
-0.666 6.33564579404529
-0.96 5.09401929455481
-6.982 5.33318335619659
-10 -7.31633647314976
-8.62 -8.19240777401441
-1.94 -1.29306962380854
-3.561 -1.64939011916109
-19.832 -9.23951034573854
-2.96 -1.96019930778178
0.171 1.13557768530108
-13.306 -9.32391770913534
7.641 2.71183154086464
-3.951 -2.30420861044262
-1.841 -1.36902909376737
-1.91 -0.36606809111683
0.94 5.92936122005661
-2.71 -1.39918152892434
-12.85 7.37732540858981
10.03 6.01792532632527
-0.476 1.89911542096243
-2.559 -2.20353332591868
6.75 6.14699807874421
6.944 3.70784493903757
-2.51 -2.05232836415337
-0.89 -2.36264193892434
5.61 -0.431411961945446
1.124 -1.32673731583634
-1.46 2.37551815241894
1.291 1.06724444057643
-13.055 -11.3864060498199
1.157 -1.40288717739578
0.55 6.97569978878024
7.951 3.4063335761966
-1.897 -0.742977269619147
-0.398 0.901122253736491
-1.349 0.134739576114256
0.653 1.26975126477097
1.75 4.17495343047865
3.801 0.307615922079259
4.063 6.1332919507926
-3.557 -2.2086934912352
-0.641 0.174560452290273
3.762 0.950374924817292
-5.404 3.56217572045806
0.19 1.11493687721565
0.88 2.46148184236233
-11.44 -6.27232056376736
0.385 -0.0786465394081317
3.436 -1.46731796396809
-4.915 3.50485488267112
-3.381 -2.36262846066392
5.66 5.28603408765311
-2.766 -2.34207975416367
-13.793 -13.4993266110602
-13.79 -13.9083864550747
-14.348 -13.9134424781421
0.502 -0.265192465223881
5.64 3.90770365169326
-20.951 -14.3326195694853
-4.277 -2.39845847702522
-8.772 0.410012839186824
1.077 0.624224945506948
1.25 4.61879603316007
0.023 -1.87398456571796
-1.25 -1.39495212571282
9.84 5.40537100708698
4.855 0.964424259521358
-3.664 -2.49900858361297
-3.74 -1.85021789872877
5.889 -3.49693728599074
-12.156 -0.520748435887803
1.469 4.12873880504374
5.3 -3.51759893308801
0.819 -2.02106642966032
-1.403 -2.28706752392177
-0.627 -1.58838949483273
1.005 -2.39788445437468
-11.82 -5.03350235248585
-2.26 4.65135957145651
-13.866 -2.44791039673186
-3.59 4.67462576185795
1.9 -2.71215759948019
-4.05 -1.67985024927432
7.25 5.66670993158003
-2.45 -2.20507527552753
1.293 -2.70378910436954
-12.337 -12.7129524724241
-12.59 -5.62732193770457
-9.1 -11.955920562841
-11.91 -3.91866920342769
-0.029 2.0913530814771
13.243 8.31312868839424
-3.77 -1.06553340255275
-15.22 -5.45457095041173
-4.433 -2.58619031714874
-0.802 -2.83105600155945
6.326 -1.50913365873392
-3.722 0.0810698272568195
-5.679 6.49429123017499
0.728 0.507760734122491
-3.32 -3.39730792483788
8.038 6.08111516554812
-0.89 0.334701659089037
-2.42 0.273085587123005
-4.873 0.152023820113227
-3.42 -4.87895177162635
-44.97 -4.50013207423057
-8.601 -3.09792878400412
-10.163 -3.15820944241894
-6.98 -1.36065638933093
-2.77 -1.38119540512609
-1.3 -2.9848762456459
-9.977 -2.23433847088523
-4.641 -2.89862824883171
-6.14 -4.99970326861555
-8.32 -2.30408674871848
-2.51 -0.20523982252702
-4.378 -2.65664545847658
-2.825 -2.1909732194493
-1.501 -2.94531038119403
-12.768 -3.48105906397324
-3.468 -1.51624481563561
-7.16 -1.56960750951621
-4.844 -2.55269768837365
-10.948 -5.99218492816265
-0.42 -7.85078966512609
-0.42 -7.84805565125064
-0.42 -7.84532018161605
-0.42 -7.84258325396808
-0.42 -7.83984486586722
-0.42 -7.83710501519299
-0.42 -7.85099871885744
-0.42 -7.85120645006691
-0.42 -7.85141286202265
-0.42 -7.85161795743695
-0.42 -7.85182173914051
6.204 5.06570882906846
-4.283 -2.8364796413124
-9.32 -1.59981220373134
9.72 4.27048597107565
-6.21 -2.5898004819403
-0.96 -0.455883914992281
-9.664 -3.72236291876994
6.13 5.01871232060217
-9.614 -3.16910531889861
-4.59 -2.24358023321153
-3.12 1.12793667704066
-3.24 -0.629100074498198
-8.38 -3.19862911166752
-1.34 -2.87860665277921
-2.394 -2.55294890352033
1.82 4.24619271081833
6.19 -2.79525610523417
0.15 -2.38529646391663
-14.83 -4.40129703791045
-9.11 -4.40446528971178
-8.638 -2.72553659370046
-25.03 -4.36100208195573
-1.231 -2.79943946932578
-3.3 -2.83377499320123
1.536 3.81678085510036
-10.39 3.74098778064848
-3.011 1.01773712886258
1.139 -2.82688799258363
-5.549 -1.88909252128153
3.465 -2.78847779608337
-0.48 -1.64125241156974
-11.373 -2.85756705499743
-4.58 -2.73655693603705
-3.079 -1.64692357695317
2.098 -2.76105919629439
-2.746 -1.70015995766341
-8.64 -2.74674327183222
-3.415 -1.8066387427123
-2.87 -4.19654077884714
-2.87 -4.1979113162841
-2.87 -4.19928171361298
-2.87 -4.20065197052496
-2.87 -4.20202208666496
-3.46 -2.07672027126608
-2.87 -4.19620583068451
-2.87 -4.19724089991251
-2.87 -4.19827530909932
-2.87 -4.1993090578178
-2.87 -4.20034214620175
0.5 2.54376746824498
-2.8 1.11559201506948
-16.07 -4.31900525952136
-0.317 6.66508602804426
-3.72 -1.88441239840967
3.22 2.41920894759135
-21.379 -1.92885494235718
-0.62 -1.84069398913536
-2.881 -2.57927010653629
0.658 -1.81947087668553
-2.02 0.936163738183222
-2.268 -2.2965376047401
-0.492 -2.340795405193
-3.753 -0.56008561001544
-1.51 -1.54256288230571
-1.104 0.686540523782811
-13.433 -3.07623860890376
-8.08 -1.0287447607823
1.231 -2.02664113152341
-13.35 -2.30126816049409
-10.93 -1.33320646127123
-7.821 -4.07267674234174
-7.1 -0.612916660658775
-3.56 -1.8494621235615
-22.35 0.965813066186308
-2.025 -1.93407098161606
-7.274 -4.83921380607309
-7.479 -3.17614153902213
-2.99 -2.77630609838909
-8.03 -6.88846872971178
-2.54 -2.12524709632012
-7.814 -5.16950142723624
-1.639 -2.24011671251673
-0.603 -0.304403117128152
-3.359 0.402300285491508
-1.4 -0.489045215285641
-2.763 -2.01029287395265
-2.87 -0.0498658916366444
-2.396 -1.80457310306742
-5.402 -0.0541765338857437
-1.836 -2.09156910296963
-3.06 -1.47825431619146
0.92 -1.29869756881112
-2.089 -1.95458843932579
-8.17 -2.66365073964488
0.923 -0.89564287761194
-6.3 2.30360104337622
-2.04 -1.10045161308801
-5.21 2.37781106638189
-1.653 0.0144854330828616
-4.88 2.98151322651055
-0.18 -1.23607597485332
-3.29 -1.67158222918168
-6.224 -3.85569691324241
-2.69 -1.54792309452908
-1.2 1.60809638337108
-1.061 -0.488839679588265
-1.839 1.60579957764797
-2.965 -1.52289966849202
-4.559 -0.294540401811632
1.832 -0.919051671446217
-1.367 -1.08726802211014
-1.557 -1.29884982813176
-3.91 -0.180307178888317
-0.164 -0.97257387210499
-8.49 -7.60121070106536
-1.1 -0.922239194395265
-5.575 1.0979186446423
-9.819 -5.48845743073083
-5.139 -6.76550492748842
0.456 0.204627401744725
-5.125 -0.612707566886259
-6.294 2.37158350278435
-9.58 -5.74343652567165
-3.95 10.23854244035
-9.6 -5.68907229076171
-8.991 -6.9763264662069
-4.55 -4.75675888207927
-5.753 5.59640168873391
-8.506 -5.86787842584663
-9.459 -5.71392206091612
-5.14 -2.54529114454452
-7.56 -5.93562536593413
-2.558 -0.442559365522387
1.956 -0.366471239979413
-1.281 -0.172934332629954
-7.876 10.8052645208235
-1.55 0.376602798980957
2.94 -0.206664911780751
-6.269 -6.13972208917139
-8.53 -4.10821144104992
-8.572 -4.4708049140247
-1.928 0.717324306706125
-5.647 -5.89671930998456
-8.61 9.76880058186825
-1.741 1.21795057264025
-12.135 -3.59853985123006
-4.974 -4.25968710236747
0.416 0.469248124354091
-1.037 1.38284611342769
-3.796 -2.3892876934174
-8.861 -4.54005406741122
-10.76 -4.53386195998971
-0.678 1.13645411052496
-1.871 0.752596125007719
-9.487 6.51455738427688
-3.935 4.31619181564592
0.095 1.40502381691199
1.103 1.17223074566135
-1.159 1.50322188407617
-6.75 4.1689068497581
-0.511 1.97092453366959
-3.606 4.16579173965517
-1.898 1.77180341321668
-1.095 3.02281012040659
1.66 2.55385548331446
1.34 2.5847362633402
-0.683 2.40475211927432
-1.442 3.10055136127638
-3.69 3.58236060700978
-21.49 -0.622498432300566
-0.404 3.77180664261452
-27.229 -0.200988689073598
-0.5 4.21348547966032
-1.071 4.21032425625321
-0.006 4.0465880930983
