1.77 7.37006438074628
2.34 6.73585748956252
2.52 6.6545335159547
2.44 0.635327797035512
2.52 0.757263403432837
1.29 0.0770478197735461
0 0
2.55 0.00657515784354091
2.73 -0.808255488780236
3.12 7.35119117166239
2.96 5.63133030193515
2.82 7.55865904379825
-1.15 2.20413113434895
0.95 1.78695374013896
2.469 1.35725641158003
1.77 4.23402739585178
2.023 3.32815924632528
3.03 0.732094411924859
2.846 1.68901344487391
1.778 5.80696711227483
1.46 3.65692362951621
3.967 0.429332460313947
2.581 4.0294654777509
-0.0499999999999998 -1.23496676012867
1.447 -0.930718231240351
2.187 4.69094516432836
2.369 4.94970415172929
2.469 4.68786934618632
1.26 3.01406741975295
1.275 4.76881001361812
3.127 5.15262120782296
3.53 0.841292199680906
2.943 5.03688515650026
3.784 5.20904764309829
-0.124 3.80396900494596
4.178 -0.134737332995368
2.49 3.02795850236233
2.522 1.49242051119403
2.68 -1.9985442196243
2.919 4.30073253963973
3.564 2.64699075075141
2.486 3.86160501218733
2.138 4.78533950346886
2.999 1.63884299785383
3.581 -0.958848158275863
3.816 4.78080487745754
4.107 1.88595790792074
0.59 0.00862499873906334
-1.928 2.35509972148739
2.32 3.47929308700463
4.074 0.34354046499228
-7.38 2.13080278259393
1.33 -1.52266207097272
2.02 -0.417557308044261
1.884 -2.20663740504889
1.85 -1.61628304063305
2.581 3.99192208697375
3 0.0750551392640248
0.867 4.17391108855378
1.18 1.85515068803397
1.959 3.94907133436953
5.403 1.22994949916109
1.959 -3.83638272319608
4.041 3.99854619741636
3.238 5.12479968762738
2.98 4.87355404873905
2.131 3.61935410919198
2.094 2.18238054833248
-16.531 -7.80359726531138
3.785 5.107992628456
3.837 4.48273112214102
-1.371 -6.59356110106536
3.936 6.89535435489964
-2.405 -3.28806662800824
2.977 2.46254199402986
3.138 4.12257578017498
-3.25 -6.4645347002985
3.081 2.70860519644365
4.609 8.44712032091095
3.9 2.01686302893978
1.857 4.74963565407102
1.9 4.35912761663408
1.59 -1.62088928769943
4.195 5.52773093701493
1.53 -1.72291437053011
1.58 1.98497608733401
2.708 -1.83291494520329
-9.61 -9.4633028007926
3.56 6.22268935660319
-2.168 -6.51896297655172
2.732 4.34292535984559
2.105 2.19158649848688
4.03 0.172800741358724
-21.06 -18.894915266562
-2.18 -8.83686777213588
3.38 -2.05517104004632
4.355 -2.05748322605764
-17.934 -19.5611307000463
2.382 -1.32885011947504
3.99 5.98341400049923
-3.857 -10.357704297859
-16.196 -19.9866463426866
-1.257 -6.39475969946475
-18.61 -19.9297784778899
3.09 5.59788199028307
-20.78 -20.2764299210808
1.281 0.540778605429747
5.51 4.96484251916623
4.789 6.24234096054041
0.67 -4.88979789421513
4.417 5.65724097099845
-18.048 -20.300795405965
1.57 3.30648678332991
2.369 3.32629774865672
-11.865 -19.2387572546011
-9.98 -18.8579094499176
-14.33 -20.0204152727175
5.109 7.33095093641792
2.924 3.5047916628667
2.27 -2.15706661449305
-2.441 -12.8453812161349
3.283 4.51154761950593
5.276 -2.30437370840968
-11.52 -18.3089344345445
1.06 5.23975977453422
4.057 5.23243280726196
-17.878 -20.0674133496397
-4.89 -11.3743821306845
4.455 6.43502807460113
-10.188 -17.804652189228
3.367 4.09659438892949
-1.883 -5.87365308161606
-1.05 0.398902388723622
6.71 5.68385808014926
-0.83 -0.130162516181163
-0.0750000000000002 2.24102941875965
4.79 5.82565025668555
3.553 5.48666767242409
-15.781 -16.6883219541945
-6.15 -7.18512988904785
-0.95 0.0321144762995368
5.95 4.04562545861039
5.796 4.07111964780751
4.08 6.02888346050437
-11.029 -16.924560670736
3.643 6.01133733623263
-1.319 0.247971913067422
-16.74 -20.3055974157025
-23.91 -21.8150323812661
-2.64 -7.69862227334019
-5.224 -7.69244013174471
3.874 3.3732100143335
-7.932 -14.6154761046063
-6.21 -2.09696989095214
-7.966 -11.3562592264591
5.523 5.92175522785898
-15.346 -20.9093756008183
4.135 3.51256825582089
4.427 3.34411590571796
3.5 5.64542279483788
-23.06 -4.85594798147196
-6.51 1.19518460251673
3.917 5.42303115176016
5.399 5.47476173214102
3.37 -1.26073526976325
4.42 5.37163162191455
-7.76 -9.14263185186311
5.252 -0.90656379635615
4.65 6.73372619007204
-19.071 -3.83779965236233
6.297 6.64377602345343
-16.553 -18.9441953366907
-15.839 -19.9542171639424
5.427 3.51991911779722
3.315 -1.79646371452393
-2.185 -2.60646838836851
5.562 5.41364432437981
-5.958 -16.8696945073443
-2.849 0.660341094173958
3.25 5.7517057833505
1.392 1.17516538358209
5.735 3.03902084779722
-4.81 -15.0492768392589
2.793 -1.21145594662378
-14.442 -18.3131562395882
4.553 6.70554308479157
-15.42 -17.7226127428101
3.783 7.53060693251672
5.238 8.32041493716418
4.17 8.32770988792588
3.623 7.82832364171385
-3.94 -2.80535681215646
5.787 5.1211266323366
3.81 5.12588785228513
7.357 7.82438236666496
-8.3 -10.4798045877046
-7.621 -5.70196517384457
-1.384 -13.1671478811219
-4.47 -5.79439020647966
-5.19 -15.9476911393567
-8.88 -14.9497328309933
-2.052 -0.0553052911888832
-15.93 -11.143492207792
3.317 5.39968431441071
6.438 7.40560357770974
-4.742 -12.5510297109264
7.183 3.28980450219249
3.644 -1.1645646538034
3.7 1.92813369931549
-5.815 -10.8112159019403
-1.72 -4.22939278286156
6.939 8.19466710431806
5.005 7.99402757292329
6.006 6.63889437996912
3.01 5.1176494270458
-4.542 -3.31324781942872
3.658 -1.15779749089552
5.851 8.62234285393206
5.212 -0.523266260231601
3.708 6.21961570777149
5.26 6.61017316472465
2.45 -1.041310085193
-5.56 -5.38777829144622
6.04 4.50897330795676
4.835 7.81361891575397
-2.76 5.74582595484303
-2.532 -8.65248740645393
5.61 5.14858071062789
6.157 5.15589676541945
4.097 -2.32297377694287
1.526 -0.248333641682965
5.67 9.65079341708701
6.03 8.55225154350489
5.33 9.36361224536286
7.06 6.66191253431292
-15.867 -6.06790680419455
5.872 6.68381266890375
6.591 6.83824014591354
9.722 9.38622228682449
-5.95 -6.32471493652599
-2.41 -4.19466525847144
-2.43 -7.83998968064848
-2.546 -7.37243380959856
7.702 6.21515451821924
-3.066 -6.49348661458055
0.348 0.191511941842512
4.67 0.70451486024704
-0.0459999999999998 -3.70140621734946
6.129 8.31499395043232
6.952 5.30604057644878
7.434 0.68477014198662
6.052 6.70147309989706
9.26 10.1022775083633
5.76 6.72872791415853
4.768 9.35844233748329
3.686 0.352603122593926
6.35 7.04223561832733
6.55 6.56365677780237
-4.191 -6.25295376693257
3.899 1.28538065810602
6.569 8.70557266304168
5.766 -3.17768649073082
-3.75 -7.15640618138959
5.45 6.62400235904785
5.934 6.92918011342769
2.503 1.68869530590324
6.03 6.66321959029336
-8.311 -4.55818214233145
-4.45 -2.8070205633402
6.598 9.48916046890891
-2.293 -5.79854195493566
4.868 4.18609863916624
6.927 8.97434058057128
4.52 -2.92076358642305
2.74 7.45254756483273
-2.261 -5.39792535010294
-1.41 -7.13243212303653
6.117 -2.35162054723108
-1.25 -5.68265955333506
6.804 9.12158528243439
2.325 4.90907679462173
0.43 4.85726872873906
9.171 9.50525415373136
3.45 4.85235752692742
7.996 7.29497893603704
0.85 2.4563608566598
3.21 1.76984125694802
5.878 6.72515269375193
2.92 3.00550307567679
6.294 9.7061958074627
0.0299999999999998 -3.035122755193
0.0899999999999999 -5.10840387535256
5.314 6.62152093561504
6.528 6.66597624800823
0.632 -5.35656128806484
7.83 8.29205335118372
4.699 2.07646943028307
8.491 8.24321005606795
6.15 6.55364622918167
6.22 2.21228812234688
7.793 7.14423350358724
3.47 2.38801996106021
3.459 2.25419689415852
-1.645 -4.66711254851775
7.209 6.59317692559445
1.51 2.64599501483788
6.272 6.57616037084405
5.496 2.65049316595986
8.906 8.4982649345085
6.76 6.71230824662378
1.274 -5.18268019606794
3.288 2.88893918629439
2.33 -4.7102525579928
3.19 2.88595124454967
7.93 2.952856808667
-1.07 -5.16903758703552
3.66 4.13936509281524
0.995 -4.83089506307773
0.669 -5.60017773489449
5.895 3.29390079955738
4.04 4.28708768453423
11.38 3.91811423352034
6.957 8.56611865458568
4.375 4.45010701920741
-0.299 -4.01025279896037
3.862 3.47728059492537
6.89 6.50119046293361
-0.76 -3.88585189352548
7.876 6.40951311653628
5.84 6.36346633269687
0.871 -0.249277222882141
4.267 4.23311270583633
7.744 6.45056592630468
5.93 7.3803798109264
0.25 -4.08164241136387
4.677 4.93654055123006
6 7.43761315936695
7.19 6.42007662195574
7.56 8.73043363817294
7.313 8.76237476102934
2.012 -3.29602225858982
7.73 7.50724797531654
7.792 6.74910517687597
8.24 6.38343124632012
4.526 4.19834655555327
3.71 4.34423883735461
6.985 7.3798082405301
4.695 4.04256875885229
0.157 -4.02053130334534
1.727 -3.56654283354606
3.885 4.8456847215646
5.384 6.84200994909932
2.006 -3.42164943743695
8.841 3.01101558265054
3.36 -2.43979197635615
4.878 4.68928540514667
7.634 9.25847345706637
5.124 5.30195461504374
8.25 6.47169349750901
4.644 4.83166221159033
5.748 9.12047815988676
1.93 0.947241533474009
7.463 6.60696677516726
9.866 4.79386939793617
7.739 6.77222159225424
4.34 5.26222101392691
7.12 8.846076257334
7.179 6.60629583316523
7.55 4.33401064808543
4.92 5.40312679721565
4.343 5.51235312525475
2 3.48577475757591
4.67 5.63827140230057
4.399 4.78318116670613
5.11 5.30216408325785
10.11 2.4941766261966
4.681 4.8352117076171
5.421 5.28933435587237
7.034 8.99895512290787
3.234 2.14118728939269
7.065 5.7637296175862
7.35 9.50908402124034
4.797 4.30342002368502
5.33 -2.10773434680391
4.75 7.51865077176531
8.887 7.43947568097787
3.26 6.31959915366445
5.294 5.56860920156459
2.356 0.935783026515698
2.83 -0.48029830989192
3.306 5.36743296680391
8.933 7.46431429315491
5.168 7.34678224207412
3.68 5.77085237325784
3.948 6.82621649965517
3.063 -0.00840911653628416
5.992 7.95099064177561
3.424 6.50226060280493
8.388 6.39441228984045
6.463 8.95925929790015
6.786 6.01723134033454
8.24 7.79628844198662
4.14 0.668755172213072
4.369 5.73668208116315
4.35 5.6179836654349
3.846 5.56896887699433
7.63 7.81055666044777
8.591 7.61922694017499
8.28 7.64844156655687
3.327 0.555987276412763
1.92 -2.27238040645908
3.597 -1.33846147648482
3.999 0.153554297148739
4.574 3.43685211373134
8.24 5.51434092156974
9.746 10.927934847334
4.106 2.7302405069017
3.82 5.10061631073598
3.62 8.92948680797738
7.56 1.03090294505919
4.981 5.87973376687597
7.24 6.56375451123005
4.07 5.08025759304683
3.195 8.94234651191455
5.201 5.87131411855892
8.474 8.61205873044776
4.614 8.53724297056612
4.383 4.5165411011683
5.66 4.540407865965
4.93 3.79220615883171
5.35 6.49626937690684
4.804 5.01626357974781
4.994 5.65430278061246
2.42 0.95870668409161
3.316 -1.17441424221307
6.95 7.2650778744982
4.22 5.6675989848945
4.055 5.99254945188884
4.534 6.20838009117344
2.291 0.292137489974267
3.45 -0.934381759351518
4.84 6.25747729902729
4.43 5.03621808954195
5.431 6.2787154673752
5.4 6.04551710126094
5.774 7.95393609341224
4.06 4.24179244711786
5.05 7.96329254373135
4.789 1.92964652415338
4.94 9.94316673807
6.11 6.01213229525477
5.897 7.33069723893464
5.034 3.76943668872363
5.313 4.97667151900669
4.96 6.68820393206381
5.64 6.6921341032064
5.11 5.81554737196603
5.677 5.81724136020073
4.22 8.61569803093669
4.99 5.4742885268142
3.723 5.04948155324756
5.575 5.92768535979414
4.581 5.39525859803397
5.122 7.58898873084405
3.94 5.57614420089039
4.295 5.4608860907823
5.942 10.3934645004683
7.79 6.1981771107823
7.923 8.59714013158519
3.76 5.38538158407103
4.519 5.38555455454966
10.969 16.0107055823314
4.112 5.96791002656718
8.434 6.86264118689656
5.946 7.33364242377251
2.72 2.11994457068966
6.41 7.80746640643338
9.634 8.60845502291301
6.89 3.14500984255276
7.705 8.58824317817291
5.875 6.09986514940813
7.144 5.00335865866187
6.212 7.42312618686568
5.835 7.02824921976841
5.268 2.09334745384972
4.24 5.70444787244982
5.07 4.77622133049408
9.18 4.20354673012868
5.38 7.59747622143593
6.875 8.25000987007719
4.68 12.5639598843747
5.59 6.99114612160577
2.032 4.34053988328359
4.73 5.59987577187339
6.228 9.58464824612454
3.68 5.62752803046835
4.963 5.53944495532681
10.287 7.18076525564591
7.5 6.83878237497169
6.06 8.15215395227483
5.11 8.1742196372877
2.413 2.06038072853834
5.04 6.86448160778177
6.01 6.87706592573852
4.91 3.60982321085949
4.01 6.96645132723622
4.747 5.12064492624808
4.65 5.64709310736489
2.206 4.80727542678847
3.1 4.75775796412764
6.44 8.83222262858466
9.744 11.6000505190376
3.791 5.6322229459547
6.132 6.77953425637674
3.217 1.59056163392177
6.07 5.54035061932064
2.874 5.07153243158517
5.026 5.01929155839424
8.193 8.37402437096241
5.733 5.70615349935667
7.05 5.78657491837365
6.171 6.09825279063821
6.454 8.17290536567678
8.034 3.4250451029439
7.03 3.34497100523932
3.249 2.50009822555327
6.475 8.7576547106485
7.8 9.96381398388574
8.553 10.0005800376583
3.852 4.10508075633557
8.278 9.37135745870819
4.89 8.40015816952136
2.011 5.37892122498199
6.01 8.42850845973237
2.946 2.06228530921256
1.982 2.48805773759136
5.432 4.61779982040145
9.828 9.32351821584663
4.959 5.32320682516728
9.976 9.36829233497684
6.11 8.17656472073081
1.086 1.85634935823469
7.25 1.85565139098302
8.918 9.50307268404016
3.98 2.52800274314462
4.754 2.45662779261451
3.813 2.56335771474009
7.37 6.65054270301596
5.146 5.72749292140505
7.723 5.19364633394749
5.924 8.49063837584665
9.892 10.2651303504375
4.662 5.33405030783326
9.636 9.93474273072054
5.221 5.15579705687597
9.11 9.93871444923312
7.431 7.24478030642306
6.452 6.30497341452392
8.982 2.82657788565105
-2.713 8.14094712733917
7.744 2.18275340839423
12.042 4.09372530567679
7.79 5.04854813903242
4.1 2.91939390376223
7.087 5.0024120201544
7.676 8.81409533959342
5.719 5.22017181569223
12.57 10.6562405048688
14.01 11.7912874987545
4.46 5.90753769040143
10.29 6.78351738716933
12.481 6.77338228980443
5.7 1.94448328703037
6.885 10.790969794035
12.141 1.69909451832218
4.65 5.17733857868759
11.88 1.43151102512095
9.994 11.534730948878
4.354 5.03398374099845
5.067 6.61438607306228
6.664 6.0867400980597
6.399 3.69588927732887
7.441 10.3902283676377
6.11 8.18615957036026
9.55 12.0619657932476
5.998 4.12763271934637
12.56 11.3665339218013
7.74 9.34816110319093
20.135 2.03975075084405
5.76 9.13184695097788
5.105 5.52205020314462
13.293 1.69428628580031
6.935 6.4108973985898
4.86 4.29173796342254
5.741 5.51659690755533
6.132 6.75626333851775
14.435 2.59699556122491
10.431 3.55255590942357
15.58 2.61588037162121
11.74 13.2395992508235
15.14 13.854726778595
5.959 4.92694514805456
6.719 4.30429210861039
11.828 12.9245817088832
7.002 5.81833280360268
6.77 5.06210071390633
7.84 9.89029795595987
16.921 4.98121366847143
15.53 14.7908154834637
6.227 12.1306865853886
14.54 8.99521688386517
16.824 8.99394028625323
16.421 3.24183125018013
15.33 14.4818302251312
8.528 6.92244470353577
17.097 2.63106819723623
22.007 7.35431096093669
16.85 7.33070516405045
7.144 7.5937766213433
7.126 11.6638936770458
12.125 14.6289961868297
6.311 6.31152054277407
13.94 12.481320189089
10.754 13.9645337853165
6.302 6.88538399548121
9.02 14.9684978013381
9.473 14.9850253835306
16.83 10.6038490672311
8.555 8.4179956696243
14.942 16.3119739168811
5.756 7.32925791841997
7.3 11.4336808876171
13.04 15.7653736249872
4.47 7.07930571308287
6.4 7.02721745408647
15.792 7.53272236988163
6.77 3.14308767617602
19.379 10.9028634680597
20.496 10.0494032321873
7.953 8.17082490598044
14.6 10.1040925449614
6.11 7.42703115329387
6.106 6.85685467728257
18.14 10.952228921544
7.846 7.74404242996397
23.225 7.39750377603191
10.2 16.4715335865929
6.367 6.33172872619661
6.469 5.41057768968091
6.501 7.70568760683479
5.63 11.3712674898456
14.726 17.0512517637828
14.77 16.7778645520741
7.581 11.3706617951775
12.58 16.6411790282192
5.807 6.1312194181163
6.817 7.36785721198147
8.38 6.3987186107051
14.029 15.6637234625218
5.2 4.33207772897581
5.388 3.45999189136902
6.36 6.75365414869789
11.296 7.84306491872877
10.193 17.4498819410396
13.824 15.8886785604529
13.87 17.8734601624189
14.13 17.3215437075193
6.116 6.99523858907875
14.655 16.8386741732527
8.227 8.01042571848687
5.647 3.96217884532681
10.06 9.08535635396809
5.752 3.73340692164179
16.98 10.8817932619969
5.107 6.45054389120948
7.717 11.0668006293052
7.57 7.19263950205352
6.178 4.28552556958312
12.999 17.588396621544
5.862 8.17735712694801
12.924 17.9290497115234
11.18 10.8555781743953
5.72 3.90069440592898
13.93 8.65962586908904
6.004 4.01601041305198
5.315 3.99005919833247
4.981 3.74788631582089
10.76 11.0097005763613
6.562 7.15498588854351
13.862 19.2494443915029
9.132 9.07077314358207
9.267 11.184710522913
7.942 8.82223427087494
5.449 4.00456568111168
10.22 9.22940561146165
9.315 9.23340119472466
7.74 8.78997600452394
14.71 17.984813730597
4.395 5.25354657695315
3.43 3.92469848455482
6.05 4.546767847895
10.66 11.4580321003294
9.457 9.30638788124037
5.12 4.35520379613999
6.32 4.3561071907154
6.984 8.60106407230573
6.356 5.78765982312404
6.31 5.79335490382913
5.998 4.37981703934122
17.41 17.2328619495317
6.33 4.79616604096758
8.977 9.1782075664951
6.813 8.35156869599589
5.69 3.49067217565621
15.59 17.8814215062584
12.26 17.8550442980237
9.86 12.0471247782862
12.31 12.0258542778796
4.556 3.46016912494081
8.64 8.98278102128152
6.568 4.9713598613227
4.35 5.24566007248584
6.635 5.01414207847659
5.31 3.7918431036387
5.37 3.7876996274421
6.722 5.48108113344828
8.769 6.1281303724601
6.126 3.69814810972207
7.02 7.35643914525476
17.706 11.6088308250901
15.98 16.7230447829078
3.897 5.68035228499227
9.78 7.56477194291817
4.3 3.61390083630468
15.09 20.1583298580855
6.326 5.67482079671127
5.158 4.07260690001029
4.198 5.3346698052033
9.863 9.6040765165054
14.57 7.07631088529078
7.15 7.25563684676789
6.82 6.02937893652084
6.066 5.03784858672671
18.904 7.93236048897067
8.47 9.2935869467164
8.569 9.2941196739475
18.971 10.7975287660267
4.66 5.54044281517241
11.76 13.3107925381318
19.352 7.18241064950591
5.297 4.13289787119917
7.316 6.7386534087854
5.527 5.02225895694802
18.43 10.2830852048276
8.395 8.04431842409163
18.146 4.98869193142563
7.858 7.22515725503345
5.168 4.78043244721564
8.769 8.71506667001544
8.658 8.58156442733404
4.578 4.65665893477098
14.507 20.7685371390118
18.202 9.36519419702009
13.94 5.50297692430777
4.805 4.3355622443438
16.6 20.9926609369429
12.13 20.9992406718992
5.824 5.8150377058775
6.507 6.4538776646526
7.905 9.33337552845085
10.06 14.0016465341585
17.47 8.57424403137417
9.087 8.82308188835307
21.36 12.1413293682758
24.434 9.53573516125578
5.136 4.76479995136902
4.917 4.76397091151313
21.078 45.9567442384149
4.926 5.37761597113226
7.211 6.83847018347401
5.089 4.23120589509008
5.411 5.23594666598558
32.29 14.119056835404
5.432 5.31634879246011
15.19 28.1141239349408
40.632 51.5740244546321
22.566 32.803939432213
17.26 12.0377489055378
24.066 12.2746011208852
29.811 14.7614003924807
7.53 8.22549552772515
4.855 4.26591235333504
5.618 4.73686892547092
17.73 13.002382821122
4.47 4.42621110333505
48.59 54.502566570597
6.63 7.52622259685538
18.21 21.5592522690376
5.982 7.990765963438
6.069 6.6238460472105
7.72 8.05897632881626
11.654 20.6322222888884
13.3 22.2936537090324
8.284 8.71377589113227
6.55 6.00127951864128
12.18 22.321455784735
20.56 21.0473061697735
44.75 45.142467317859
46.321 50.5228481696552
20.26 15.595080555193
21.34 16.2297007335615
10.37 9.25695045016471
6.572 8.51113070398354
27.956 17.0705866324396
5.636 6.68264552888316
5.644 4.68128112330417
27.551 17.3262327647195
52.774 51.8491407178332
6.584 7.73779753311888
5.833 5.86768473743181
7.579 8.26216424903757
20.96 20.2548617403706
5.27 5.5493453332733
22.05 48.4942042670252
46.86 49.0765232311118
53.07 49.8100632169171
5.963 8.35122711291302
16.22 20.4957035092795
51.429 49.3536326862428
6.173 6.42311216793102
6.93 8.09213795136387
9.66 8.57745045342769
4.769 5.30496979083891
46.53 47.2403478890273
5.626 3.99940537154401
29.05 21.8002473711168
5.783 5.34663172725167
20.88 22.3387243662841
49.325 50.0540431014668
7.287 8.79621872644878
5.522 3.93811867243438
9.757 10.7492138511683
52.342 48.8474736445342
42.21 52.1218058512557
51.262 48.7348631797684
45.344 52.6184487646063
6.423 8.30557123389089
6.093 4.00702796183222
5.066 3.90986091151827
53.524 47.3755768308132
12.65 11.8717639576068
45.9 48.0697368900773
23.66 22.2732081454349
9.385 9.76290830047349
5.07 5.20965541199177
54.401 44.8601821365826
5.921 7.7633176067267
14.56 18.7600084177869
5.399 7.10111406468863
34.356 31.008602893685
27.02 33.0911352342615
31.363 33.0635341663717
5.315 4.07225074269686
43.75 52.6152913111941
34.447 29.9400522006125
6.278 7.66009788431806
31.2 28.1503379123108
4.716 3.80317979018014
47.98 45.3823689423829
5.902 5.52778958476068
8.61 8.91088582645907
12.63 18.1309731706022
49.977 48.6064246609213
5.219 6.85806323326815
8.42 8.58557491996396
54.421 47.8595103054606
32.988 30.8756906645908
50.704 46.3247950669069
49.25 46.9863995579156
51.224 47.2219976126764
6.61 8.05823795156972
7.017 8.79156632577973
5.21 5.8103568703191
27.63 31.1027034836284
47.17 45.2632001497066
36.229 32.7093789592126
47.64 45.2354752888626
5.01 6.67375023383429
6.18 4.7617707641894
12.79 15.8298941640247
5.76 5.30765344165723
5.352 6.29435297272258
38.378 36.2045930418734
25.83 23.8504837453423
42.42 40.5287803734792
24.29 25.7954327759753
8.911 11.926070556001
43.676 41.9467671177766
5.3 4.26401363659805
33.11 42.0703789068244
5.604 7.48334729779721
5.639 6.85638343123006
26.406 27.7794976887339
46.312 40.5940886425528
55.522 43.135427072033
5.278 3.83402218927947
45.08 38.6054129136078
17.679 13.906102209475
11.15 10.5960646313947
3.17 3.83259983703037
56.595 43.5202249474422
49.472 38.7588765667832
24.87 22.9220843257745
35.313 26.6308848200412
35.447 26.9586724002779
21.93 27.361994867895
21.3 27.3564761521873
5.16 6.0122867118631
27.135 27.4721405137879
5.597 5.6631220578281
50.75 40.0123668878127
25.38 27.4851698497993
53.4 41.9207881864282
5.571 5.25512850710241
5.429 4.82479933847658
5.953 5.71429829397838
37.353 30.8510788154401
5.502 4.35406105416881
5.63 4.37959839191457
27.562 27.4123206030777
55.903 37.9984720624756
51.15 51.3513226566495
51.15 51.3561039121924
51.15 51.3608912479259
51.15 51.3656861661916
51.15 51.3704899122903
51.15 51.3753034828306
51.15 51.3568520430365
51.15 51.3623658631858
51.15 51.3678630850026
51.15 51.373342586912
51.15 51.3788031581214
12.675 12.395152028456
5.035 5.32835109659803
29.18 31.916141673335
11.94 19.4831884572362
22.56 25.9939773371127
18.04 24.1558147606639
58.076 37.9538165982553
10.38 11.8221096228873
31.555 29.3354569195677
4.98 4.71586747319093
4.09 4.12378117065877
5.35 4.08346940325785
52.04 37.469183445543
6.51 5.3070321889192
5.201 4.91881880989192
8.52 11.4254828657077
6.9 5.15578412828615
5.371 4.79596669167782
55.854 35.6155338803397
48.3 35.6146461501647
23.372 24.6511014296191
54.6 35.5638901920382
5.036 5.07535410838394
5.77 5.1357606209161
10.039 10.9068297372105
10.786 10.4629251389038
5.099 4.12698253572311
5.347 5.14817464730314
23.93 22.9667614563459
6.087 5.24630528671127
4.67 4.45160434738034
28.176 24.2241658523624
5.4 4.84394141483273
4.771 4.4613419074421
5.533 5.03596626661863
5.422 4.47829988313948
21.15 23.7384589080906
6.043 4.51759865241379
50.75 27.0760062391765
50.75 27.0782623107823
50.75 27.0805186362327
50.75 27.08277521544
50.75 27.0850320476737
4.57 4.58187048783325
50.75 27.0734224260988
50.75 27.0730948788934
50.75 27.0727677797941
50.75 27.0724411288472
50.75 27.0721149257797
8.59 9.04639796150284
4.88 4.23252498094699
33.89 28.9788441163613
10.812 8.31631578115285
4.5 4.52338270939785
8.86 14.9942395737468
19.441 18.2716127751981
3.49 4.5025371656562
5.161 4.49872102013381
4.307 4.49381704430263
4.43 4.27190184463715
19.244 17.2525772239115
4.927 4.30072540797735
4.561 7.82241467733916
2.95 4.43631327505404
4.867 4.28239874183222
38.011 27.1105418481574
28.719 23.4552558741328
5.714 5.51914797041173
32.16 26.1315691995008
29.66 24.7933608508749
18.026 15.4242796924859
26.615 24.1204986074421
3.99 4.38012458018528
11.17 12.7209875467319
4.449 4.31508984128152
18 13.710131500458
16.061 11.164597869475
12.62 11.1190628870304
16.94 9.32543849786926
4.92 3.9891745990633
21.062 9.65794859301079
4.32 3.94563124609881
4.992 4.38923002902214
3.501 5.95350567066392
4.34 4.41409529321153
4.829 3.74173899841482
3.82 6.94077141992278
4.53 4.00459513941329
2.863 6.92011374286156
7.619 3.86047868959341
4.02 4.24255693970664
4.408 5.22397467786928
4.338 3.84272142784869
1.632 3.05922109933093
4.628 4.37692855860009
6.1 6.75077683717963
3.93 4.31560308153887
7.59 6.35546024396295
2.571 6.17212746517755
4.78 4.95201588745754
4.244 4.12245569211529
4.02 3.46391741536285
0.935 1.22757829792074
4.21 3.53659509818323
1.2 1.56561238415337
1.378 4.83147950151312
1.206 1.55037688980957
4.536 3.35156095050438
1.786 4.4303699494596
4.405 4.23413217023675
4.161 4.03555047855378
4.236 3.61811297340196
1.715 4.69387043470922
4.364 3.35434367454451
-0.33 0.254939739330931
3.84 3.36005332043232
-2.601 -1.51779568004632
-2.236 -2.16719975911477
-1.806 -1.38269139869789
3.138 3.72378188281523
5.084 3.07441430474524
-4.405 -3.46965191185281
0.51 -3.2839143092949
-9.77 -2.65582805785383
-2.03 -3.48716392727741
-4.326 -2.38539974478642
-0.259 -3.14374439630983
-8.984 -2.12744993118888
2.52 -3.84721698614514
-0.764 -3.97635045800308
2.304 -1.23422498808029
-3.1 -3.72238331610911
3.479 3.82950016895008
4.644 3.53002752301081
3.794 3.15077168674215
-10.838 -3.2291741817087
3.65 1.29660309001544
3.22 3.32348520159547
-8.806 -3.22258964364385
-1.45 -4.92036971331446
-4.144 -4.81855219157488
2.993 1.03084931646938
-12.316 -3.21714768405559
-14.42 -4.74183923096758
3.772 2.05760768967576
-0.892 -5.5649325831858
-0.813 -5.12342417109108
3.66 3.83985096517757
4.866 2.47159277916624
1.431 -4.32242764029337
-11.901 -4.81585035379311
-12.57 -4.82220519459084
4.426 3.0763799872774
3.841 3.76425306810602
-18.504 -6.33873211879053
-18.859 -8.48889171515182
4.303 3.51683450879054
5.836 4.14866901012867
5.013 4.01599652765826
-22.02 -10.1997273492795
4.51 3.19382945934122
-23.222 -10.3315682139115
3.978 4.61522446370561
4.679 2.83531963478127
-0.0899999999999999 4.67025519500772
4.37 4.62369269802368
3.908 5.0542340423263
4.585 3.78485305941842
1.14 2.77965671305713
-5.22 -7.67400734644364
5.488 2.4932826955893
-1.89 -7.98855751366444
4.4 1.83584375340711
5.248 1.54381990756047
4.765 0.508096637864128
