-0.54 -0.61387700494596
0.14 -0.2554221802316
-0.7 -0.290135554441585
-1.16 -4.46328958399383
-1.78 -1.31518636687082
-1.59 -0.700059777586207
0 0
-1.53 0.534757162032938
-0.94 0.161074455182707
-0.22 -3.4870681175193
-0.69 -2.15506874906845
-0.34 -3.71442411450849
0.49 -8.54101722322181
-1.68 -7.22731633042717
-2.054 -6.3093106440247
-2.79 -9.28909281559959
-2.521 -8.24837000151826
-6.69 -4.13412558654142
-1.47 -5.05866577439526
-4.389 -9.00669919157491
-2.42 -7.27984359071538
-1.931 -3.77955989060216
-2.331 -7.60623343754503
-0.84 -2.168057774807
-1.581 -2.47879621756047
-4.493 -6.99061014083376
-4.183 -6.99256834678846
-3.517 -7.1893994051827
-5.43 -4.99280713720535
-9.639 -13.1140500283634
-3.198 -7.66189627922285
-3.42 -3.95807949407102
-4.883 -7.72051195053011
-3.016 -6.74367609437468
-13.807 -14.6595425762841
-1.632 -3.01647151379825
-11.99 -13.6428960657076
-0.997 -4.05523155404015
0.69 1.66013125756047
-5.08 -8.72633536097787
-3.976 -4.27585834827586
-5.67 -7.31983039685024
-5.496 -7.83136975957281
-13.163 -13.5818861838703
0.801 -0.282421400257334
-4.477 -4.22674266008235
-12.395 -12.5388248195883
-11.58 -14.4406165906331
-16.361 -16.5049543894596
-7.53 -8.09698131245497
-0.262 -2.64660391898096
-20.13 -16.4418491467885
-15.3 -16.2888943533608
-13.98 -14.2986225989295
-13.588 -15.8451690357334
-2.48 1.54061393796706
-5.828 -8.83311811229024
-12.8 -13.6853036627072
-15.738 -17.5665450991199
-19.282 -18.2153951099485
-15.38 -17.5018266710602
-7.672 -15.4571186246269
-13.142 -16.4692801094853
-2.116 -13.5820565869943
-6.093 -13.3942819448791
-6.155 -9.36002444243949
-15.984 -17.5243389569892
-18.512 -18.4205253099022
-37.883 -25.7779825331292
-4.348 -11.3412650540865
-2.362 -11.4442311353165
-23.993 -26.1648233725682
-6.424 -8.99763635528564
-26.169 -22.6547593656871
-18.219 -18.1252569496243
-9.864 -10.2791574193515
-27.29 -26.7092647280803
-13.21 -17.4838028454195
-7.58 -10.2794816452651
0.241 -2.53798381116315
-8.802 -10.5570150418888
-7.81 -10.7529945056253
-24.53 -20.7526759116315
-5.689 -10.8772364816521
-24.64 -20.8295581763047
-17.45 -18.3986009075244
-23.393 -20.9096553644879
-40.18 -28.4993554411529
-6.02 -10.7374542938343
-27.782 -25.7299036155944
-5.974 -11.1101923134328
-11.783 -18.9464447553732
-2.25 0.0677902444981987
-47.51 -37.2283856474215
-27.635 -29.375958528559
-1.83 2.70286891843027
-3.143 2.70654980915079
-44.347 -36.5224132781678
-21.404 -21.0380018676634
-5.61 -10.5949867555121
-43.167 -29.8373464767113
-46.389 -37.6033675682604
-27.015 -24.0936932170355
-46.2 -36.6854145617344
-4.19 -10.3030692119506
-49.62 -37.3271014597839
-17.203 -20.6584758851827
-1.98 -6.8047393689089
-6.171 -10.6148230553525
-24.97 -24.6018092347349
-4.926 -9.76018528447759
-49.408 -37.4156407660834
-12.23 -13.290541169089
-9.996 -13.312101339614
-53.344 -38.9688786237622
-54.239 -39.625996389928
-44.66 -39.9650164253166
-6.861 -11.4530342630674
-10.294 -13.8755330703294
0.2 2.88731436330931
-32.53 -28.3532111601492
-9.251 -13.4895699190376
-6.834 3.11815031615543
-51.39 -39.608016821544
-8.42 -12.6401745139784
-8.277 -12.6725742710963
-45.91 -40.4904231276789
-27.29 -27.0498248128924
-5.872 -10.5617364166135
-53.584 -39.9334255493361
-10.362 -14.5106806571693
-25.789 -28.4547796491559
-16.44 -23.2490906812764
-3.76 -5.16876404894493
-21.62 -24.5166900606382
-9.497 -1.49767491309316
-9.35 -12.1005085902162
-8.203 -12.8217172615131
-42.352 -38.5357173311065
-23.72 -30.9390868482605
-22.08 -26.4191490707359
-1.94 -3.03216880643335
-1.07 -3.04999936570252
-10.19 -11.9862862045702
-54.396 -41.3835118098765
-7.68 -12.003295328142
-18.863 -26.3435741195986
-47.18 -41.4982853639372
-48.39 -41.3175811397787
-25.61 -31.3012317035255
-30.666 -31.3178996911426
-12.198 -17.7947153186155
-55.618 -41.8178242953989
-40.12 -41.4664641840763
-55.309 -42.4308908392794
-8.491 -12.1201807116726
-42.748 -41.9901399871333
-10.556 -18.0904941112918
-10.601 -18.7574002225888
-12.18 -12.8242294167164
-51.87 -34.8360650646732
-39.14 -37.7304958367525
-11.306 -13.6499141510087
-9.067 -11.83641213807
-3.36 1.43488237648997
-10.58 -11.8460486084354
-57.41 -45.3210993607514
-3.378 1.03456522347916
-9.69 -11.5225952242923
-45.356 -34.4013763572929
-9.26 -10.6952354096398
-43.188 -40.8782320957951
-47.283 -42.9998402492331
-11.205 -20.6946704232887
-3.25 1.76459326633041
-23.245 -30.8951318393669
-6.848 -11.8170419098456
-52.51 -46.0762021046269
-22.507 -26.9418056511271
-1.83 -4.18577838026762
-4.283 -0.796751962398353
-13.387 -23.2919054910397
-54.238 -44.0545589690633
-2.272 1.1180581141894
-46.73 -43.6684061479362
-8.758 -11.4269233381575
-47.58 -42.4527230898971
-3.446 -5.76171458048378
-14.859 -23.8600149398661
-17.56 -23.863017098667
-3.886 -6.20527341511066
-24.07 -31.0874783038858
-9.224 -11.4908161377561
-7.7 -11.4552848895471
-6.189 -6.7708005924807
-58.35 -47.9647804922182
-40.037 -38.9806601222439
-54.532 -45.1746524953938
-41.39 -38.9027871654966
-49.82 -45.5199897879876
-45.58 -45.1593253431292
-20.764 -28.8191875096449
-41.71 -39.1167260204993
-9.516 -10.8924707289192
-4.466 -7.21178420722596
-51.189 -43.4876361604839
-18.18 -24.6808545170355
-3.352 0.441121137452394
-0.07 -1.71620949089038
-53.164 -47.0660189407926
-39.75 -34.6478978705147
-5.206 -6.80665277648482
-2.088 -5.86384961590324
-8.626 -10.6134647016212
-2.35 -3.7139666331086
-26.261 -31.6479776702008
-2.527 -0.237197155244467
-5.194 -6.47646716198147
-27.296 -28.0947831188162
-4.697 -4.42817723166751
-9.61 -10.5201044028924
-2.69 -0.51266991073083
-53.35 -49.2936075988524
-10.319 -10.574242847895
-13.766 -24.7667347707977
-8.12 -10.8208311514874
-47.901 -45.2258432041431
-12.2 -10.3952348585538
-9.93 -10.4027730729027
-32.155 -29.7856221252805
-6.357 -0.904341990874937
-18.499 -22.376925348528
-4.1 -5.95398784325784
-20.62 -22.172337827406
-10.71 -10.3050822330211
-44.244 -39.2956721727123
-11.361 -10.4583632890479
-8.647 -10.0340136128718
-15.237 -20.3391178828924
-57.32 -50.2846485120691
-41.19 -36.8465579476325
-55.83 -46.6843554759187
-52.06 -46.6417951582141
-13.474 -11.2710331771127
-51.34 -47.1470376388884
-43.171 -49.329497036665
-34.27 -26.7119333708492
-46.803 -36.2562123053578
-18.967 -22.4629058688059
-12.701 -10.163264059753
-29.738 -26.8509895115285
-10.35 -9.66968948970149
-13.858 -19.9275574064437
-11.9 -9.8370120013433
-2.831 -6.14584150743695
-3.354 -2.57643694760164
-7.23 -10.1431996321822
-12.007 -10.9813854687751
-54.834 -50.1879495056202
-3.451 -3.17630192704066
-6.027 -5.70645382075141
-35.116 -31.9073580751621
-53.97 -46.7107175517911
-11.3 -11.1883471549717
-6.656 -9.80179274415851
-4.454 -3.51410956292331
-10.898 -9.84683007150797
-49.567 -42.4287797386567
-50.841 -33.6930610792486
-4.132 -6.12431322019043
-53.008 -48.9492622293773
-4.199 -4.33183727102933
-5.53 -5.72906598209984
-33.65 -31.5890037311271
-0.4 -3.65529647031395
-54.978 -50.73995967228
-53.12 -43.8173774892228
-32.47 -31.1443105608183
-54.868 -51.0300842805558
-4.175 -5.62515166779208
-25.104 -26.0594909270818
-21.15 -26.0970678269068
-14.029 -16.9885053871899
-26.2 -26.1012950948481
-22.152 -13.1189518139835
-3.61 -4.38593062921256
-2.05 -3.3667375307051
-11.886 -9.68967798524444
-2.48 -3.10803953926918
-3.829 -5.87337178509521
-50.57 -38.8266323722286
-54.02 -48.6732334129079
-11.984 -10.0021002506382
-11.259 -9.48734640877508
-55.252 -50.0113167453525
-23.07 -20.7741439079516
-6.781 -4.48243731213073
-24.216 -20.8104583417035
-14.31 -11.1798509655944
-3.892 -4.74370390666495
-12.75 -14.3578534070612
-2.7 -3.72497029813691
-4.689 -4.34286450368502
-56.947 -44.2464173820947
-8.848 -9.52771031948533
-0.99 -5.10046094663921
-10.66 -9.67093306057126
-4.002 -5.32231370120946
-7.148 -5.05782062645393
-14.83 -14.7409170739732
-55.342 -50.8583429793721
-3.53 -5.20592171931033
-54.288 -49.2149778806073
-3.39 -5.00156262367473
-31.88 -29.0003032280133
-57.58 -52.0012081606382
-2.57 -3.03953835095213
-54.52 -52.0106437067164
-56.437 -49.0282259641946
-5.932 -5.67376601141532
-1.98 -2.26953232820895
-28.225 -26.8668885616521
-6.422 -5.20403440133814
-5.384 -5.66594310992794
-51.99 -39.4892292781163
-6.547 -6.01131949302109
-14.55 -12.1700804057849
-48.48 -38.9052195620946
-14.981 -20.0760367462893
-13.57 -11.5196714653165
-56.733 -43.8003465881832
-4.117 -6.07693128654658
-12.584 -12.5003535013536
-15.82 -17.0292197157283
-53.75 -45.6158242180185
-4.49 -3.04221825658775
-16.57 -17.0037395388575
-14.9 -12.575192193124
-8.06 -5.46753677127637
-6.775 -5.45050798718992
-50.378 -37.7842082453783
-15.238 -17.3380601333505
-14.845 -20.4094892714771
-12.01 -10.9298345758672
-5.261 -5.90451149846629
-2.18 -5.59591092326815
-14.21 -15.8306294840041
-4.525 -6.0243554399897
-53.162 -40.0897532526197
-51.034 -39.2076706018889
-4.096 -1.59147775397839
-6.321 -5.43135729110139
-56.184 -50.8437357742768
-27.929 -29.4387252128153
-55.061 -48.877370530664
-5.692 -6.45416936691199
-5.263 -5.51014625839423
-4.921 -5.60359681324241
-16.66 -12.4089524604581
-5.235 -5.67768881848688
-3.511 -5.09862158293876
-58.64 -44.8859352436696
-15.693 -20.9504336212352
-18.027 -22.6337774751775
-10.797 -11.689142193088
-3.07 -3.4021178210705
-10.96 -6.55602633637672
-14.88 -14.5422301854658
-25.81 -24.504711258667
-5.52 -5.54215918542461
-3.989 -2.69767551610911
-57.38 -41.3326955225321
-3.37 -1.84386660028821
-5.556 -6.09699331463201
-4.091 -4.51353115288214
-29.46 -31.1754436154452
-5.285 -5.85428343988164
-4.885 -6.46347821252702
-4.771 -5.29216949377251
-56.247 -45.5301537502574
-3.509 -2.40776013840968
-8.25 -6.40484635775606
-5.405 -1.05028752945445
-44.34 -39.4896159936542
-4.88 -4.94539520602676
-16.553 -16.4636583039475
-56.86 -38.3279498748018
-6.182 -5.28179206513639
-54.296 -47.9656067889397
-55.462 -50.0502539553114
-55.02 -40.7664906090581
-15.538 -13.7697580050541
-5.722 -4.8321462929439
-3.01 -1.82058310002059
-55.769 -38.5062370614772
-55.505 -51.2880343880132
-7.588 -4.75460062933093
-57.151 -39.8071414106639
-16.863 -22.455289591719
-5.147 -5.8254334496706
-6.643 -4.98141488365929
-18.19 -17.4239254523005
-54.37 -50.6849333320792
-5.913 -5.11687433926403
-4.24 -5.87930144843541
-3.342 -1.46086817938754
-18.89 -17.4452884389655
-15.482 -13.7553395081266
-17.15 -13.8149041278435
-55.118 -51.941135813752
-57.44 -50.038569686001
-56.824 -51.5096031879568
-56.575 -52.2590240539579
-55.565 -47.5156673470355
-24.62 -26.001767218106
-12.727 -9.4361838095934
-56.22 -49.0593738553216
-4.213 -0.91261369818322
-55.5 -37.6472126708132
-33.09 -35.6520999453628
-6.515 -5.83727268412248
-18.17 -21.5230762974935
-3.07 -0.874186797462688
-58.415 -39.2552063246731
-56.914 -46.8388954427072
-19.607 -16.9400210230057
-56.317 -42.5302711410602
-3.735 -0.617571626392178
-4.34 -0.611738229089037
-58.433 -50.7703866180649
-7.533 -4.55500484227483
-58.653 -49.1911436093978
-4.48 -4.76563175404015
-58.01 -51.1699940977406
-54.709 -44.6544152214462
-19.63 -19.8146301803963
-5.13 -4.83819236504888
-3.864 -2.42475750801853
-6.279 -5.0657546256562
-57.82 -50.0689282362944
-54.29 -44.8358986043489
-5.34 -4.93161892977355
-57.954 -50.2563950744004
-6.169 -4.96300295436953
-5.56 -5.68903658196089
-9.841 -4.5268998765929
-59.01 -51.4475773017859
-5.76 -4.53260589559444
-57.121 -51.0766195827534
-55.953 -42.8583165102059
-6.444 -5.81154137207927
-7.138 -4.26459757494082
-58.335 -51.5316533309573
-58.556 -51.1935435283786
-5.94 -4.50275441892435
-6.665 -4.50257683159546
-4.53 -5.7006913824601
-5.252 -5.70341417235717
-58.02 -46.6266985371384
-3.57 -4.5054497330983
-3.753 -0.672494172763767
-6.366 -5.82558710265568
-4.862 -3.71093896008235
-57.555 -48.8361840302779
-60.09 -50.9542014753988
-4.104 -1.33502362432836
-55.649 -35.6778615969584
-20.51 -24.8210699216212
-11.401 -6.26095998461142
-2.38 -1.0564229808595
-5.951 -1.05659669601647
-13.708 -18.4448676814514
-4.743 -2.82384271285641
-20.464 -23.7044702147967
-7.717 -4.31359044370046
-51.01 -44.3207556789038
-20.68 -22.0119537000257
-13.834 -10.1510113333659
-29.466 -33.9031433935049
-11.149 -5.82716026423572
-4.993 -5.57037538056614
-27.48 -31.1109051465466
-8.194 -4.38470620900669
-6.806 -4.7364260546629
-47.402 -43.1877852379414
-5.003 -2.21458653653628
-3.719 -0.663629100097785
-32.4 -33.0463631566649
-9.039 -4.59275102542974
-11.291 -4.45144218487906
-55.35 -41.9988658702728
-7.54 -5.37694912197118
-56.758 -41.6740034461348
-4.63 -3.36950559172929
-46.151 -33.859322494071
-4.75 -0.991359224719506
-4.5 -1.2458470223263
-23.369 -25.8394895084096
-6.17 -5.05174322394236
-7.576 -5.06274754095213
-7.9 -5.06464912482759
-50.44 -40.7963225943696
-8.14 -5.01931353417396
-7.9 -5.01497714296964
-42.61 -41.4662943845805
-55.14 -48.168026561297
-6.049 -4.23628758449306
-2.98 -0.961000598178074
-55.396 -36.9736157378487
-50.23 -36.9476044493823
-10.454 -16.0598806918219
-54.189 -38.3563284585383
-4.71 -3.15854663603706
-25.113 -27.7207361846629
-54.535 -39.5289772900772
-2.95 -2.62218817047864
-55.774 -35.4953874154143
-6.417 -3.8816520943335
-12.451 -16.7429633888369
-11.287 -5.2240109523932
-31.8 -31.5345441767216
-7.814 -4.93012106520329
-24.117 -25.3153921150539
-49.275 -37.8205793209933
-32.74 -36.0428995927843
-57.784 -40.1892269388369
-22.485 -24.5675171430057
-11.94 -15.6880821262944
-12.068 -15.6980217349357
-54.575 -37.1137933901081
-14.717 -16.5441509772208
-58.08 -49.2982929567319
-7.418 -2.21360060405044
-56.906 -49.211982225476
-55.151 -38.3217067016007
-56.914 -36.8100314994853
-8.274 -16.1052559122748
-20.249 -22.3750361548584
-6.482 -3.83409824857951
-14.659 -16.5471101354143
-29 -26.2210375114669
-69.939 -37.0602896153783
-38.33 -37.4588512030108
-16.91 -17.0403941266855
-53.15 -37.9626951353988
-54.571 -37.800127072738
-57.252 -37.9604331735254
-30.9 -29.8322197872671
-5.399 -2.67190996346371
-50.101 -34.8617268650026
-15.122 -16.3547154392898
-19.901 -16.5709051119918
-5.055 -3.81721032776119
-52.03 -35.6744736513278
-4.341 -1.20624423934637
-48.69 -35.6846761281266
-9.906 -16.557399338667
-5.562 -2.09731527600103
-50.241 -38.2086264672156
-59.364 -48.7927974665621
-59.833 -38.2460724807771
-56.755 -36.1562352222234
-39.42 -37.7958211769634
-4.54 -0.28485909657231
-39.682 -37.8170053622749
-9.941 -16.2044833619763
-6.554 -4.02237038719506
-26.41 -22.8843597292332
-24.74 -24.0715897258466
-4.69 -3.4549365578281
-47.27 -34.6330180676839
-52.291 -34.6360379349974
-3.51 0.505930233283582
-26.557 -22.5205243510653
-55.529 -37.8541419238137
-3.55 -4.46750362290788
-47 -37.7607826397993
-18.322 -17.4632388506073
-9.247 -4.54281143375709
-4.384 -3.25430032497684
-5.628 -4.11296746236233
-8.429 -4.61501067251673
-10.955 -13.010980009089
-31.45 -29.4744176966907
-29.2 -26.7188038816572
-6.715 -4.47357623603191
-23.12 -25.7568229865569
-12.73 -14.8125539167319
-51.676 -37.1841541349923
-15.25 -15.2575205081317
-4.524 -2.04855551478641
-49.917 -37.2015891442871
-4.957 -4.75693639926403
-4.28 -1.3711165023366
-4.064 -5.54035803739578
-4.126 -4.07202915935151
-48.874 -36.9715140516366
-48.284 -36.4920300526866
-42.91 -36.9649074369841
-22.165 -25.7067548843747
-16.98 -24.4605758708956
-7.711 -4.93373273026763
-8.525 -4.27006763010808
-16.466 -24.2893578478023
-8.431 -5.56151684198661
-37.47 -35.0196824230777
-6.65 -12.2095542294493
-46.762 -35.9385739509573
-20.98 -24.9431007895574
-8.29 -11.7584969086258
-48.45 -35.3891280130417
-51.571 -35.3858241756563
-43.396 -36.8608676293001
-28.01 -26.6290379655893
-7.332 -6.16779156406588
-44.891 -37.1711971613587
-42.944 -35.4104028672157
-43.16 -35.4172204328204
-7.902 -6.33028244002057
-9.587 -11.7326388042923
-27.391 -27.5045681952804
-4.065 -4.71626713289758
-27.24 -26.5514904140865
-31.289 -27.228468078456
-6.14 -5.4627097538909
-12.06 -20.8618866675142
-14.768 -20.8577092063047
-44.6 -37.2763939643901
-8.592 -7.00817053767884
-21.875 -26.3148778400566
-5.429 -5.6412965054555
-9.57 -11.6611320896552
-24.376 -27.1013841507206
-6.46 -5.66274588025732
-6.829 -5.61548854195573
-40.439 -35.6532656645857
-3.61 -2.78796247682965
-44.471 -36.6101081182759
-47.228 -35.2910946883376
-2.67 -7.20443976617087
-33.24 -28.8972491634174
-4.206 -4.40228360682451
-12.652 -3.49305753433866
-44.32 -37.0128407041483
-7.347 -6.38892977826043
-42.672 -36.2085665666237
-18.22 -20.6485941296706
-3.868 -3.13353633291302
-3.268 -4.85636794785899
-4.53 -4.52745322268142
-7.95 -10.3190521225991
-22.608 -26.1770124364437
-23.87 -27.2049732479722
-9.18 -10.3035449739424
-26.801 -27.428934946562
-2.85 -4.90578097816263
-4.073 -3.72802964663408
-24.68 -33.0283560407668
-33.449 -28.4599421733813
-1.47 0.386072352418941
-1.921 0.138674273510036
-3.68 -3.96003090495624
-7.194 -4.13869506879567
-14.906 -19.9854825079568
-35.947 -28.4354100120021
-21.74 -23.4553715945239
-24.73 -25.9547971692743
-4.245 -4.4777717015543
-30.106 -27.6614064267525
-5.221 -4.55382453545034
-1.062 0.137566402228513
-7.17 -7.59685109567678
-2.393 -0.111230123432836
-37.82 -38.6677502546835
-5.601 -3.31341337542459
-11.171 -8.31506014505404
-2.99 -4.22132683181163
-2.583 -0.559045107184767
-26.237 -26.2266054402162
-4.309 -4.04165096604736
-24.551 -24.2131776815079
-39.55 -30.582539689614
-1.85 -0.395993020174987
-34.68 -44.1416969593
-2.054 -0.496299970020588
-1.855 -0.13127323858981
-2.032 -0.0551618833710757
-32.06 -39.8265667015543
-3.058 -3.36180006413793
-22.03 -22.3966170588677
-5.778 -6.2323513975296
-11.702 -8.02948701250642
-4.33 -3.90842752278435
-0.892 -0.445649825954709
-6.36 -6.40534100811115
-8.099 -6.41167708589294
-2.47 -3.96234141498713
-27.35 -25.6765595461914
-1.18 -1.26492773648482
-5.86 -0.416162182743181
-2.47 -0.806276983844571
-9.51 -7.90112080048379
-5.301 -5.58601900267627
-0.54 -0.700609288265569
-1.76 -0.700855474071024
-2.803 -3.79230110635614
-2.908 -1.55428449185281
-2.38 -1.55231233376737
-0.136 -0.693881693252703
-35.18 -29.1252762959804
-1.01 -0.909278102717447
-5.225 -5.29814989906846
-3.606 -3.31026709850747
-1.366 -0.254514984621719
-16.51 -17.7292135708132
-7.52 -17.6573785946166
-10.608 -7.78517458031394
-35.03 -42.1237123983376
-1.471 -0.500687084297478
-3.842 -4.42581144821411
-1.941 -0.979387907308286
-0.92 -1.79156896099846
-2.27 -0.975403143355636
-3.26 -0.233085157617087
-1.88 -0.23035322502316
-2.06 -1.17959471249614
-1.813 -1.51224219132784
-1.902 -1.17420859792589
-3.162 -2.23341746719506
-50.894 -44.2081128477405
-18.66 -12.0318303551003
-1.644 -1.26024686745754
-34.16 -34.9632042034586
-1.791 -1.06310205185281
-24.53 -22.3247518062378
-1.939 -1.11164642153371
-1.119 -2.10574973838909
-1.327 -1.88378081976325
-5.75 -4.95808491222851
-34 -36.0549275312815
-2.86 -1.84215445015955
-2.69 -1.08272116234689
-1.997 -0.402097859284612
-47.512 -45.5370678683376
-3.47 -3.2223540504735
-3.371 -3.2192246127123
-56.876 -45.2444256275451
-1.7 -0.509262046536285
-43.12 -44.9358118027174
-53.686 -41.3731105321358
-1.761 -2.35210670174473
-0.137 -0.746119361966032
-2.623 0.330052446433351
-3.07 -5.27428898811631
-2.426 -1.65312308324241
-51.901 -38.7525280261966
-2.056 -0.930877284879053
-1.389 -1.7062332620175
-3.705 -2.19741440399382
-3.668 -2.05087646932064
-1.213 -1.86512212256304
-32.34 -27.1743513361812
-68.988 -46.139237024874
-31.63 -37.0908569384663
-1.608 -1.85005544217705
-34.84 -26.5063857524498
-30.29 -26.5000327379516
-2.787 -0.13891724120947
-2.967 0.17584698103963
-4.862 -3.31518246714874
-49.47 -40.3950212584405
-32.98 -37.6029230662943
-3.919 -2.32154778465775
-38.56 -43.1913965995883
-51.614 -37.2113642181935
-1.373 -1.7201349710036
-1.062 -1.20697287182707
-65.411 -55.9631269892847
-1.155 -0.740615228996396
-1.993 -0.573363971713845
-1.703 -1.41188245781781
-0.225 -0.862019092146168
-53.953 -41.9990156483222
-1.644 -1.60353387567164
-44.43 -52.333137476104
-69.096 -44.8572793182039
-61.312 -56.7071131921153
-44.22 -37.2217063014513
-52.216 -37.3925000176686
-53.011 -41.1532275345857
-1.72 -0.91571841522388
-0.312 -0.881553098883171
-0.905 -1.19107501685023
-29.46 -37.543165699084
0.57 -1.10844324568193
-55.64 -38.5135949209625
-1.721 -0.943930068358209
-29.32 -22.1644382387751
-3.921 0.299895622789501
-1.506 -1.30352014970664
-2.5 0.100749078147195
-21.586 -18.5752651091457
-24.51 -23.6913591548328
-2.626 -1.89132570595986
-1.05 -0.918326300890378
-23.93 -23.3729429943078
-46.229 -18.749083093649
-55.65 -56.2361137308749
-72.042 -31.5984892579105
-28.23 -32.9557083009316
-35.04 -32.8985830376582
-2.96 -2.59740576547092
-1.298 -0.367221855048893
-55.038 -32.955202494879
-1.64 -0.657385970941843
0.825 -0.145104157416367
-47.633 -32.9702008142048
-68.214 -44.9411197000052
-0.952 -0.825862561235203
-1.021 -1.19282201569738
-2.207 0.135695129716932
-10.23 -12.6732511606382
-1.05 -0.485578068229542
-34.6 -36.7694921728358
-46.31 -36.8118573805868
-68.838 -45.2628498262275
-1.491 -0.53978965860525
-13.66 -11.9747566769583
-63.646 -37.2683456849614
-1.06 0.418173770792588
-0.74 -0.559136790900669
-1.49 -0.394854677915596
-0.648 0.161769073587236
-51.62 -49.8484062420226
0.564 0.433571803196089
-47.498 -32.5997839295471
0.32 0.505325110005146
-17.96 -16.0330125201595
-60.958 -36.6760663672105
0.039 0.716398512382911
0.531 0.661630944194545
-3.781 -2.43436257568194
-64.325 -39.9370523337674
-46.48 -35.9157818962275
-63.91 -40.0671970522387
-66.029 -35.5425400647709
-1.371 -0.0116690569737519
0.886 0.88312754272774
0.932 0.727619938872877
-77.68 -41.464276845265
-2.01 -2.65644930675759
-43.82 -41.2395207759188
-36.31 -31.5435529700155
-2.69 -0.643783255414307
-0.619 1.02402111966547
-70.436 -46.9314493674678
-1.37 0.304933756438497
-7.48 -5.13819655636131
-1.246 0.647948829423571
-45.816 -35.9782328887494
-31.68 -36.9977409205558
-48.181 -36.9861843719146
1.152 1.2252506041019
-40.59 -33.5805277213947
-51.717 -35.7004287086876
-0.808 0.667429004482761
-44.926 -28.8700528690118
0.942 1.07984751855378
-49.58 -43.9661804485693
1.083 1.28096918022131
-1.05 1.12883578119403
-6.09 -3.34573217296963
-72.428 -38.1941570564693
-1.059 1.21161526575914
-2.48 1.25144776163149
-57.45 -38.5250183948687
-47.01 -27.7746742329645
-62.659 -37.6029141484766
-42.29 -39.2117543702418
-62.887 -39.2890519654039
-1.041 1.21744969001029
-2.024 1.52811589111683
1.197 1.59616575860525
-31.43 -30.2995516681369
-53.57 -43.3318778260783
-48.746 -24.9959867955841
-52.91 -43.3331353300824
1.93 1.52760687843541
1.03 1.63815297050438
-5.05 0.0372520982243954
0.11 1.64998941797221
1.229 1.60924843041173
-52.259 -17.0573749279671
-32.37 -28.2694473027277
-47.37 -39.2450037125116
-31.03 -28.8242869272311
-1.54 1.15955789042718
-58.999 -32.134660641297
0.25 1.69194201616058
-40.38 -35.5612093831549
0.119 1.79892663219763
-0.276 1.70246843158003
-42.938 -26.4806034456253
-64.65 -34.2401517877149
-70.779 -43.1487446057797
0.836 1.52648251778693
-46.11 -36.8040550787956
-11.267 2.36252819892435
-3.95 2.31767798454452
-2.34 1.60135704119403
-62.529 -42.8009958745856
-62.471 -36.9692862112455
-33.99 -28.2018417091765
-53.474 -28.9694416239732
-52.874 -29.1806059870149
-25.57 -22.9592911901338
-25.26 -22.9745958711323
0.35 1.77779440586721
-46.138 -26.6948166381163
2.638 1.73496554114256
-47.19 -42.7991071454709
-28.14 -26.1327467330365
-48.03 -43.7841684909522
1.504 1.72975353533711
1.65 1.75563766811631
1.872 1.73283908229542
-54.24 -29.2218142194184
0.73 1.74349023175502
-2.2 1.74022165834792
-42.311 -26.1143870742408
-64.004 -41.0109277195472
-68.81 -48.7653071439475
-68.81 -48.7680531111426
-68.81 -48.7708196360113
-68.81 -48.7736051428254
-68.81 -48.7764079806175
-68.81 -48.7792264632373
-68.81 -48.7705193406846
-68.81 -48.7757252389088
-68.81 -48.7809255950335
-68.81 -48.7861213528925
-68.81 -48.7913136865105
0.311 4.62441085866701
1.721 1.66414606633556
-37.96 -27.8195565917036
-8.76 -4.42315831974267
-23.53 -22.3770190187236
-21.95 -17.2544241907771
-64.865 -42.9892501341019
4.85 5.45771485020072
-44.013 -27.0824338600773
-0.72 1.54015428483788
-0.63 1.2461322184457
0.04 1.51897954189912
-48.16 -42.9191439215234
2 2.05382260570252
2.095 1.46696066639218
2.21 6.03606142957797
1.22 1.69849518627895
1.891 1.41932370776119
-64.765 -32.8940749767782
-48.04 -32.8778081394442
-43.382 -21.2895122913793
-50.65 -33.0450871334843
2.015 2.08117938629439
0.89 2.32133261712301
2.443 6.56166609591354
4.548 6.7219389577509
0.756 1.23641117065363
1.807 2.59317334064333
-39.665 -19.2339363302213
1.83 2.96678209038601
1.21 1.30224836209985
-44.702 -21.8970313272413
0.58 2.37133743740093
2.111 1.26541902374678
0.933 2.9047019396809
2.157 1.25627674097272
-29.3 -21.7409446240093
1.531 1.217241755965
-70.05 -32.1997414992742
-70.05 -32.1990788415183
-70.05 -32.1984174931858
-70.05 -32.1977574544159
-70.05 -32.1970987248482
1.87 1.16675017703551
-70.05 -32.1987584137314
-70.05 -32.1971110227535
-70.05 -32.195463293896
-70.05 -32.1938152266238
-70.05 -32.1921668211221
4.9 7.73012552061246
-0.22 1.1295832071333
-28.74 -25.2395567722903
10.761 8.43600525534227
0.94 1.13494911521873
-9.3 -3.9697260055121
-39.216 -14.839578475157
1.78 1.09674215198147
2.601 2.85124199126094
1.802 1.08363762450849
0.38 1.12277665946474
-41.049 -14.4846879221359
2.96 1.88179556931034
-0.141 6.41109328162634
0.67 1.02796915338137
0.298 1.08426800040144
-41.702 -23.8290022797889
-40.825 -22.1439894698044
2.472 4.73382845022646
-26.88 -23.2429624607772
-26.53 -22.5935014023417
-42.334 -14.0997265708801
-41.822 -22.1982304415286
2.59 1.02524162031909
-18.55 -10.2896010254503
2.761 1.10989083616058
-40.644 -13.9194226162429
-38.971 -13.3275504574215
-18.58 -14.5643978933299
-26.01 -14.8771271559958
2.23 1.98107025304683
-37.828 -10.7054021548379
2.991 3.02323959843541
1.06 0.840382361003602
6.773 9.79114204898095
0.77 0.799347296407618
2.495 2.31980098892435
2.76 8.33057147692742
2.546 1.33872493375193
3.291 8.33585543600617
0.789 3.39786023252702
2.59 0.87407655252702
1.082 5.90877721317036
3.025 3.70222979706639
12.011 6.91177774881112
2.325 0.692545794323213
-13.97 -8.06376418226454
2.11 0.725853070072054
-13.57 -8.38397585995884
2.965 9.05243917874934
-10.63 -5.25547482355636
3.498 0.799401616268658
2.44 2.37918262022646
8.896 8.43821011031394
3.38 1.88209672689655
19.37 8.42243873933094
2.157 7.28155703472981
19.547 8.4217351224138
1.994 2.89386724579002
4.351 10.4246229878127
2.398 0.584600855064333
3.219 0.799762463993823
3.405 1.44705291001544
3.929 9.13135733095729
2.086 4.60826179699434
15.22 9.52166941557899
1.01 4.7258398706279
17.235 7.58617847130725
8.549 9.6548829407823
11.116 8.89961885333505
0.416 7.90885854172928
4.793 4.35680374208955
19.438 9.10603524357694
8.6 8.17597153985074
2.8 10.0671799229285
6.6 7.87843825308285
13.7 10.4715002498199
4.667 6.6927676589192
19.282 14.8797123191405
11.735 8.86462868221308
6.805 7.5849229720175
3.082 9.30608828201751
11.18 9.63845403869788
3.387 1.09122909371076
2.97 1.67176433914565
3.87 2.77115342302625
10.762 15.8792497989346
3.6 8.20789838965518
3.42 2.2361724716315
17.186 12.0043225404735
4.44 7.44441437001542
12.264 9.18768884117861
1.771 7.89534664089037
16.509 13.8515050707771
7.72 18.5868678754194
2.574 6.3451406642563
9.927 8.03409542160062
7.043 6.18603071083378
0.968 1.72662539337622
1.067 5.03601830314461
2.416 6.07403460368503
17.855 12.8121473004066
19.09 12.8091819566907
2.017 3.49784700946474
2.33 2.04940031412249
16.858 18.8216639183788
20.656 15.2336189443541
2.016 2.87394524513124
2.069 1.88093769046835
1.956 2.32295647650541
18.47 17.2116741900823
1.639 3.73866862090582
18.995 17.1306793465877
2.978 1.9777330725579
1.885 4.62795445549151
6.94 2.67655324117345
2.83 2.7435699185229
2.902 2.28664267146165
1.784 3.76140995248584
3.46 4.73901106503346
12.07 6.82579427171899
1.932 4.92809131716932
13.5 7.22506440655687
2.19 4.60478358384458
2.594 4.6167674410808
2.092 4.40880086703551
