123.164297093036 25.3170926102515 -41.7266720594361 -33.2024720963695
122.078169921307 24.4849506648081 -39.5460980143105 -35.0189461716515
121.822827553324 24.2420357258888 10.2635196660223 55.4701478836388
121.692974782373 23.7572991121805 -13.7029620674499 -34.8619584901814
121.512691177499 23.2385213051062 -0.451032047059624 7.18702062958383
121.28363810552 22.639623681861 -5.22014163893327 10.4049551383106
121.138782918765 21.8809120975283 -10.020525971038 54.5668735707781
121.230331234921 21.2970019671323 -17.759346587937 53.5826178517995
121.450297393618 20.5932487850905 -54.2775207239234 29.2645573193208
122.928137564026 25.3842601441513 0.0971218635985949 70.5016637428752
121.796049020486 24.5635030891162 -6.70840710071703 -4.27686125013222
121.54079912993 24.3194295697814 -44.7386327230621 69.9299496406507
121.452860650763 23.8548571333916 -37.9870856972629 70.6089466298507
121.232668257858 23.3155833856736 -40.5022610277536 70.8944370277485
121.004782817604 22.7163930636608 -64.1722060390903 -20.2243805530899
120.861443169474 21.9572873930118 -44.9453512360181 3.51644389537579
120.9541569862 21.3736844934292 -39.7039254773536 -74.9117238673675
121.221286270483 20.6576449226355 -39.2271864651131 -68.2448396093112
122.549744951864 25.4909261557982 0.469449811778098 79.160733004506
121.419174049071 24.6672837647007 -22.9883366626087 4.97187207537909
121.164433063292 24.4225456478811 -7.31123399403999 6.20663187108653
121.077773151584 23.9577516249263 -47.6584190336406 34.226475271989
120.858942960927 23.4179540509207 -50.8474159929494 18.3982390537822
120.632539367934 22.8182540149952 -58.8719936747957 -14.5265447986363
120.49112079646 22.0588187428018 -9.56368767716556 58.5631487607885
120.585398860681 21.4754781243234 -45.9106483365481 -66.2101710192044
120.854472286483 20.7600352998207 -28.9390329535308 -72.156379516368
122.360301509539 25.5439497025394 2.10567266072431 11.1285972699079
121.230509031308 24.7188208861808 -13.6218169520128 13.674936712711
120.976018140441 24.4737521529703 -12.555590928998 -4.22587815810846
120.890009532396 24.0088564898831 5.28792759631757 31.009785608545
120.671865255961 23.4687983397103 -0.676886013096955 15.3186121542261
120.446210484757 22.8688555691638 -25.9511419530378 -49.1801694162892
120.305759595964 22.1093114484405 -5.68178709491721 33.2807463769582
120.400821204161 21.5260667451082 -13.7400787907328 55.9287590485966
120.670880554129 20.8109056108512 -39.2228969033017 -75.214122328783
122.170692284027 25.596674310023 8.65405432900958 38.9656840323018
121.079925764562 24.7329010611958 -7.24037478330081 23.8007634961016
120.787454801101 24.5247230756481 -13.1960577067185 8.5067184213778
120.702096110472 24.0597315012874 -27.1690862411451 4.17593455131062
120.525637850145 23.5398834476731 -40.2818113755052 51.7569031475211
120.259746818877 22.9192056292055 -6.60646321680505 4.22462067696135
120.120269746404 22.1595297901405 0.978651378656625 -36.2535724180983
120.216121927742 21.5764478451016 -17.8054281122269 46.5074014363484
120.487162280479 20.8616074169775 -39.1267006896478 -75.2097314748413
121.980911701592 25.6491884892433 -15.3964722137383 10.226282824946
120.890874779819 24.7839002428338 -56.4107169424764 7.57980924208745
120.644404797426 24.5935224903182 -38.4103080031228 38.5833144552074
120.51418691659 24.1108416826649 -37.7501354815231 67.5942255559484
120.344190664463 23.5574091272027 -28.4936382030008 66.9746763570666
120.112971520298 22.9902980543248 -23.1894994894541 66.6900456811051
119.964529911345 22.2314573445522 -46.8044029263183 57.487952242595
120.054808475951 21.6478570966078 -23.3091984396614 -57.4440377300109
120.303320489014 20.9121391616434 -37.294525582873 -74.6059237242163
