121.437  25.210   1.800
121.626  25.268   1.200
121.676  25.203   0.500
121.702  25.217   1.500
121.803  25.147   0.000
121.828  25.120  -0.300
121.410  25.161   0.000
120.562  24.312   0.100
120.573  24.266  -0.900
120.531  24.252  -0.400
120.542  24.159   0.100
120.507  24.218  -0.500
120.941  24.841   0.200
120.750  24.611   1.000
120.355  23.608  -0.200
120.308  23.725  -0.300
120.389  23.676   0.000
120.211  23.566  -0.500
120.311  23.791  -0.500
120.343  23.722  -0.200
120.289  23.760  -0.300
120.458  23.894   0.900
120.219  23.612  -0.600
120.302  23.579  -1.200
120.378  23.856  -0.300
120.184  23.721  -1.000
120.152  23.634  -1.000
120.479  23.948  -0.300
120.392  23.797  -0.500
120.235  23.789  -1.200
120.480  24.089  -0.300
120.347  23.836  -0.500
120.430  24.054  -0.500
120.427  23.895  -0.400
120.310  23.652  -0.500
120.320  23.924  -1.500
120.226  23.765  -1.200
120.582  23.949  -0.300
120.432  23.714   0.000
120.249  23.704  -0.800
120.290  23.860  -1.300
120.356  24.013  -1.500
120.468  24.131  -0.400
120.275  23.626  -0.600
120.497  23.757   0.000
120.512  23.658   0.000
120.294  23.479   0.000
120.494  23.558   1.500
120.345  23.555   0.700
120.215  23.464   0.200
120.240  23.460   0.200
120.277  23.439   1.300
120.335  23.485   1.000
120.250  23.412   0.000
120.306  23.411   1.300
120.220  23.360   0.000
120.154  23.460  -0.100
120.261  23.330   0.000
120.324  23.139   1.000
120.413  23.353   1.500
120.365  23.287   1.200
120.169  23.296  -2.200
120.260  22.953  -0.400
120.351  23.226   1.800
120.179  22.932  -3.500
120.235  22.922  -1.800
120.262  22.913   1.400
120.126  23.241  -2.800
120.111  23.183  -2.200
120.072  23.105  -3.200
120.154  23.149  -2.200
120.206  23.205  -2.900
120.199  23.123  -2.300
120.258  23.276  -0.700
120.261  23.231  -1.200
120.269  23.187  -0.900
120.312  23.273   0.500
120.068  23.043  -3.400
120.135  23.030  -4.000
120.159  22.979  -4.600
120.192  23.040  -3.600
120.218  23.081  -3.200
120.259  22.990  -0.800
120.287  23.136  -1.000
120.280  23.104  -1.900
120.297  23.079  -1.400
120.309  23.053   0.100
120.349  23.070   4.500
120.350  23.555   1.000
120.436  23.557   2.000
120.219  23.357  -0.200
120.208  23.261  -1.000
120.118  23.102  -3.400
120.222  22.960   2.300
120.236  22.999   3.100
120.236  22.977   3.100
120.218  23.000   2.700
120.218  22.978   2.500
120.212  22.990   1.800
120.202  22.998   0.000
120.217  23.012   2.200
120.241  22.948  -1.500
120.333  22.917   3.900
120.345  22.930   5.200
120.358  22.912   5.700
120.358  22.893   5.500
120.359  22.882   5.400
120.186  22.887  -4.200
120.201  22.858  -4.500
120.225  22.814  -2.600
120.231  22.863   0.000
120.270  22.875   3.000
120.328  22.884   1.100
120.269  22.818   1.500
120.292  22.760  -3.500
120.248  22.784   0.000
120.302  22.718   2.500
120.347  22.732   1.500
120.294  22.675   1.000
120.294  22.578  -2.300
120.323  22.622  -0.400
120.335  22.562  -0.700
120.283  22.622  -0.900
120.320  22.573  -0.700
120.315  22.608  -1.600
120.291  22.637   0.000
120.319  22.644   0.100
120.695  22.196   3.000
120.722  22.096   3.500
120.782  21.951   4.300
120.865  21.901   0.900
120.844  21.978   2.800
120.699  22.001   2.500
120.714  21.966   2.200
120.743  21.940   2.900
120.716  22.076  -1.000
121.763  24.655  -5.500
121.763  24.727  -9.200
121.764  24.751  -8.300
121.759  24.785  -3.800
121.772  24.692  -7.200
121.799  24.688  -7.600
121.799  24.662  -4.000
121.814  24.637  -3.000
121.830  24.666  -3.500
121.723  24.724  -6.600
121.728  24.763  -5.500
121.821  24.825  -6.100
121.799  24.772 -12.000
121.821  24.737 -13.100
121.827  24.706  -8.700
120.525  22.622  -2.400
120.595  22.572  -0.500
120.480  22.564  -1.500
120.452  22.523  -4.800
120.495  22.457  -4.500
120.495  22.425  -6.500
120.479  22.845   1.500
120.506  22.698  -1.400
120.394  22.605   1.500
120.469  22.614   2.000
120.565  22.609   0.300
120.425  22.564  -5.400
120.513  22.515  -2.800
120.456  22.470  -3.800
120.550  22.396  -3.300
120.621  22.331  -1.800
120.409  22.541  -0.100
120.553  22.422  -3.200
120.614  22.591   0.000
120.525  22.575  -2.400
120.482  22.510  -7.200
120.550  22.471  -2.600
121.516  25.043  -0.300
121.604  23.898   2.300
121.552  23.700   4.200
121.543  23.654   1.800
121.541  23.653   1.800
121.526  23.584   5.000
121.523  23.573   3.200
121.508  23.533   5.300
121.512  23.492   3.600
121.510  23.491   5.000
121.511  23.489   5.000
121.509  23.479   6.100
121.491  23.469   6.000
121.496  23.458   5.100
121.476  23.397   6.400
121.469  23.377   5.900
121.470  23.372   7.000
121.464  23.354   6.600
121.463  23.351   5.600
121.452  23.320   6.300
121.462  23.314   7.600
121.414  23.250   8.300
121.413  23.225   6.300
121.397  23.182   5.800
121.399  23.178   5.500
121.402  23.175   4.300
121.403  23.162   4.800
121.415  23.125   2.500
121.394  23.115   3.500
121.382  23.097   5.500
121.355  23.076   4.800
121.355  23.073   4.700
121.332  23.018   3.900
121.328  23.011   4.400
121.306  22.978   6.200
121.312  22.976   8.300
121.263  22.911   6.100
121.245  22.882   6.000
121.229  22.867   6.500
121.221  22.866   6.800
121.217  22.866   7.400
121.186  22.848  10.300
121.187  22.844  11.500
121.189  22.822  10.200
121.189  22.813  11.800
121.194  22.794   8.700
121.412  23.474  17.900
121.409  23.489  18.300
121.410  23.491  17.100
121.412  23.493  25.000
121.452  23.499  10.400
121.444  23.498  12.600
121.456  23.498  12.000
121.447  23.494  11.900
121.156  22.904  16.700
121.150  22.873  15.600
121.253  23.152  15.500
121.272  23.158   8.900
121.270  23.150  12.900
121.266  23.151  12.100
121.260  23.175   1.900
121.281  23.126   0.900
121.408  23.581  14.300
121.255  23.176  25.300
121.251  23.143   7.700
121.243  23.141  36.900
121.230  23.104  23.500
121.297  23.048   4.800
121.292  23.038   3.400
121.281  23.009  10.800
121.290  23.001   5.000
121.243  22.961   9.400
121.261  22.984   4.300
121.261  22.977   4.800
121.263  22.982   1.100
121.264  22.983   1.800
121.260  23.003   5.400
121.307  22.991   2.900
121.307  22.992   5.000
121.294  22.964   2.700
121.141  22.833  18.700
121.475  23.468   2.900
121.473  23.487   2.800
121.423  23.492   9.500
121.365  23.141   4.700
121.373  23.135   3.800
121.154  22.891  17.100
121.161  22.879  29.900
120.650  23.870   0.860
120.660  23.830   0.930
120.630  23.900   2.240
120.770  24.220   8.800
120.810  24.240   9.350
120.800  24.240  13.280
120.820  24.230   9.270
120.680  23.770   2.900
121.400  23.480  18.000
121.410  23.490  25.000
121.450  23.500  12.000
120.730  23.770   2.250
121.080  22.910   6.390
121.133  22.910  15.380
121.156  22.900   0.000
121.166  22.950  14.710
120.730  23.840   3.440
120.890  24.050   6.260
120.920  24.060   9.330
120.940  24.060   1.860
121.260  24.290   1.270
120.400  22.840   5.000
120.350  22.880   4.500
120.410  23.060   7.800
120.390  23.060  13.000
120.400  23.070   7.000
120.540  23.390   6.900
120.480  23.570   7.600
121.300  24.920   1.300
121.470  24.230  12.000
121.480  24.190   6.300
121.490  23.470   6.500
120.500  23.080   5.000
120.660  22.710   3.500
120.740  22.760   5.800
120.760  22.760   0.800
120.650  22.710   1.100
120.640  22.720   1.100
120.640  22.630   0.600
120.670  22.560   3.300
120.680  22.560   1.000
120.630  22.520   5.400
120.650  22.370   0.700
120.650  22.380   1.500
120.650  22.240   3.300
120.740  22.270   2.600
120.750  22.270   0.500
120.690  22.270   4.300
120.810  22.150   3.700
120.940  22.590   4.800
120.910  22.520   2.900
120.930  22.520   0.600
120.900  22.460   3.500
120.910  22.480   2.500
120.880  22.450   3.700
120.900  22.450   2.100
120.910  22.470   1.100
120.900  22.360   1.700
120.870  22.290   0.200
