118.239  24.441  -1.710
118.422  24.504  -0.320
118.447  24.417  -1.080
119.430  23.205  -3.470
119.481  23.567  -2.010
119.564  23.565   2.890
119.592  23.655  -5.130
119.613  23.741  -2.740
119.669  23.566  -1.420
119.933  26.157  -0.950
119.971  25.960  -1.480
119.975  26.216  -1.210
120.063  23.081  -5.720
120.086  23.147  -6.040
120.089  23.188  -4.396
120.093  23.056  -5.520
120.098  23.094  -2.116
120.118  23.239  -6.308
120.125  23.301  -4.650
120.125  23.265 -16.709
120.126  23.036  -1.463
120.135  23.241  -6.751
120.135  23.188  -6.780
120.138  23.242  -6.395
120.138  23.336 -28.193
120.139  23.139  -4.281
120.140  23.451 -30.220
120.148  23.243  -7.175
120.153  23.573 -15.352
120.154  23.461 -16.625
120.159  23.102  -2.131
120.160  23.003  -3.555
120.160  23.073  -3.806
120.160  23.247 -10.059
120.165  23.579 -10.870
120.166  23.125  -4.145
120.169  23.001  -6.496
120.169  23.294 -22.250
120.170  22.960  -6.707
120.172  23.164  -5.458
120.172  23.381 -26.970
120.174  23.583  -9.606
120.175  23.048  -0.510
120.175  23.238 -11.730
120.175  23.238  -7.711
120.176  23.238  -7.495
120.181  22.913  -3.260
120.186  23.582 -10.452
120.187  22.991  -2.035
120.187  23.492 -13.732
120.188  22.964  -3.530
120.188  23.232  -6.601
120.189  23.383 -26.534
120.189  23.720 -16.200
120.192  22.874  -2.083
120.193  23.040  -4.199
120.193  23.341 -21.295
120.197  23.065  -0.626
120.197  23.237  -5.701
120.198  22.991  -0.263
120.199  23.123  -0.097
120.200  22.978   2.168
120.200  23.653 -23.529
120.200  23.576 -16.348
120.201  23.288 -19.449
120.204  23.006   2.564
120.205  22.879  -9.176
120.205  23.238  -8.934
120.205  22.992  -2.399
120.210  22.976   1.850
120.213  23.574 -17.621
120.214  22.908  -1.361
120.214  23.081  -4.470
120.215  23.238  -7.624
120.217  23.599 -24.476
120.217  22.919   7.650
120.218  22.943   3.210
120.219  22.989   5.405
120.220  22.999  -1.070
120.222  22.961   4.478
120.222  23.739 -28.270
120.222  22.985   2.246
120.223  23.235  -6.674
120.225  22.877  -3.809
120.226  23.099  -0.209
120.226  23.573 -20.084
120.226  23.020   0.200
120.229  22.945   3.406
120.230  22.982   3.607
120.233  23.234  -6.659
120.236  22.922  -2.628
120.236  23.572 -22.545
120.237  22.878   5.425
120.237  22.963   1.321
120.237  23.043   2.036
120.239  22.975   3.910
120.239  22.981   4.404
120.240  23.460 -16.626
120.241  23.234  -4.662
120.242  22.974   5.416
120.246  23.335 -11.773
120.246  23.124   0.254
120.246  22.880   8.537
120.248  22.985   0.177
120.248  22.957   3.374
120.249  22.733  -0.291
120.249  22.972   2.584
120.251  23.411 -14.142
120.251  23.233  -6.390
120.252  23.509 -15.064
120.253  22.770   1.276
120.254  23.187  -4.971
120.255  22.971   2.790
120.255  23.571 -20.583
120.259  22.856   1.797
120.260  22.990   0.789
120.261  23.231  -3.988
120.262  22.970   3.046
120.262  23.090 -11.207
120.263  22.796  -1.020
120.267  22.880   8.080
120.268  22.970   4.293
120.268  23.569 -22.834
120.269  23.033   0.510
120.272  23.239  -4.413
120.272  23.250  -9.529
120.273  23.651 -41.222
120.273  22.969   6.294
120.273  23.118   3.403
120.274  23.102  -1.060
120.275  22.939   1.910
120.275  23.418  -8.529
120.276  22.939   1.460
120.276  23.019  -3.320
120.276  22.937   6.110
120.277  22.880   5.328
120.278  22.755  -1.170
120.279  23.361  -9.960
120.279  22.837   1.744
120.280  23.568 -18.151
120.281  23.102   2.876
120.281  23.244  -2.576
120.284  22.968   7.085
120.285  23.046   3.905
120.286  22.879   6.518
120.286  23.147   1.361
120.287  23.729 -27.310
120.288  22.614  -3.130
120.288  22.801  -2.332
120.288  23.136   1.221
120.289  23.860  -5.290
120.289  23.861  -7.155
120.290  22.688   4.540
120.290  22.971   1.501
120.291  23.393  -3.350
120.291  22.879   6.072
120.291  23.567 -17.588
120.291  23.250  -1.752
120.292  22.967   6.740
120.293  22.759  -4.178
120.294  23.123   1.345
120.294  23.059   1.937
120.295  23.107   1.295
120.295  23.095   1.355
120.296  23.255   0.177
120.296  23.079   1.924
120.296  22.712   4.038
120.298  22.964   7.229
120.298  23.114   1.473
120.298  22.965   7.177
120.299  22.809 -16.385
120.299  23.055   1.001
120.299  22.878   2.201
120.299  22.895   3.155
120.299  22.648   9.230
120.300  23.478  -5.430
120.301  23.074   2.178
120.304  22.808 -15.716
120.305  22.693   1.060
120.305  23.030   2.468
120.305  23.580 -21.310
120.306  23.041   3.321
120.307  23.412  -2.532
120.307  22.807 -15.058
120.307  22.964   8.181
120.308  22.878  -0.393
120.308  23.254   2.623
120.309  22.994   3.165
120.309  23.005   2.610
120.309  23.015   4.443
120.309  22.936   1.460
120.310  23.021   4.103
120.311  23.559 -16.502
120.312  22.983   4.462
120.313  23.034  -2.502
120.313  23.500 -13.802
120.313  23.250   2.433
120.314  22.677   2.585
120.315  22.808 -13.867
120.316  23.044  -0.496
120.316  23.561 -16.142
120.316  22.880   1.596
120.316  23.075   1.170
120.316  23.076  11.396
120.316  23.240   3.825
120.316  22.727  -0.619
120.317  23.047  -0.510
120.318  22.750   1.205
120.319  22.975   5.088
120.319  22.587 -11.670
120.319  22.808  -4.784
120.320  23.050  -1.136
120.320  23.050  -1.318
120.320  23.304  -3.034
120.320  23.087   5.365
120.320  23.922 -22.750
120.320  23.242   2.600
120.322  23.052  -2.522
120.322  22.807  -3.151
120.323  23.053  -2.133
120.324  22.849  -0.941
120.324  22.881   2.168
120.325  23.138   3.699
120.326  23.968  -9.094
120.326  23.056   1.053
120.326  22.728 -10.100
120.327  23.559 -11.965
120.327  23.171  12.450
120.328  23.171   1.361
120.328  22.581  -4.007
120.329  23.236   3.734
120.329  23.059   0.936
120.329  22.883   5.330
120.331  22.806  -4.247
120.331  23.455  -4.454
120.331  22.726  -0.550
120.332  23.061   0.631
120.332  23.123   5.761
120.333  22.940   6.640
120.334  22.959  11.321
120.334  23.051   0.450
120.334  23.627 -48.030
120.337  23.026   1.140
120.338  23.234   3.789
120.338  23.720 -22.578
120.340  23.205  -1.890
120.340  23.065   1.777
120.341  22.882   5.384
120.342  23.189   2.000
120.342  22.526  -5.912
120.343  22.813  -3.395
120.344  22.967  12.927
120.345  23.067   1.440
120.347  22.880   7.841
120.347  23.552  -7.871
120.348  22.919   8.680
120.348  23.021   1.410
120.348  23.687 -45.950
120.348  23.228   3.740
120.348  23.686 -49.215
120.348  23.068   2.349
120.349  23.227  -2.830
120.349  22.700   2.386
120.349  23.226  -3.670
120.349  23.025   6.360
120.350  22.581  -3.670
120.350  23.554  -7.628
120.351  22.628 -16.100
120.352  22.904  -3.920
120.352  22.905   4.414
120.352  22.877   8.955
120.354  22.969  11.984
120.355  23.101   6.608
120.355  23.556  -8.263
120.356  22.730   3.400
120.357  23.071   0.932
120.357  22.803   0.970
120.358  22.968   4.566
120.358  22.874  10.702
120.358  22.753   2.575
120.359  23.235   2.134
120.359  23.235   0.176
120.359  23.073   0.198
120.360  22.759  -6.283
120.361  22.797  -1.393
120.361  22.591   0.459
120.362  23.120   6.271
120.362  23.235   3.931
120.363  22.965  11.834
120.363  23.076   0.495
120.363  23.555  -7.504
120.364  23.113   7.462
120.366  23.236   4.177
120.366  22.962  14.127
120.367  23.078   2.286
120.368  22.761   3.080
120.368  23.205   0.970
120.369  22.347  -1.400
120.370  22.960  14.939
120.371  22.835   8.710
120.371  23.193   3.172
120.371  23.237   3.929
120.372  23.258   1.561
120.373  23.080   4.143
120.373  23.556  -5.559
120.374  23.900 -49.090
120.374  23.257  -2.200
120.374  22.880  10.064
120.374  22.956  14.597
120.375  23.238   4.845
120.376  22.763  -4.931
120.376  22.764   1.160
120.376  23.076   4.334
120.377  23.071   2.407
120.377  23.875 -18.713
120.378  23.414  -1.010
120.379  23.069   3.154
120.379  22.954  16.007
120.379  23.237   6.916
120.379  22.341   1.491
120.379  23.500  -0.067
120.379  23.069   3.197
120.380  22.768  -4.928
120.381  22.951  15.775
120.382  23.235   8.846
120.382  22.530   2.394
120.383  23.065   3.423
120.383  22.615   2.888
120.384  22.881  11.901
120.384  23.143   7.909
120.385  24.006 -13.382
120.385  23.236   3.255
120.386  22.987  13.280
120.386  22.771  -1.762
120.386  22.951   1.021
120.386  23.294  -2.236
120.386  23.064   4.197
120.387  23.558  -5.598
120.388  22.884  14.284
120.389  22.637  -0.605
120.389  23.065   9.440
120.390  23.688 -61.270
120.390  22.949  17.326
120.390  23.062   2.490
120.391  23.061   2.124
120.392  23.796 -18.701
120.393  22.886  17.442
120.393  23.121  14.067
120.394  22.948  17.750
120.394  22.696   6.564
120.394  23.937 -34.055
120.395  22.606  -0.005
120.396  23.428   4.392
120.397  23.059   3.898
120.397  22.889  21.316
120.398  23.558  -6.350
120.398  22.593  -5.740
120.399  23.231   6.666
120.400  23.650 -40.346
120.400  23.222   7.732
120.400  23.222   6.200
120.401  23.634 -40.690
120.401  22.947  10.517
120.402  22.893  21.128
120.402  23.055   1.975
120.403  22.995  12.310
120.403  22.773  -0.890
120.403  23.316  -5.271
120.404  23.317  -3.940
120.404  23.234  11.914
120.404  23.605 -30.474
120.405  22.894  18.747
120.405  22.778  -4.100
120.406  22.837  11.606
120.406  22.723   8.272
120.406  22.838   7.120
120.407  23.053   0.021
120.407  23.559  -6.052
120.408  22.622  -2.317
120.408  22.689  14.990
120.409  23.053   4.384
120.409  22.946  16.085
120.410  23.234   7.436
120.410  22.782  -1.296
120.411  23.057  14.998
120.412  22.480  -2.360
120.412  22.891  11.131
120.413  23.054   5.113
120.414  23.353  -6.626
120.415  23.577 -12.034
120.415  23.053   6.270
120.415  22.945  23.105
120.416  22.590   3.505
120.416  22.891  15.789
120.417  23.237   9.980
120.417  23.054   5.138
120.418  23.148  18.408
120.418  22.945  21.892
120.419  22.781  -1.249
120.419  23.056   5.757
120.419  24.008 -14.043
120.419  22.924   9.475
120.420  22.923  16.495
120.420  23.798 -14.810
120.420  22.753   2.475
120.420  22.890   6.445
120.420  22.908  11.240
120.420  22.929  20.677
120.421  23.556  -3.008
120.421  23.061   2.396
120.421  22.933  22.532
120.421  23.059   3.733
120.421  23.239   8.782
120.422  23.064   5.455
120.422  23.068   5.708
120.422  22.925  15.414
120.422  23.611 -23.515
120.422  23.662 -14.408
120.422  22.945  23.993
120.422  22.937  18.914
120.423  22.941  24.105
120.424  23.076   3.458
120.424  23.072   1.741
120.424  22.781  -1.806
120.425  22.928  22.709
120.425  23.081   3.556
120.426  22.782  -0.743
120.427  23.496  -1.053
120.427  22.928  11.409
120.428  23.733 -39.080
120.428  22.885   9.866
120.428  23.086  -2.644
120.429  22.777  -1.858
120.429  23.242   8.851
120.429  22.925  21.841
120.429  23.006  26.762
120.430  24.056  -5.202
120.430  23.641 -23.062
120.430  23.078   7.881
120.431  22.885  11.783
120.431  23.240  -0.958
120.431  23.714 -35.657
120.433  22.924  14.649
120.433  23.090   2.487
120.433  23.496  16.450
120.434  23.558  -3.568
120.435  22.774  -1.663
120.435  22.886   5.579
120.435  24.060  -7.100
120.435  22.688 -14.690
120.437  22.921  13.680
120.437  23.094  -6.556
120.437  23.345  -3.463
120.437  23.219  -1.105
120.440  22.922  15.107
120.440  23.397  -0.640
120.441  23.096  -2.000
120.441  23.236   4.921
120.441  22.723   0.790
120.442  22.886   6.813
120.443  22.772  -6.191
120.443  22.926  21.258
120.445  23.378  -5.930
120.445  23.378  -1.247
120.445  23.100  -2.004
120.445  23.560  -1.890
120.446  22.928  12.103
120.446  23.046   6.624
120.446  23.979 -27.758
120.447  23.266   5.157
120.447  23.103  -1.144
120.447  22.887   4.913
120.448  23.674 -13.020
120.448  23.236  18.227
120.450  22.776  -1.442
120.451  22.887  12.771
120.451  23.561  -1.295
120.451  23.109  -0.429
120.452  22.926  12.889
120.452  23.273   3.850
120.452  23.238   7.890
120.453  23.473  -2.730
120.455  23.112   0.323
120.455  22.470 -10.825
120.456  22.926  14.092
120.456  23.459   0.789
120.456  23.534   0.482
120.457  23.237 -51.625
120.457  23.561  -0.005
120.459  23.117  -0.654
120.459  22.888   9.583
120.459  23.309   9.055
120.460  22.650   1.870
120.460  22.939   0.580
120.460  22.835   0.950
120.461  22.835   1.922
120.462  23.410  -1.060
120.462  23.120  -0.746
120.463  22.593  -0.027
120.464  22.847   1.043
120.464  23.210   7.346
120.465  23.216   7.107
120.465  23.198  12.603
120.466  23.238   7.708
120.466  22.886   8.272
120.467  23.192  14.743
120.467  23.561  -0.518
120.467  23.124  -0.800
120.467  22.976   8.426
120.467  23.280   0.122
120.468  23.384  -1.239
120.469  23.222   8.858
120.470  23.239   9.579
120.470  23.124   4.536
120.470  23.237   9.235
120.471  23.558   1.807
120.472  22.885  -4.016
120.472  23.236   8.933
120.472  23.190  10.417
120.472  23.512   1.746
120.473  23.229   7.545
120.474  23.344   6.387
120.474  23.485  -2.200
120.474  23.667 -12.341
120.475  22.883   7.595
120.475  24.090  -3.307
120.475  23.564   0.010
120.476  23.432   1.491
120.477  22.666   0.101
120.478  23.893 -20.220
120.478  23.590  -2.199
120.480  23.045   2.172
120.481  22.890   1.850
120.481  23.192   6.924
120.481  22.768  -3.624
120.481  23.428   4.140
120.481  23.558  -4.494
120.481  23.870 -20.032
120.482  23.484  -2.600
120.482  22.509  -9.100
120.483  22.900   7.176
120.483  23.561  -2.800
120.483  23.643  -6.109
120.484  22.880   2.865
120.484  22.881   1.622
120.484  22.614  -1.641
120.485  23.183   8.888
120.486  23.194   7.049
120.486  23.791  -8.238
120.487  23.560   0.000
120.488  23.605  -3.090
120.488  23.059   2.470
120.490  26.368  -2.760
120.490  23.562  -0.624
120.490  22.736  -1.073
120.494  22.773  -2.954
120.494  22.886  -3.740
120.495  23.076  11.479
120.496  23.562   0.625
120.496  22.782  -1.293
120.496  23.617  -0.066
120.496  23.220  10.362
120.497  23.220   7.560
120.497  23.370   3.484
120.497  23.220   8.680
120.498  23.402   9.786
120.498  23.854 -22.350
120.498  24.117  -4.680
120.499  22.884  -3.440
120.499  23.508   2.427
120.501  24.199 -10.500
120.501  23.661  -7.067
120.503  23.559   1.169
120.503  22.777  -3.278
120.503  22.942   2.110
120.504  22.606  -4.790
120.505  23.490  -1.353
120.505  22.885  -4.038
120.505  23.556   1.430
120.506  23.524   1.406
120.506  22.820  -1.653
120.507  23.331   6.760
120.507  23.953 -30.434
120.508  23.331   2.699
120.509  23.459  -0.450
120.509  23.901  -6.383
120.510  22.886  -2.294
120.511  23.556   1.551
120.512  23.403  -3.509
120.512  22.777  -1.597
120.512  24.097  -4.090
120.514  24.037  -5.626
120.515  23.554   1.592
120.519  22.898  -0.828
120.520  23.570   2.414
120.520  23.965 -13.290
120.520  23.531  -0.883
120.523  23.920 -22.282
120.523  23.553   1.974
120.524  23.595   2.718
120.524  23.423   3.280
120.525  22.677  -8.002
120.525  23.985  -6.548
120.526  22.621  -6.798
120.526  24.025  -7.640
120.526  23.187   5.920
120.528  22.759   0.130
120.530  22.779  -3.223
120.530  24.184  -3.840
120.532  22.739  -4.510
120.533  23.552   2.486
120.533  22.830  -2.479
120.533  22.886  -0.046
120.535  23.871  -4.760
120.535  24.291  -6.110
120.537  23.251   3.213
120.537  23.612   1.005
120.539  22.882  -0.604
120.541  22.884   0.573
120.543  22.877  -0.759
120.544  23.824  -4.487
120.544  22.977   7.495
120.545  23.925  -7.867
120.546  22.779  -3.867
120.547  23.553   1.990
120.547  23.514  -0.190
120.548  22.998   4.570
120.549  23.413   4.121
120.549  22.871  -0.089
120.549  23.536  -1.530
120.550  22.495 -10.954
120.552  24.016  -5.181
120.553  23.520  -1.317
120.553  23.463   0.240
120.554  22.900  -1.480
120.554  24.188  -4.991
120.554  23.466   0.280
120.554  23.522  -1.660
120.554  23.626  -2.910
120.554  22.864   0.796
120.555  23.626  -2.889
120.555  23.049  17.108
120.556  23.466   2.754
120.557  23.427   4.202
120.557  23.567   2.775
120.557  23.578   0.390
120.557  23.855  -2.798
120.557  24.066  -5.100
120.558  23.578   1.980
120.558  22.882   2.766
120.558  23.564   2.282
120.558  23.485   0.910
120.560  23.886  -5.661
120.560  22.990  11.884
120.562  23.023  13.853
120.562  22.857   3.707
120.562  24.312  -0.852
120.563  23.769  -2.660
120.565  22.661  -4.921
120.565  23.579   0.623
120.565  22.785  -2.971
120.565  23.249   3.681
120.566  22.609  -3.690
120.566  23.988  -2.188
120.567  23.645  -1.980
120.567  22.429 -15.994
120.567  22.880   3.128
120.567  23.816  -5.466
120.568  23.567  -0.960
120.569  22.432 -17.384
120.569  24.073  -3.432
120.569  23.685  -3.638
120.571  22.434 -16.767
120.571  22.504  -9.750
120.572  22.877   0.932
120.572  23.567   1.067
120.573  23.437   1.395
120.573  23.563   1.123
120.574  23.566   0.981
120.574  23.398  11.489
120.575  23.596  -2.163
120.575  23.564   1.241
120.576  22.869   1.567
120.576  24.181  -4.230
120.577  23.615  -1.900
120.577  23.553  -1.304
120.577  23.362   2.990
120.578  23.825  -1.960
120.578  23.559   1.159
120.578  24.228  -2.847
120.579  22.786  -4.769
120.580  22.430 -17.750
120.580  23.560   1.495
120.582  24.271  -4.530
120.582  23.919  -3.831
120.583  23.560   1.490
120.584  22.831   1.882
120.585  24.138  -0.804
120.585  22.430 -14.012
120.585  23.560   1.898
120.585  22.871   2.575
120.585  23.251   6.740
120.585  23.558   1.621
120.585  23.559  10.697
120.586  23.898   0.146
120.587  24.049  -1.845
120.587  23.687  -2.676
120.588  22.509  -1.166
120.588  23.563   1.314
120.589  24.250   4.386
120.589  23.646  -2.180
120.589  24.379  -1.937
120.589  23.561   1.771
120.590  22.786  -2.638
120.591  23.563   1.574
120.591  23.080  12.250
120.591  23.562   1.557
120.591  22.826   0.965
120.592  23.564   1.816
120.592  23.757  -6.040
120.592  22.873   4.279
120.593  23.562   2.046
120.593  23.561   7.756
120.594  22.365 -11.570
120.594  23.841  -2.010
120.594  22.571  -3.672
120.595  22.631  -2.547
120.595  23.563   1.677
120.595  22.410  -6.914
120.595  22.429  -5.423
120.596  23.595   2.581
120.597  23.767  -5.697
120.598  22.787  -2.592
120.599  22.826   1.421
120.600  22.878   4.094
120.601  22.429  -2.151
120.601  24.280  -4.260
120.601  22.363  -4.480
120.602  22.667  -0.659
120.602  23.744  -3.090
120.602  22.386  -8.945
120.604  23.459   4.198
120.604  23.686  -5.689
120.605  22.837   1.996
120.605  22.787  -4.668
120.605  23.830  -3.929
120.606  23.561   1.320
120.606  22.645  -1.880
120.606  23.561   0.214
120.606  23.852  -4.713
120.606  24.091  -5.400
120.606  22.842  -0.612
120.607  24.299  -4.235
120.607  23.561   0.600
120.607  23.612   2.239
120.608  23.612  -1.170
120.610  22.879   3.588
120.610  22.702   0.822
120.610  22.849   2.538
120.610  22.849   0.210
120.611  22.791  -0.637
120.611  22.726  -1.153
120.611  22.427  -0.343
120.612  23.562   2.312
120.612  22.550  -0.372
120.612  23.418   0.320
120.614  22.426   0.040
120.615  22.788  -2.209
120.615  23.631   2.101
120.615  22.592   4.104
120.615  22.853   1.427
120.616  24.351  -3.615
120.617  22.426   0.143
120.617  23.566   2.286
120.617  22.855   3.406
120.619  22.883   2.715
120.620  22.426   0.301
120.621  22.860   3.539
120.622  23.563   3.623
120.622  22.788  -1.432
120.623  22.330  -0.330
120.623  23.214   3.339
120.623  23.971  -0.759
120.623  22.424   0.619
120.624  22.863   3.196
120.624  22.423   1.065
120.625  23.502   3.846
120.625  24.362  -3.440
120.626  22.361   2.090
120.626  22.896   4.528
120.626  22.782   0.245
120.627  22.528   1.941
120.627  23.583   1.701
120.627  22.425   0.122
120.628  22.866   4.328
120.628  22.428   3.599
120.628  24.421  -2.341
120.629  24.421  -5.860
120.629  22.776   3.805
120.630  22.426   0.393
120.630  22.653  -0.029
120.632  23.842  -2.986
120.632  22.591   2.914
120.632  24.157  -7.006
120.632  23.567   2.751
120.632  22.871   4.210
120.633  22.426   0.772
120.633  22.810   0.520
120.633  22.996   9.107
120.634  23.542   2.910
120.634  24.153  -7.870
120.635  24.276  -3.082
120.635  23.928   0.496
120.635  22.864   3.517
120.635  22.775   4.380
120.635  22.993   8.870
120.636  23.916  -2.610
120.636  22.874   5.059
120.637  23.565   2.287
120.638  23.570   2.669
120.638  22.627   4.977
120.639  22.876   5.477
120.639  23.925  -0.150
120.640  22.424  -1.927
120.640  23.570   3.653
120.640  23.986  -3.980
120.640  23.756  -2.495
120.641  22.717   0.470
120.641  23.756  -6.620
120.641  23.572   4.582
120.641  22.817   1.251
120.641  23.569   4.282
120.642  23.565   4.466
120.642  22.878   5.868
120.643  22.436   3.850
120.643  23.571   3.497
120.643  23.568   4.860
120.643  22.424   1.010
120.643  22.771   3.816
120.643  24.015   0.032
120.643  23.800  -3.323
120.644  22.879   4.911
120.645  22.766  -0.753
120.645  22.766   3.917
120.645  22.880   5.105
120.646  22.706   0.227
120.646  23.870  -3.620
120.646  22.422  -2.558
120.646  23.566   3.732
120.646  23.870  -2.458
120.647  23.564   4.682
120.647  22.419  -9.182
120.648  24.095  -2.580
120.648  24.094  -3.424
120.648  22.880   3.628
120.650  22.527   0.170
120.650  24.178  -3.560
120.650  24.406  -1.034
120.650  22.415  -5.299
120.650  24.031  -3.022
120.651  23.562   4.110
120.651  24.222  -3.808
120.652  22.582   0.403
120.652  22.708  -1.770
120.653  24.334  -1.826
120.653  22.266  -3.686
120.653  23.560   4.704
120.654  23.561  -0.092
120.655  23.483   3.420
120.655  23.714  -3.055
120.655  24.356  -2.750
120.655  24.356   2.534
120.656  23.560   5.299
120.657  23.646   2.356
120.659  23.565  -2.809
120.659  24.273  -0.017
120.660  23.504   1.809
120.662  23.837  -7.596
120.663  23.032   5.940
120.664  23.541   1.150
120.665  22.886   2.256
120.665  23.558   5.607
120.666  23.664   0.529
120.666  22.885   6.193
120.666  23.300  -0.330
120.667  23.728  -3.445
120.668  24.036  -7.311
120.668  23.383   5.946
120.669  23.851   0.411
120.673  23.929  -4.616
120.673  23.073  14.566
120.678  24.311   1.277
120.680  24.492  -0.292
120.683  23.338   2.890
120.684  23.894  -3.038
120.686  23.763  -4.276
120.687  22.412  -4.170
120.689  23.979  -6.420
120.689  22.034   6.939
120.692  24.272  -5.450
120.693  22.190  -7.734
120.695  24.461  -2.390
120.696  24.389  -0.822
120.698  23.502   1.934
120.698  24.028  -8.240
120.698  23.947  -1.588
120.698  23.946  -4.660
120.698  22.010 -10.411
120.699  24.043  -4.740
120.700  24.042  -5.070
120.703  23.109  12.080
120.704  22.916   4.710
120.704  24.213  -1.538
120.704  24.473  -2.080
120.712  22.056  -1.155
120.712  22.056  -2.540
120.713  23.891  -3.155
120.715  22.278 -10.660
120.715  24.308   0.943
120.715  23.479   4.353
120.715  21.984   5.275
120.715  24.329  -1.950
120.716  22.074  -2.637
120.718  22.003  -0.097
120.718  24.261  -3.390
120.720  23.985   3.101
120.720  24.094 -11.322
120.720  23.405   4.010
120.720  24.132  -4.407
120.720  23.533  10.069
120.721  22.023 -15.443
120.721  23.275   3.220
120.722  21.946   2.597
120.724  23.556   0.748
120.725  24.035  -4.110
120.725  24.035  -3.671
120.727  21.953   2.509
120.727  22.056  -4.410
120.728  23.836  -6.393
120.728  22.749   5.130
120.729  21.997  -3.063
120.729  22.007  -0.397
120.729  22.004  -0.110
120.730  24.377   0.406
120.732  22.745   6.091
120.732  21.941   0.704
120.732  21.955   1.943
120.733  22.000  -4.498
120.734  22.000  -4.934
120.735  21.970   7.674
120.737  24.145  -1.146
120.737  23.767   0.447
120.737  21.959  -0.860
120.739  24.308  -2.773
120.740  22.006  -2.780
120.740  23.886   2.035
120.740  23.529   4.320
120.740  21.956  -6.023
120.741  21.963  -2.310
120.741  21.965   0.960
120.743  21.966   1.543
120.743  22.007  -3.638
120.745  21.968  -0.447
120.745  21.949 -33.890
120.746  23.960  -0.221
120.746  22.004  -7.450
120.747  22.003  -2.823
120.747  21.991  -6.721
120.747  22.006  -0.964
120.747  22.007   2.402
120.749  23.454   4.080
120.749  24.405  -1.061
120.749  22.096  10.670
120.749  21.969   0.151
120.750  24.103  -3.067
120.751  21.969  -1.305
120.751  23.833  -0.341
120.751  24.326   1.313
120.752  22.204   1.689
120.752  24.528  -4.071
120.752  22.204   3.610
120.752  24.123   2.521
120.752  24.468  -2.523
120.752  21.969  -0.674
120.753  22.030   3.287
120.754  22.004  -5.169
120.756  21.970  -0.097
120.756  21.970  -0.695
120.757  22.003   3.888
120.758  22.728 -11.399
120.758  21.965  -1.540
120.760  21.963  -7.253
120.760  21.992  -6.473
120.761  22.003  -1.179
120.763  21.961  -2.816
120.764  22.071 -10.343
120.764  21.960  -0.439
120.764  23.159   8.490
120.764  24.601  -5.119
120.765  22.004  -2.208
120.765  23.160   8.891
120.766  24.110  -2.798
120.767  24.344  -0.474
120.767  21.958  -0.319
120.768  23.746  -1.410
120.768  22.008   2.887
120.769  23.665   0.910
120.769  24.414  -4.690
120.770  21.955  -2.427
120.772  22.007   3.934
120.772  21.952  -0.620
120.773  22.126   0.850
120.773  22.126   2.376
120.774  24.646   5.490
120.774  23.756  -5.785
120.776  22.008   1.621
120.777  21.951   0.678
120.778  22.009   1.477
120.779  21.968  -1.240
120.780  21.949   4.084
120.782  24.343  -1.570
120.782  21.949   1.370
120.783  23.982   7.146
120.785  21.946   2.083
120.785  24.334   8.122
120.785  24.465   0.514
120.786  22.009   3.335
120.786  24.421  -8.127
120.787  22.008   1.596
120.788  24.299  -0.986
120.790  24.257   1.849
120.790  21.946   4.610
120.790  23.508  -4.865
120.813  23.508  -6.170
120.887  23.481 -11.110
120.856  23.684  -8.460
120.790  22.005   2.424
120.790  24.310   2.296
120.794  21.946   4.127
120.795  22.006   1.117
120.796  21.946   3.162
120.799  23.884   5.080
120.801  24.226   0.030
120.801  22.005  -0.896
120.802  21.983  -9.397
120.803  24.180  -2.410
120.804  22.002   1.694
120.806  24.544  -3.787
120.806  21.941   0.150
120.808  21.966  -1.174
120.809  21.937   2.165
120.810  24.430  -2.437
120.810  24.584  -3.100
120.811  21.998  -0.571
120.811  24.375  -3.052
120.812  21.936   1.148
120.812  24.463  -1.085
120.817  21.936   2.958
120.817  21.991   1.562
120.817  22.005   0.009
120.817  22.039  -9.933
120.818  22.006  -0.460
120.818  21.994   1.466
120.818  23.883   8.455
120.819  21.992   0.461
120.821  21.989   1.086
120.822  21.989  -0.549
120.822  21.936   2.656
120.823  24.011  -2.770
120.823  24.325  -1.094
120.824  24.312   0.159
120.825  21.932   2.895
120.825  24.028  -2.392
120.826  24.348   0.639
120.826  23.264   6.600
120.827  21.991   0.095
120.827  24.263   0.740
120.829  21.929   2.776
120.829  22.075 -12.852
120.829  23.945  -0.430
120.832  21.994  -0.625
120.833  21.925   2.903
120.835  21.921   1.339
120.836  24.314   3.137
120.837  22.176   7.180
120.838  22.176  -3.381
120.838  21.917   2.678
120.838  22.020   1.032
120.838  23.855   9.120
120.842  21.989   0.912
120.842  21.915   1.951
120.843  24.374  -3.222
120.846  21.989   0.265
120.846  21.989 -13.212
120.847  22.125  -9.393
120.847  22.125  -5.550
120.848  21.914   2.095
120.848  21.913   1.950
120.848  24.338  -4.950
120.849  21.908   2.229
120.849  24.299   3.200
120.850  23.813  -4.358
120.851  24.576  -2.469
120.852  21.905   1.363
120.853  23.697   4.920
120.854  21.901   1.992
120.855  21.991   0.214
120.856  23.738   8.775
120.862  21.994   0.363
120.862  24.419   0.800
120.864  24.160  -6.120
120.864  24.160   0.935
120.865  22.311  -1.780
120.866  24.353  -0.670
120.869  23.950   6.037
120.870  24.554  -2.896
120.871  24.282   5.200
120.871  23.884   6.230
120.872  24.423  -3.240
120.872  24.428   2.191
120.874  22.111   3.581
120.875  24.684   0.300
120.876  22.294  -9.599
120.878  22.189   0.323
120.883  24.381  -0.185
120.885  23.608   7.800
120.886  24.586  -2.390
120.886  24.604  -4.706
120.890  22.341  -2.070
120.890  24.476  -0.277
120.893  22.090 -24.697
120.895  24.171  -8.550
120.895  24.626  -2.991
120.898  24.697  -5.334
120.899  24.582  -4.033
120.908  24.291   3.350
120.908  23.951  -5.334
120.908  23.881   1.710
120.909  24.291   2.245
120.911  23.868  -2.006
120.912  24.765  -1.466
120.915  24.618  -3.429
120.916  23.278  -0.520
120.918  23.798  14.923
120.922  24.845  -2.960
120.923  24.814  -3.314
120.925  24.662  -1.460
120.927  24.605  -1.583
120.930  24.183   2.715
120.932  23.795   6.060
120.933  24.043   1.990
120.934  23.954   2.620
120.935  24.686  -2.468
120.935  23.848   2.308
120.937  24.573   0.142
120.940  24.838  -2.766
120.941  24.465  -4.510
120.941  24.805  -3.193
120.944  22.478 -13.830
120.945  24.755  -2.510
120.947  24.359   2.290
120.950  24.715  -0.750
120.953  24.790  -2.757
120.956  23.949   5.514
120.956  24.656   0.088
120.957  24.012   3.973
120.959  23.487   5.540
120.960  24.803  -3.270
120.960  22.649  -0.930
120.961  24.799  -3.140
120.963  24.862  -3.684
120.964  24.841  -2.351
120.967  22.533  -6.890
120.968  24.733  -2.517
120.969  24.064   1.514
120.971  24.543  -2.593
120.972  24.388  -0.364
120.973  24.635  -0.589
120.976  24.805  -1.891
120.976  24.539  -5.480
120.976  24.539  -2.619
120.979  24.636  -1.910
120.982  23.974   6.040
120.982  24.921  -2.771
120.982  24.810  -5.680
120.985  24.793  -3.920
120.986  24.398  -0.770
120.987  24.573  -1.944
120.987  24.798  -3.760
120.987  24.798  -2.140
120.989  24.686  -1.144
120.990  24.767  -2.616
120.990  24.767  -1.550
120.994  24.799  -5.020
120.994  23.793   3.910
120.997  24.789  -2.120
121.000  24.601  -1.627
121.000  24.711  -3.241
121.003  24.839  -2.790
121.007  24.202   2.520
121.007  24.203 -27.460
121.007  24.405  -2.896
121.007  22.616  -3.110
121.009  24.858  -3.155
121.009  24.629  -1.674
121.009  24.788  -2.820
121.010  24.933  -4.890
121.013  24.788  -4.312
121.014  24.827  -6.220
121.014  24.828  -1.930
121.016  24.779  -3.025
121.018  24.766  -4.197
121.020  24.875   2.488
121.022  24.741  -1.540
121.022  22.678  -5.617
121.026  24.281  -6.590
121.027  24.975  -1.651
121.027  23.201   3.820
121.028  24.866   1.604
121.029  24.092   4.410
121.030  24.780  -1.767
121.038  24.899  -3.588
121.040  24.957  -1.698
121.040  24.600  -0.338
121.041  23.169   6.220
121.042  24.748  -1.660
121.044  24.777  -2.610
121.050  24.806  -4.168
121.053  22.791  -2.740
121.059  24.675   0.000
121.059  24.675  -1.093
121.063  22.765  -0.385
121.080  25.041  -0.180
121.081  22.765  -6.860
121.083  22.836  -4.396
121.085  24.909  -1.605
121.086  24.774  -5.641
121.086  24.853  -3.872
121.087  24.579   9.480
121.087  24.734  -0.896
121.091  22.861  -2.368
121.092  24.761  -3.379
121.095  24.888  -0.592
121.098  24.707  -1.191
121.098  24.713  -0.953
121.102  24.975  -2.261
121.109  23.968   7.521
121.109  22.810  -1.813
121.113  22.952  -3.490
121.116  24.957   1.444
121.117  23.988   6.110
121.117  23.988  18.660
121.117  24.848  -4.285
121.121  24.809  -4.371
121.122  24.662  -0.855
121.123  22.801  -0.500
121.126  23.132  -0.470
121.128  24.696  -1.233
121.131  22.906   1.780
121.137  22.979  -4.964
121.138  24.920  -1.049
121.138  25.013   3.391
121.138  22.779  -2.868
121.141  25.055   0.750
121.141  24.845  -5.601
121.142  24.964  -1.593
121.144  25.046   1.353
121.145  22.932  -6.840
121.147  24.905  -0.968
121.148  22.747 -10.040
121.154  22.901   1.780
121.155  22.760  -6.600
121.158  23.048  35.370
121.160  23.044  -6.523
121.161  22.942 -14.619
121.161  24.739   1.673
121.162  25.000   1.505
121.164  24.937   0.731
121.164  23.050  -8.990
121.165  24.954   1.830
121.166  22.942  10.020
121.168  24.848  -2.137
121.172  24.082   3.750
121.172  24.799  -4.762
121.175  24.883  -2.297
121.176  24.777  -4.500
121.177  24.160  13.685
121.182  24.029   3.990
121.183  24.704  -0.717
121.185  24.909   0.010
121.186  24.035  -3.420
121.189  24.149  -0.666
121.189  22.821  -0.960
121.198  23.037  -6.982
121.200  23.109 -10.000
121.206  23.116  -8.620
121.209  24.677  -1.940
121.213  24.826  -3.561
121.213  23.121 -19.832
121.214  24.897  -2.960
121.214  25.080   0.171
121.215  23.125 -13.306
121.217  22.943   7.641
121.223  24.861  -3.951
121.223  24.936  -1.841
121.225  24.769  -1.910
121.226  24.242   0.940
121.231  24.947  -2.710
121.231  23.126 -12.850
121.237  23.127  10.030
121.240  22.963  -0.476
121.242  24.841  -2.559
121.246  24.245   6.750
121.248  23.123   6.944
121.249  24.918  -2.510
121.250  24.851  -0.890
121.251  24.732   5.610
121.252  24.968   1.124
121.255  22.908  -1.460
121.259  25.079   1.291
121.265  23.219 -13.055
121.270  24.982   1.157
121.273  24.143   0.550
121.277  23.202   7.951
121.278  24.790  -1.897
121.278  25.087  -0.398
121.279  24.641  -1.349
121.280  23.103   0.653
121.281  23.213   1.750
121.282  23.114   3.801
121.288  23.240   4.063
121.288  24.850  -3.557
121.290  25.065  -0.641
121.291  25.102   3.762
121.293  23.039  -5.404
121.296  24.607   0.190
121.300  23.075   0.880
121.300  23.321 -11.440
121.304  24.693   0.385
121.304  25.012   3.436
121.305  22.971  -4.915
121.305  24.881  -3.381
121.308  24.352   5.660
121.310  24.925  -2.766
121.317  23.325 -13.793
121.318  23.342 -13.790
121.318  23.342 -14.348
121.320  25.078   0.502
121.323  23.279   5.640
121.325  23.315 -20.951
121.325  24.893  -4.277
121.326  23.491  -8.772
121.327  25.116   1.077
121.331  23.026   1.250
121.331  25.017   0.023
121.332  24.799  -1.250
121.339  24.368   9.840
121.339  23.321   4.855
121.346  24.952  -3.664
121.353  24.821  -3.740
121.355  23.304   5.889
121.356  23.494 -12.156
121.357  23.395   1.469
121.359  23.341   5.300
121.359  23.392   0.819
121.360  24.859  -1.403
121.365  24.797  -0.627
121.371  25.024   1.005
121.371  23.532 -11.820
121.374  23.097  -2.260
121.374  23.497 -13.866
121.374  23.098  -3.590
121.378  24.968   1.900
121.378  25.076  -4.050
121.383  24.428   7.250
121.383  25.053  -2.450
121.384  24.996   1.293
121.391  23.507 -12.337
121.391  23.607 -12.590
121.393  23.453  -9.100
121.398  23.631 -11.910
121.400  24.641  -0.029
121.400  23.500  13.243
121.401  25.117  -3.770
121.405  23.555 -15.220
121.406  24.873  -4.433
121.406  24.934  -0.802
121.411  23.716   6.326
121.412  23.499  -3.722
121.416  23.125  -5.679
121.417  25.181   0.728
121.424  23.492  -3.320
121.426  24.488   8.038
121.426  24.700  -0.890
121.427  25.181  -2.420
121.429  23.285  -4.873
121.429  23.497  -3.420
121.430  23.636 -44.970
121.433  23.662  -8.601
121.437  23.662 -10.163
121.441  23.812  -6.980
121.441  23.812  -2.770
121.442  24.998  -1.300
121.445  23.730  -9.977
121.451  25.037  -4.641
121.453  23.406  -6.140
121.453  23.746  -8.320
121.454  23.320  -2.510
121.457  25.078  -4.378
121.457  25.113  -2.825
121.458  25.025  -1.501
121.460  23.656 -12.768
121.460  25.147  -3.468
121.462  25.146  -7.160
121.468  23.754  -4.844
121.469  23.488 -10.948
121.476  22.658  -0.420
121.476  22.658  -0.420
121.476  22.658  -0.420
121.476  22.658  -0.420
121.475  22.658  -0.420
121.475  22.658  -0.420
121.476  22.658  -0.420
121.476  22.658  -0.420
121.476  22.658  -0.420
121.476  22.659  -0.420
121.476  22.659  -0.420
121.478  24.575   6.204
121.479  25.061  -4.283
121.482  23.685  -9.320
121.485  24.205   9.720
121.492  23.846  -6.210
121.494  23.965  -0.960
121.495  23.462  -9.664
121.496  24.575   6.130
121.498  23.727  -9.614
121.499  25.134  -4.590
121.501  25.261  -3.120
121.501  25.204  -3.240
121.506  23.472  -8.380
121.508  24.982  -1.340
121.512  25.110  -2.394
121.512  24.602   1.820
121.514  25.038   6.190
121.518  25.127   0.150
121.519  23.598 -14.830
121.519  23.599  -9.110
121.520  23.884  -8.638
121.521  23.598 -25.030
121.523  24.988  -1.231
121.525  24.959  -3.300
121.525  24.613   1.536
121.529  24.601 -10.390
121.529  25.272  -3.011
121.531  24.938   1.139
121.535  23.945  -5.549
121.539  24.912   3.465
121.540  25.179  -0.480
121.541  23.887 -11.373
121.542  24.967  -4.580
121.546  25.180  -3.079
121.546  24.922   2.098
121.547  25.177  -2.746
121.551  23.897  -8.640
121.553  25.171  -3.415
121.558  22.037  -2.870
121.558  22.038  -2.870
121.558  22.038  -2.870
121.558  22.038  -2.870
121.559  22.038  -2.870
121.561  25.148  -3.460
121.558  22.037  -2.870
121.558  22.037  -2.870
121.558  22.037  -2.870
121.558  22.037  -2.870
121.559  22.037  -2.870
121.562  24.635   0.500
121.562  25.291  -2.800
121.563  23.788 -16.070
121.564  24.509  -0.317
121.566  25.164  -3.720
121.571  24.172   3.220
121.573  24.005 -21.379
121.574  25.166  -0.620
121.576  24.951  -2.881
121.577  25.167   0.658
121.581  25.294  -2.020
121.582  24.004  -2.268
121.584  25.036  -0.492
121.585  24.760  -3.753
121.585  25.188  -1.510
121.592  25.291  -1.104
121.592  23.844 -13.433
121.596  23.925  -8.080
121.598  24.848   1.231
121.598  23.870 -13.350
121.602  23.904 -10.930
121.603  23.987  -7.821
121.604  23.925  -7.100
121.605  25.147  -3.560
121.607  24.103 -22.350
121.607  25.129  -2.025
121.608  23.984  -7.274
121.609  24.014  -7.479
121.610  24.018  -2.990
121.614  23.975  -8.030
121.614  25.041  -2.540
121.619  24.007  -7.814
121.620  24.967  -1.639
121.629  25.266  -0.603
121.632  24.691  -3.359
121.633  25.257  -1.400
121.635  25.023  -2.763
121.636  24.753  -2.870
121.636  25.105  -2.396
121.636  24.753  -5.402
121.637  24.953  -1.836
121.638  25.169  -3.060
121.646  24.836   0.920
121.648  24.942  -2.089
121.650  24.667  -8.170
121.651  25.229   0.923
121.652  24.128  -6.300
121.652  25.209  -2.040
121.654  24.126  -5.210
121.658  24.753  -1.653
121.662  24.149  -4.880
121.670  25.177  -0.180
121.673  25.035  -3.290
121.678  24.694  -6.224
121.680  25.072  -2.690
121.687  24.610  -1.200
121.687  24.819  -1.061
121.687  24.610  -1.839
121.688  25.008  -2.965
121.691  24.747  -4.559
121.695  25.210   1.832
121.695  25.178  -1.367
121.699  25.109  -1.557
121.700  24.779  -3.910
121.712  24.938  -0.164
121.713  24.667  -8.490
121.714  24.934  -1.100
121.716  24.634  -5.575
121.724  24.724  -9.819
121.728  24.692  -5.139
121.730  24.823   0.456
121.737  24.961  -5.125
121.744  24.627  -6.294
121.746  24.746  -9.580
121.749  24.309  -3.950
121.757  24.764  -9.600
121.758  24.674  -8.991
121.760  24.787  -4.550
121.761  24.538  -5.753
121.764  24.718  -8.506
121.766  24.754  -9.459
121.769  24.822  -5.140
121.772  24.700  -7.560
121.776  25.143  -2.558
121.777  25.103   1.956
121.778  25.044  -1.281
121.778  24.397  -7.876
121.779  24.862  -1.550
121.781  25.071   2.940
121.791  24.660  -6.269
121.791  24.796  -8.530
121.800  24.722  -8.572
121.802  24.870  -1.928
121.808  24.638  -5.647
121.810  24.449  -8.610
121.811  24.929  -1.741
121.815  24.760 -12.135
121.820  24.825  -4.974
121.823  25.110   0.416
121.828  24.974  -1.037
121.828  24.863  -3.796
121.829  24.664  -8.861
121.829  24.664 -10.760
121.832  25.029  -0.678
121.833  25.095  -1.871
121.834  24.521  -9.487
121.836  24.596  -3.935
121.852  25.062   0.095
121.857  25.112   1.103
121.866  25.093  -1.159
121.867  24.592  -6.750
121.867  25.033  -0.511
121.868  24.594  -3.606
121.887  25.120  -1.898
121.908  25.016  -1.095
121.918  25.100   1.660
121.918  25.097   1.340
121.919  25.121  -0.683
121.925  25.055  -1.442
121.938  25.020  -3.690
121.940  24.843 -21.490
121.949  25.017  -0.404
121.953  24.842 -27.229
121.987  25.020  -0.500
121.989  25.017  -1.071
121.999  25.006  -0.006
