118.239  24.441  -0.614   7.370   0.000   0.000   0.000
118.422  24.504  -0.255   6.736   0.000   0.000   0.000
118.447  24.417  -0.290   6.655   0.000   0.000   0.000
119.430  23.205  -4.463   0.635   0.000   0.000   0.000
119.481  23.567  -1.315   0.757   0.000   0.000   0.000
119.564  23.565  -0.700   0.077   0.000   0.000   0.000
119.592  23.655   0.000   0.000   0.000   0.000   0.000
119.613  23.741   0.535   0.007   0.000   0.000   0.000
119.669  23.566   0.161  -0.808   0.000   0.000   0.000
119.933  26.157  -3.487   7.351   0.000   0.000   0.000
119.971  25.960  -2.155   5.631   0.000   0.000   0.000
119.975  26.216  -3.714   7.559   0.000   0.000   0.000
120.063  23.081  -8.541   2.204   0.000   0.000   0.000
120.086  23.147  -7.227   1.787   0.000   0.000   0.000
120.089  23.188  -6.309   1.357   0.000   0.000   0.000
120.093  23.056  -9.289   4.234   0.000   0.000   0.000
120.098  23.094  -8.248   3.328   0.000   0.000   0.000
120.125  23.301  -4.134   0.732   0.000   0.000   0.000
120.125  23.265  -5.059   1.689   0.000   0.000   0.000
120.126  23.036  -9.007   5.807   0.000   0.000   0.000
120.135  23.188  -7.280   3.657   0.000   0.000   0.000
120.138  23.336  -3.780   0.429   0.000   0.000   0.000
120.139  23.139  -7.606   4.029   0.000   0.000   0.000
120.140  23.451  -2.168  -1.235   0.000   0.000   0.000
120.154  23.461  -2.479  -0.931   0.000   0.000   0.000
120.159  23.102  -6.991   4.691   0.000   0.000   0.000
120.160  23.073  -6.993   4.950   0.000   0.000   0.000
120.166  23.125  -7.189   4.688   0.000   0.000   0.000
120.169  23.294  -4.993   3.014   0.000   0.000   0.000
120.170  22.960 -13.114   4.769   0.000   0.000   0.000
120.172  23.164  -7.662   5.153   0.000   0.000   0.000
120.172  23.381  -3.958   0.841   0.000   0.000   0.000
120.175  23.048  -7.721   5.037   0.000   0.000   0.000
120.175  23.238  -6.744   5.209   0.000   0.000   0.000
120.181  22.913 -14.660   3.804   0.000   0.000   0.000
120.187  23.492  -3.016  -0.135   0.000   0.000   0.000
120.188  22.964 -13.643   3.028   0.000   0.000   0.000
120.189  23.383  -4.055   1.492   0.000   0.000   0.000
120.189  23.720   1.660  -1.999   0.000   0.000   0.000
120.193  23.040  -8.726   4.301   0.000   0.000   0.000
120.193  23.341  -4.276   2.647   0.000   0.000   0.000
120.197  23.065  -7.320   3.862   0.000   0.000   0.000
120.199  23.123  -7.831   4.785   0.000   0.000   0.000
120.200  22.978 -13.582   1.639   0.000   0.000   0.000
120.200  23.653  -0.282  -0.959   0.000   0.000   0.000
120.201  23.288  -4.227   4.781   0.000   0.000   0.000
120.204  23.006 -12.539   1.886   0.000   0.000   0.000
120.210  22.976 -14.441   0.009   0.000   0.000   0.000
120.214  22.908 -16.505   2.355   0.000   0.000   0.000
120.214  23.081  -8.097   3.479   0.000   0.000   0.000
120.217  23.599  -2.647   0.344   0.000   0.000   0.000
120.217  22.919 -16.442   2.131   0.000   0.000   0.000
120.218  22.943 -16.289  -1.523   0.000   0.000   0.000
120.220  22.999 -14.299  -0.418   0.000   0.000   0.000
120.222  22.961 -15.845  -2.207   0.000   0.000   0.000
120.222  23.739   1.541  -1.616   0.000   0.000   0.000
120.226  23.099  -8.833   3.992   0.000   0.000   0.000
120.226  23.020 -13.685   0.075   0.000   0.000   0.000
120.229  22.945 -17.567   4.174   0.000   0.000   0.000
120.236  22.922 -18.215   1.855   0.000   0.000   0.000
120.237  22.963 -17.502   3.949   0.000   0.000   0.000
120.237  23.043 -15.457   1.230   0.000   0.000   0.000
120.239  22.981 -16.469  -3.836   0.000   0.000   0.000
120.240  23.460 -13.582   3.999   0.000   0.000   0.000
120.246  23.335 -13.394   5.125   0.000   0.000   0.000
120.246  23.124  -9.360   4.874   0.000   0.000   0.000
120.248  22.985 -17.524   3.619   0.000   0.000   0.000
120.248  22.957 -18.421   2.182   0.000   0.000   0.000
120.249  22.733 -25.778  -7.804   0.000   0.000   0.000
120.251  23.411 -11.341   5.108   0.000   0.000   0.000
120.252  23.509 -11.444   4.483   0.000   0.000   0.000
120.253  22.770 -26.165  -6.594   0.000   0.000   0.000
120.254  23.187  -8.998   6.895   0.000   0.000   0.000
120.259  22.856 -22.655  -3.288   0.000   0.000   0.000
120.260  22.990 -18.125   2.463   0.000   0.000   0.000
120.262  23.090 -10.279   4.123   0.000   0.000   0.000
120.263  22.796 -26.709  -6.465   0.000   0.000   0.000
120.269  23.033 -17.484   2.709   0.000   0.000   0.000
120.272  23.250 -10.279   8.447   0.000   0.000   0.000
120.273  23.651  -2.538   2.017   0.000   0.000   0.000
120.273  23.118 -10.557   4.750   0.000   0.000   0.000
120.274  23.102 -10.753   4.359   0.000   0.000   0.000
120.275  22.939 -20.753  -1.621   0.000   0.000   0.000
120.275  23.418 -10.877   5.528   0.000   0.000   0.000
120.276  22.939 -20.830  -1.723   0.000   0.000   0.000
120.276  23.019 -18.399   1.985   0.000   0.000   0.000
120.276  22.937 -20.910  -1.833   0.000   0.000   0.000
120.278  22.755 -28.499  -9.463   0.000   0.000   0.000
120.279  23.361 -10.737   6.223   0.000   0.000   0.000
120.279  22.837 -25.730  -6.519   0.000   0.000   0.000
120.281  23.102 -11.110   4.343   0.000   0.000   0.000
120.285  23.046 -18.946   2.192   0.000   0.000   0.000
120.287  23.729   0.068   0.173   0.000   0.000   0.000
120.288  22.614 -37.228 -18.895   0.000   0.000   0.000
120.288  22.801 -29.376  -8.837   0.000   0.000   0.000
120.289  23.860   2.703  -2.055   0.000   0.000   0.000
120.289  23.861   2.707  -2.057   0.000   0.000   0.000
120.290  22.688 -36.522 -19.561   0.000   0.000   0.000
120.290  22.971 -21.038  -1.329   0.000   0.000   0.000
120.291  23.393 -10.595   5.983   0.000   0.000   0.000
120.293  22.759 -29.837 -10.358   0.000   0.000   0.000
120.296  22.712 -37.603 -19.987   0.000   0.000   0.000
120.299  22.895 -24.094  -6.395   0.000   0.000   0.000
120.299  22.648 -36.685 -19.930   0.000   0.000   0.000
120.300  23.478 -10.303   5.598   0.000   0.000   0.000
120.305  22.693 -37.327 -20.276   0.000   0.000   0.000
120.305  23.030 -20.658   0.541   0.000   0.000   0.000
120.305  23.580  -6.805   4.965   0.000   0.000   0.000
120.307  23.412 -10.615   6.242   0.000   0.000   0.000
120.309  22.936 -24.602  -4.890   0.000   0.000   0.000
120.313  23.500  -9.760   5.657   0.000   0.000   0.000
120.314  22.677 -37.416 -20.301   0.000   0.000   0.000
120.316  23.075 -13.291   3.306   0.000   0.000   0.000
120.316  23.076 -13.312   3.326   0.000   0.000   0.000
120.316  22.727 -38.969 -19.239   0.000   0.000   0.000
120.318  22.750 -39.626 -18.858   0.000   0.000   0.000
120.319  22.587 -39.965 -20.020   0.000   0.000   0.000
120.320  23.304 -11.453   7.331   0.000   0.000   0.000
120.320  23.087 -13.876   3.505   0.000   0.000   0.000
120.320  23.922   2.887  -2.157   0.000   0.000   0.000
120.324  22.849 -28.353 -12.845   0.000   0.000   0.000
120.325  23.138 -13.490   4.512   0.000   0.000   0.000
120.326  23.968   3.118  -2.304   0.000   0.000   0.000
120.326  22.728 -39.608 -18.309   0.000   0.000   0.000
120.327  23.171 -12.640   5.240   0.000   0.000   0.000
120.328  23.171 -12.673   5.232   0.000   0.000   0.000
120.328  22.581 -40.490 -20.067   0.000   0.000   0.000
120.329  22.883 -27.050 -11.374   0.000   0.000   0.000
120.331  23.455 -10.562   6.435   0.000   0.000   0.000
120.331  22.726 -39.933 -17.805   0.000   0.000   0.000
120.332  23.123 -14.511   4.097   0.000   0.000   0.000
120.333  22.940 -28.455  -5.874   0.000   0.000   0.000
120.334  23.051 -23.249   0.399   0.000   0.000   0.000
120.334  23.627  -5.169   5.684   0.000   0.000   0.000
120.337  23.026 -24.517  -0.130   0.000   0.000   0.000
120.338  23.720  -1.498   2.241   0.000   0.000   0.000
120.340  23.205 -12.101   5.826   0.000   0.000   0.000
120.342  23.189 -12.822   5.487   0.000   0.000   0.000
120.342  22.526 -38.536 -16.688   0.000   0.000   0.000
120.348  22.919 -30.939  -7.185   0.000   0.000   0.000
120.348  23.021 -26.419   0.032   0.000   0.000   0.000
120.348  23.687  -3.032   4.046   0.000   0.000   0.000
120.348  23.686  -3.050   4.071   0.000   0.000   0.000
120.349  23.227 -11.986   6.029   0.000   0.000   0.000
120.349  22.700 -41.384 -16.925   0.000   0.000   0.000
120.349  23.226 -12.003   6.011   0.000   0.000   0.000
120.349  23.025 -26.344   0.248   0.000   0.000   0.000
120.350  22.581 -41.498 -20.306   0.000   0.000   0.000
120.351  22.628 -41.318 -21.815   0.000   0.000   0.000
120.352  22.904 -31.301  -7.699   0.000   0.000   0.000
120.352  22.905 -31.318  -7.692   0.000   0.000   0.000
120.355  23.101 -17.795   3.373   0.000   0.000   0.000
120.356  22.730 -41.818 -14.615   0.000   0.000   0.000
120.357  22.803 -41.466  -2.097   0.000   0.000   0.000
120.358  22.753 -42.431 -11.356   0.000   0.000   0.000
120.359  23.235 -12.120   5.922   0.000   0.000   0.000
120.361  22.591 -41.990 -20.909   0.000   0.000   0.000
120.362  23.120 -18.090   3.513   0.000   0.000   0.000
120.364  23.113 -18.757   3.344   0.000   0.000   0.000
120.368  23.205 -12.824   5.645   0.000   0.000   0.000
120.369  22.347 -34.836  -4.856   0.000   0.000   0.000
120.371  22.835 -37.730   1.195   0.000   0.000   0.000
120.371  23.193 -13.650   5.423   0.000   0.000   0.000
120.372  23.258 -11.836   5.475   0.000   0.000   0.000
120.374  23.900   1.435  -1.261   0.000   0.000   0.000
120.374  23.257 -11.846   5.372   0.000   0.000   0.000
120.376  22.764 -45.321  -9.143   0.000   0.000   0.000
120.377  23.875   1.035  -0.907   0.000   0.000   0.000
120.378  23.414 -11.523   6.734   0.000   0.000   0.000
120.379  22.341 -34.401  -3.838   0.000   0.000   0.000
120.379  23.500 -10.695   6.644   0.000   0.000   0.000
120.382  22.530 -40.878 -18.944   0.000   0.000   0.000
120.383  22.615 -43.000 -19.954   0.000   0.000   0.000
120.384  23.143 -20.695   3.520   0.000   0.000   0.000
120.385  24.006   1.765  -1.796   0.000   0.000   0.000
120.386  22.987 -30.895  -2.606   0.000   0.000   0.000
120.386  23.294 -11.817   5.414   0.000   0.000   0.000
120.389  22.637 -46.076 -16.870   0.000   0.000   0.000
120.389  23.065 -26.942   0.660   0.000   0.000   0.000
120.390  23.688  -4.186   5.752   0.000   0.000   0.000
120.392  23.796  -0.797   1.175   0.000   0.000   0.000
120.393  23.121 -23.292   3.039   0.000   0.000   0.000
120.394  22.696 -44.055 -15.049   0.000   0.000   0.000
120.394  23.937   1.118  -1.211   0.000   0.000   0.000
120.395  22.606 -43.668 -18.313   0.000   0.000   0.000
120.396  23.428 -11.427   6.706   0.000   0.000   0.000
120.398  22.593 -42.453 -17.723   0.000   0.000   0.000
120.400  23.650  -5.762   7.531   0.000   0.000   0.000
120.400  23.222 -23.860   8.320   0.000   0.000   0.000
120.400  23.222 -23.863   8.328   0.000   0.000   0.000
120.401  23.634  -6.205   7.828   0.000   0.000   0.000
120.403  22.995 -31.087  -2.805   0.000   0.000   0.000
120.403  23.316 -11.491   5.121   0.000   0.000   0.000
120.404  23.317 -11.455   5.126   0.000   0.000   0.000
120.404  23.605  -6.771   7.824   0.000   0.000   0.000
120.405  22.778 -47.965 -10.480   0.000   0.000   0.000
120.406  22.837 -38.981  -5.702   0.000   0.000   0.000
120.406  22.723 -45.175 -13.167   0.000   0.000   0.000
120.406  22.838 -38.903  -5.794   0.000   0.000   0.000
120.408  22.622 -45.520 -15.948   0.000   0.000   0.000
120.408  22.689 -45.159 -14.950   0.000   0.000   0.000
120.411  23.057 -28.819  -0.055   0.000   0.000   0.000
120.412  22.480 -39.117 -11.143   0.000   0.000   0.000
120.414  23.353 -10.892   5.400   0.000   0.000   0.000
120.415  23.577  -7.212   7.406   0.000   0.000   0.000
120.416  22.590 -43.488 -12.551   0.000   0.000   0.000
120.418  23.148 -24.681   3.290   0.000   0.000   0.000
120.419  24.008   0.441  -1.165   0.000   0.000   0.000
120.420  23.798  -1.716   1.928   0.000   0.000   0.000
120.420  22.753 -47.066 -10.811   0.000   0.000   0.000
120.420  22.908 -34.648  -4.229   0.000   0.000   0.000
120.422  23.611  -6.807   8.195   0.000   0.000   0.000
120.422  23.662  -5.864   7.994   0.000   0.000   0.000
120.427  23.496 -10.613   6.639   0.000   0.000   0.000
120.428  23.733  -3.714   5.118   0.000   0.000   0.000
120.429  23.006 -31.648  -3.313   0.000   0.000   0.000
120.430  24.056  -0.237  -1.158   0.000   0.000   0.000
120.430  23.641  -6.476   8.622   0.000   0.000   0.000
120.430  23.078 -28.095  -0.523   0.000   0.000   0.000
120.431  23.714  -4.428   6.220   0.000   0.000   0.000
120.433  23.496 -10.520   6.610   0.000   0.000   0.000
120.435  24.060  -0.513  -1.041   0.000   0.000   0.000
120.435  22.688 -49.294  -5.388   0.000   0.000   0.000
120.437  23.345 -10.574   4.509   0.000   0.000   0.000
120.437  23.219 -24.767   7.814   0.000   0.000   0.000
120.440  23.397 -10.821   5.746   0.000   0.000   0.000
120.441  22.723 -45.226  -8.652   0.000   0.000   0.000
120.445  23.378 -10.395   5.149   0.000   0.000   0.000
120.445  23.378 -10.403   5.156   0.000   0.000   0.000
120.446  23.046 -29.786  -2.323   0.000   0.000   0.000
120.446  23.979  -0.904  -0.248   0.000   0.000   0.000
120.447  23.266 -22.377   9.651   0.000   0.000   0.000
120.448  23.674  -5.954   8.552   0.000   0.000   0.000
120.452  23.273 -22.172   9.364   0.000   0.000   0.000
120.453  23.473 -10.305   6.662   0.000   0.000   0.000
120.455  22.470 -39.296  -6.068   0.000   0.000   0.000
120.456  23.459 -10.458   6.684   0.000   0.000   0.000
120.456  23.534 -10.034   6.838   0.000   0.000   0.000
120.459  23.309 -20.339   9.386   0.000   0.000   0.000
120.460  22.650 -50.285  -6.325   0.000   0.000   0.000
120.460  22.939 -36.847  -4.195   0.000   0.000   0.000
120.460  22.835 -46.684  -7.840   0.000   0.000   0.000
120.461  22.835 -46.642  -7.372   0.000   0.000   0.000
120.462  23.410 -11.271   6.215   0.000   0.000   0.000
120.463  22.593 -47.147  -6.493   0.000   0.000   0.000
120.464  22.847 -49.329   0.192   0.000   0.000   0.000
120.467  23.124 -26.712   0.705   0.000   0.000   0.000
120.467  22.976 -36.256  -3.701   0.000   0.000   0.000
120.467  23.280 -22.463   8.315   0.000   0.000   0.000
120.468  23.384 -10.163   5.306   0.000   0.000   0.000
120.470  23.124 -26.851   0.685   0.000   0.000   0.000
120.472  23.512  -9.670   6.701   0.000   0.000   0.000
120.474  23.344 -19.928  10.102   0.000   0.000   0.000
120.474  23.485  -9.837   6.729   0.000   0.000   0.000
120.474  23.667  -6.146   9.358   0.000   0.000   0.000
120.475  24.090  -2.576   0.353   0.000   0.000   0.000
120.475  23.564 -10.143   7.042   0.000   0.000   0.000
120.476  23.432 -10.981   6.564   0.000   0.000   0.000
120.477  22.666 -50.188  -6.253   0.000   0.000   0.000
120.478  23.893  -3.176   1.285   0.000   0.000   0.000
120.478  23.590  -5.706   8.706   0.000   0.000   0.000
120.480  23.045 -31.907  -3.178   0.000   0.000   0.000
120.481  22.890 -46.711  -7.156   0.000   0.000   0.000
120.481  23.428 -11.188   6.624   0.000   0.000   0.000
120.481  23.558  -9.802   6.929   0.000   0.000   0.000
120.481  23.870  -3.514   1.689   0.000   0.000   0.000
120.482  23.484  -9.847   6.663   0.000   0.000   0.000
120.482  22.509 -42.429  -4.558   0.000   0.000   0.000
120.483  22.900 -33.693  -2.807   0.000   0.000   0.000
120.483  23.643  -6.124   9.489   0.000   0.000   0.000
120.484  22.614 -48.949  -5.799   0.000   0.000   0.000
120.486  23.791  -4.332   4.186   0.000   0.000   0.000
120.488  23.605  -5.729   8.974   0.000   0.000   0.000
120.488  23.059 -31.589  -2.921   0.000   0.000   0.000
120.490  26.368  -3.655   7.453   0.000   0.000   0.000
120.490  22.736 -50.740  -5.398   0.000   0.000   0.000
120.494  22.886 -43.817  -7.132   0.000   0.000   0.000
120.495  23.076 -31.144  -2.352   0.000   0.000   0.000
120.496  22.782 -51.030  -5.683   0.000   0.000   0.000
120.496  23.617  -5.625   9.122   0.000   0.000   0.000
120.496  23.220 -26.059   4.909   0.000   0.000   0.000
120.497  23.220 -26.097   4.857   0.000   0.000   0.000
120.497  23.370 -16.989   9.505   0.000   0.000   0.000
120.497  23.220 -26.101   4.852   0.000   0.000   0.000
120.498  23.402 -13.119   7.295   0.000   0.000   0.000
120.498  23.854  -4.386   2.456   0.000   0.000   0.000
120.498  24.117  -3.367   1.770   0.000   0.000   0.000
120.499  23.508  -9.690   6.725   0.000   0.000   0.000
120.501  24.199  -3.108   3.006   0.000   0.000   0.000
120.501  23.661  -5.873   9.706   0.000   0.000   0.000
120.503  22.942 -38.827  -3.035   0.000   0.000   0.000
120.504  22.606 -48.673  -5.108   0.000   0.000   0.000
120.505  23.490 -10.002   6.622   0.000   0.000   0.000
120.506  23.524  -9.487   6.666   0.000   0.000   0.000
120.506  22.820 -50.011  -5.357   0.000   0.000   0.000
120.507  23.331 -20.774   8.292   0.000   0.000   0.000
120.507  23.953  -4.482   2.076   0.000   0.000   0.000
120.508  23.331 -20.810   8.243   0.000   0.000   0.000
120.509  23.459 -11.180   6.554   0.000   0.000   0.000
120.509  23.901  -4.744   2.212   0.000   0.000   0.000
120.512  23.403 -14.358   7.144   0.000   0.000   0.000
120.512  24.097  -3.725   2.388   0.000   0.000   0.000
120.514  24.037  -4.343   2.254   0.000   0.000   0.000
120.519  22.898 -44.246  -4.667   0.000   0.000   0.000
120.520  23.570  -9.528   6.593   0.000   0.000   0.000
120.520  23.965  -5.100   2.646   0.000   0.000   0.000
120.520  23.531  -9.671   6.576   0.000   0.000   0.000
120.523  23.920  -5.322   2.650   0.000   0.000   0.000
120.524  23.595  -5.058   8.498   0.000   0.000   0.000
120.524  23.423 -14.741   6.712   0.000   0.000   0.000
120.525  22.677 -50.858  -5.183   0.000   0.000   0.000
120.525  23.985  -5.206   2.889   0.000   0.000   0.000
120.526  22.621 -49.215  -4.710   0.000   0.000   0.000
120.526  24.025  -5.002   2.886   0.000   0.000   0.000
120.526  23.187 -29.000   2.953   0.000   0.000   0.000
120.528  22.759 -52.001  -5.169   0.000   0.000   0.000
120.530  24.184  -3.040   4.139   0.000   0.000   0.000
120.532  22.739 -52.011  -4.831   0.000   0.000   0.000
120.533  22.830 -49.028  -5.600   0.000   0.000   0.000
120.535  23.871  -5.674   3.294   0.000   0.000   0.000
120.535  24.291  -2.270   4.287   0.000   0.000   0.000
120.537  23.251 -26.867   3.918   0.000   0.000   0.000
120.537  23.612  -5.204   8.566   0.000   0.000   0.000
120.544  23.824  -5.666   4.450   0.000   0.000   0.000
120.544  22.977 -39.489  -4.010   0.000   0.000   0.000
120.545  23.925  -6.011   3.477   0.000   0.000   0.000
120.547  23.514 -12.170   6.501   0.000   0.000   0.000
120.548  22.998 -38.905  -3.886   0.000   0.000   0.000
120.549  23.413 -20.076   6.410   0.000   0.000   0.000
120.549  23.536 -11.520   6.363   0.000   0.000   0.000
120.550  22.495 -43.800  -0.249   0.000   0.000   0.000
120.552  24.016  -6.077   4.233   0.000   0.000   0.000
120.553  23.520 -12.500   6.451   0.000   0.000   0.000
120.553  23.463 -17.029   7.380   0.000   0.000   0.000
120.554  22.900 -45.616  -4.082   0.000   0.000   0.000
120.554  24.188  -3.042   4.937   0.000   0.000   0.000
120.554  23.466 -17.004   7.438   0.000   0.000   0.000
120.554  23.522 -12.575   6.420   0.000   0.000   0.000
120.554  23.626  -5.468   8.730   0.000   0.000   0.000
120.555  23.626  -5.451   8.762   0.000   0.000   0.000
120.555  23.049 -37.784  -3.296   0.000   0.000   0.000
120.556  23.466 -17.338   7.507   0.000   0.000   0.000
120.557  23.427 -20.409   6.749   0.000   0.000   0.000
120.557  23.578 -10.930   6.383   0.000   0.000   0.000
120.557  23.855  -5.905   4.198   0.000   0.000   0.000
120.557  24.066  -5.596   4.344   0.000   0.000   0.000
120.558  23.485 -15.831   7.380   0.000   0.000   0.000
120.560  23.886  -6.024   4.043   0.000   0.000   0.000
120.560  22.990 -40.090  -4.021   0.000   0.000   0.000
120.562  23.023 -39.208  -3.567   0.000   0.000   0.000
120.562  24.312  -1.591   4.846   0.000   0.000   0.000
120.563  23.769  -5.431   6.842   0.000   0.000   0.000
120.565  22.661 -50.844  -3.422   0.000   0.000   0.000
120.565  23.249 -29.439   3.011   0.000   0.000   0.000
120.566  22.609 -48.877  -2.440   0.000   0.000   0.000
120.566  23.988  -6.454   4.689   0.000   0.000   0.000
120.567  23.645  -5.510   9.258   0.000   0.000   0.000
120.567  23.816  -5.604   5.302   0.000   0.000   0.000
120.568  23.567 -12.409   6.472   0.000   0.000   0.000
120.569  24.073  -5.678   4.832   0.000   0.000   0.000
120.569  23.685  -5.099   9.120   0.000   0.000   0.000
120.571  22.504 -44.886   0.947   0.000   0.000   0.000
120.573  23.437 -20.950   6.607   0.000   0.000   0.000
120.574  23.398 -22.634   4.794   0.000   0.000   0.000
120.575  23.596 -11.689   6.772   0.000   0.000   0.000
120.576  24.181  -3.402   5.262   0.000   0.000   0.000
120.577  23.615  -6.556   8.846   0.000   0.000   0.000
120.577  23.553 -14.542   6.606   0.000   0.000   0.000
120.577  23.362 -24.505   4.334   0.000   0.000   0.000
120.578  23.825  -5.542   5.403   0.000   0.000   0.000
120.578  24.228  -2.698   5.512   0.000   0.000   0.000
120.580  22.430 -41.333   3.486   0.000   0.000   0.000
120.582  24.271  -1.844   5.638   0.000   0.000   0.000
120.582  23.919  -6.097   4.783   0.000   0.000   0.000
120.585  24.138  -4.514   5.302   0.000   0.000   0.000
120.585  23.251 -31.175   2.494   0.000   0.000   0.000
120.586  23.898  -5.854   4.835   0.000   0.000   0.000
120.587  24.049  -6.463   5.289   0.000   0.000   0.000
120.587  23.687  -5.292   8.999   0.000   0.000   0.000
120.588  22.509 -45.530   2.141   0.000   0.000   0.000
120.589  24.250  -2.408   5.764   0.000   0.000   0.000
120.589  23.646  -6.405   9.509   0.000   0.000   0.000
120.589  24.379  -1.050   4.303   0.000   0.000   0.000
120.591  23.080 -39.490  -2.108   0.000   0.000   0.000
120.592  23.757  -4.945   7.519   0.000   0.000   0.000
120.593  23.561 -16.464   7.439   0.000   0.000   0.000
120.594  22.365 -38.328   6.320   0.000   0.000   0.000
120.594  23.841  -5.282   5.569   0.000   0.000   0.000
120.594  22.571 -47.966   0.936   0.000   0.000   0.000
120.595  22.631 -50.050  -0.480   0.000   0.000   0.000
120.595  22.410 -40.766   5.367   0.000   0.000   0.000
120.596  23.595 -13.770   7.464   0.000   0.000   0.000
120.597  23.767  -4.832   7.347   0.000   0.000   0.000
120.601  24.280  -1.821   5.771   0.000   0.000   0.000
120.601  22.363 -38.506   6.826   0.000   0.000   0.000
120.602  22.667 -51.288  -0.008   0.000   0.000   0.000
120.602  23.744  -4.755   7.951   0.000   0.000   0.000
120.602  22.386 -39.807   6.502   0.000   0.000   0.000
120.604  23.459 -22.455   6.394   0.000   0.000   0.000
120.604  23.686  -5.825   8.959   0.000   0.000   0.000
120.605  23.830  -4.981   6.017   0.000   0.000   0.000
120.606  23.561 -17.424   7.796   0.000   0.000   0.000
120.606  22.645 -50.685   0.669   0.000   0.000   0.000
120.606  23.852  -5.117   5.737   0.000   0.000   0.000
120.606  24.091  -5.879   5.618   0.000   0.000   0.000
120.607  24.299  -1.461   5.569   0.000   0.000   0.000
120.607  23.561 -17.445   7.811   0.000   0.000   0.000
120.607  23.612 -13.755   7.619   0.000   0.000   0.000
120.608  23.612 -13.815   7.648   0.000   0.000   0.000
120.610  22.702 -51.941   0.556   0.000   0.000   0.000
120.610  22.849 -50.039  -2.272   0.000   0.000   0.000
120.611  22.791 -51.510  -1.338   0.000   0.000   0.000
120.611  22.726 -52.259   0.154   0.000   0.000   0.000
120.612  22.550 -47.516   3.437   0.000   0.000   0.000
120.612  23.418 -26.002   5.514   0.000   0.000   0.000
120.615  23.631  -9.436  10.928   0.000   0.000   0.000
120.615  22.592 -49.059   2.730   0.000   0.000   0.000
120.616  24.351  -0.913   5.101   0.000   0.000   0.000
120.623  22.330 -37.647   8.929   0.000   0.000   0.000
120.623  23.214 -35.652   1.031   0.000   0.000   0.000
120.623  23.971  -5.837   5.880   0.000   0.000   0.000
120.625  23.502 -21.523   6.564   0.000   0.000   0.000
120.625  24.362  -0.874   5.080   0.000   0.000   0.000
120.626  22.361 -39.255   8.942   0.000   0.000   0.000
120.627  22.528 -46.839   5.871   0.000   0.000   0.000
120.627  23.583 -16.940   8.612   0.000   0.000   0.000
120.628  22.428 -42.530   8.537   0.000   0.000   0.000
120.628  24.421  -0.618   4.517   0.000   0.000   0.000
120.629  24.421  -0.612   4.540   0.000   0.000   0.000
120.630  22.653 -50.770   3.792   0.000   0.000   0.000
120.632  23.842  -4.555   6.496   0.000   0.000   0.000
120.632  22.591 -49.191   5.016   0.000   0.000   0.000
120.632  24.157  -4.766   5.654   0.000   0.000   0.000
120.633  22.810 -51.170   0.959   0.000   0.000   0.000
120.633  22.996 -44.654  -1.174   0.000   0.000   0.000
120.634  23.542 -19.815   7.265   0.000   0.000   0.000
120.634  24.153  -4.838   5.668   0.000   0.000   0.000
120.635  24.276  -2.425   5.993   0.000   0.000   0.000
120.635  23.928  -5.066   6.208   0.000   0.000   0.000
120.635  22.864 -50.069   0.292   0.000   0.000   0.000
120.635  22.993 -44.836  -0.934   0.000   0.000   0.000
120.636  23.916  -4.932   6.257   0.000   0.000   0.000
120.638  22.627 -50.256   5.036   0.000   0.000   0.000
120.639  23.925  -4.963   6.279   0.000   0.000   0.000
120.640  23.986  -5.689   6.046   0.000   0.000   0.000
120.640  23.756  -4.527   7.954   0.000   0.000   0.000
120.641  22.717 -51.448   4.242   0.000   0.000   0.000
120.641  23.756  -4.533   7.963   0.000   0.000   0.000
120.641  22.817 -51.077   1.930   0.000   0.000   0.000
120.643  22.436 -42.858   9.943   0.000   0.000   0.000
120.643  24.015  -5.812   6.012   0.000   0.000   0.000
120.643  23.800  -4.265   7.331   0.000   0.000   0.000
120.645  22.766 -51.532   3.769   0.000   0.000   0.000
120.646  22.706 -51.194   4.977   0.000   0.000   0.000
120.646  23.870  -4.503   6.688   0.000   0.000   0.000
120.646  23.870  -4.503   6.692   0.000   0.000   0.000
120.648  24.095  -5.701   5.816   0.000   0.000   0.000
120.648  24.094  -5.703   5.817   0.000   0.000   0.000
120.650  22.527 -46.627   8.616   0.000   0.000   0.000
120.650  24.178  -4.505   5.474   0.000   0.000   0.000
120.650  24.406  -0.672   5.049   0.000   0.000   0.000
120.650  24.031  -5.826   5.928   0.000   0.000   0.000
120.651  24.222  -3.711   5.395   0.000   0.000   0.000
120.652  22.582 -48.836   7.589   0.000   0.000   0.000
120.652  22.708 -50.954   5.576   0.000   0.000   0.000
120.653  24.334  -1.335   5.461   0.000   0.000   0.000
120.653  22.266 -35.678  10.393   0.000   0.000   0.000
120.655  23.483 -24.821   6.198   0.000   0.000   0.000
120.655  23.714  -6.261   8.597   0.000   0.000   0.000
120.655  24.356  -1.056   5.385   0.000   0.000   0.000
120.655  24.356  -1.057   5.386   0.000   0.000   0.000
120.657  23.646 -18.445  16.011   0.000   0.000   0.000
120.659  24.273  -2.824   5.968   0.000   0.000   0.000
120.660  23.504 -23.704   6.863   0.000   0.000   0.000
120.662  23.837  -4.314   7.334   0.000   0.000   0.000
120.663  23.032 -44.321   2.120   0.000   0.000   0.000
120.664  23.541 -22.012   7.807   0.000   0.000   0.000
120.666  23.664 -10.151   8.608   0.000   0.000   0.000
120.666  23.300 -33.903   3.145   0.000   0.000   0.000
120.667  23.728  -5.827   8.588   0.000   0.000   0.000
120.668  24.036  -5.570   6.100   0.000   0.000   0.000
120.668  23.383 -31.111   5.003   0.000   0.000   0.000
120.669  23.851  -4.385   7.423   0.000   0.000   0.000
120.673  23.929  -4.736   7.028   0.000   0.000   0.000
120.673  23.073 -43.188   2.093   0.000   0.000   0.000
120.678  24.311  -2.215   5.704   0.000   0.000   0.000
120.680  24.492  -0.664   4.776   0.000   0.000   0.000
120.683  23.338 -33.046   4.204   0.000   0.000   0.000
120.684  23.894  -4.593   7.597   0.000   0.000   0.000
120.686  23.763  -4.451   8.250   0.000   0.000   0.000
120.687  22.412 -41.999  12.564   0.000   0.000   0.000
120.689  23.979  -5.377   6.991   0.000   0.000   0.000
120.689  22.034 -41.674   4.341   0.000   0.000   0.000
120.692  24.272  -3.370   5.600   0.000   0.000   0.000
120.693  22.190 -33.859   9.585   0.000   0.000   0.000
120.695  24.461  -0.991   5.628   0.000   0.000   0.000
120.696  24.389  -1.246   5.539   0.000   0.000   0.000
120.698  23.502 -25.839   7.181   0.000   0.000   0.000
120.698  24.028  -5.052   6.839   0.000   0.000   0.000
120.698  23.947  -5.063   8.152   0.000   0.000   0.000
120.698  23.946  -5.065   8.174   0.000   0.000   0.000
120.698  22.010 -40.796   2.060   0.000   0.000   0.000
120.699  24.043  -5.019   6.864   0.000   0.000   0.000
120.700  24.042  -5.015   6.877   0.000   0.000   0.000
120.703  23.109 -41.466   3.610   0.000   0.000   0.000
120.704  22.916 -48.168   6.966   0.000   0.000   0.000
120.704  24.213  -4.236   5.121   0.000   0.000   0.000
120.704  24.473  -0.961   5.647   0.000   0.000   0.000
120.712  22.056 -36.974   4.807   0.000   0.000   0.000
120.712  22.056 -36.948   4.758   0.000   0.000   0.000
120.713  23.891 -16.060   8.832   0.000   0.000   0.000
120.715  22.278 -38.356  11.600   0.000   0.000   0.000
120.715  24.308  -3.159   5.632   0.000   0.000   0.000
120.715  23.479 -27.721   6.780   0.000   0.000   0.000
120.715  21.984 -39.529   1.591   0.000   0.000   0.000
120.715  24.329  -2.622   5.540   0.000   0.000   0.000
120.716  22.074 -35.495   5.072   0.000   0.000   0.000
120.718  24.261  -3.882   5.019   0.000   0.000   0.000
120.720  23.985 -16.743   8.374   0.000   0.000   0.000
120.720  24.094  -5.224   5.706   0.000   0.000   0.000
120.720  23.405 -31.535   5.787   0.000   0.000   0.000
120.720  24.132  -4.930   6.098   0.000   0.000   0.000
120.720  23.533 -25.315   8.173   0.000   0.000   0.000
120.721  22.023 -37.821   3.425   0.000   0.000   0.000
120.721  23.275 -36.043   3.345   0.000   0.000   0.000
120.722  21.946 -40.189   2.500   0.000   0.000   0.000
120.724  23.556 -24.568   8.758   0.000   0.000   0.000
120.725  24.035 -15.688   9.964   0.000   0.000   0.000
120.725  24.035 -15.698  10.001   0.000   0.000   0.000
120.727  22.056 -37.114   4.105   0.000   0.000   0.000
120.728  23.836 -16.544   9.371   0.000   0.000   0.000
120.728  22.749 -49.298   8.400   0.000   0.000   0.000
120.730  24.377  -2.214   5.379   0.000   0.000   0.000
120.732  22.745 -49.212   8.429   0.000   0.000   0.000
120.732  21.941 -38.322   2.062   0.000   0.000   0.000
120.735  21.970 -36.810   2.488   0.000   0.000   0.000
120.737  24.145 -16.105   4.618   0.000   0.000   0.000
120.737  23.767 -22.375   9.324   0.000   0.000   0.000
120.739  24.308  -3.834   5.323   0.000   0.000   0.000
120.740  23.886 -16.547   9.368   0.000   0.000   0.000
120.740  23.529 -26.221   8.177   0.000   0.000   0.000
120.740  21.956 -37.060   1.856   0.000   0.000   0.000
120.745  21.949 -37.459   1.856   0.000   0.000   0.000
120.746  23.960 -17.040   9.503   0.000   0.000   0.000
120.746  22.004 -37.963   2.528   0.000   0.000   0.000
120.747  21.991 -37.800   2.457   0.000   0.000   0.000
120.747  22.007 -37.960   2.563   0.000   0.000   0.000
120.749  23.454 -29.832   6.651   0.000   0.000   0.000
120.749  24.405  -2.672   5.727   0.000   0.000   0.000
120.749  22.096 -34.862   5.194   0.000   0.000   0.000
120.750  24.103 -16.355   8.491   0.000   0.000   0.000
120.751  23.833 -16.571  10.265   0.000   0.000   0.000
120.751  24.326  -3.817   5.334   0.000   0.000   0.000
120.752  22.204 -35.674   9.935   0.000   0.000   0.000
120.752  24.528  -1.206   5.156   0.000   0.000   0.000
120.752  22.204 -35.685   9.939   0.000   0.000   0.000
120.752  24.123 -16.557   7.245   0.000   0.000   0.000
120.752  24.468  -2.097   6.305   0.000   0.000   0.000
120.753  22.030 -38.209   2.827   0.000   0.000   0.000
120.758  22.728 -48.793   8.141   0.000   0.000   0.000
120.760  21.992 -38.246   2.183   0.000   0.000   0.000
120.764  22.071 -36.156   4.094   0.000   0.000   0.000
120.764  23.159 -37.796   5.049   0.000   0.000   0.000
120.764  24.601  -0.285   2.919   0.000   0.000   0.000
120.765  23.160 -37.817   5.002   0.000   0.000   0.000
120.766  24.110 -16.204   8.814   0.000   0.000   0.000
120.767  24.344  -4.022   5.220   0.000   0.000   0.000
120.768  23.746 -22.884  10.656   0.000   0.000   0.000
120.769  23.665 -24.072  11.791   0.000   0.000   0.000
120.769  24.414  -3.455   5.908   0.000   0.000   0.000
120.773  22.126 -34.633   6.784   0.000   0.000   0.000
120.773  22.126 -34.636   6.773   0.000   0.000   0.000
120.774  24.646   0.506   1.944   0.000   0.000   0.000
120.774  23.756 -22.521  10.791   0.000   0.000   0.000
120.779  21.968 -37.854   1.699   0.000   0.000   0.000
120.782  24.343  -4.468   5.177   0.000   0.000   0.000
120.782  21.949 -37.761   1.432   0.000   0.000   0.000
120.783  23.982 -17.463  11.535   0.000   0.000   0.000
120.785  24.334  -4.543   5.034   0.000   0.000   0.000
120.785  24.465  -3.254   6.614   0.000   0.000   0.000
120.786  24.421  -4.113   6.087   0.000   0.000   0.000
120.788  24.299  -4.615   3.696   0.000   0.000   0.000
120.790  24.257 -13.011  10.390   0.000   0.000   0.000
120.813  23.508 -29.474   8.186   0.000   0.000   0.000
120.856  23.684 -26.719  12.062   0.000   0.000   0.000
120.790  24.310  -4.474   4.128   0.000   0.000   0.000
120.799  23.884 -25.757  11.367   0.000   0.000   0.000
120.801  24.226 -14.813   9.348   0.000   0.000   0.000
120.802  21.983 -37.184   2.040   0.000   0.000   0.000
120.803  24.180 -15.258   9.132   0.000   0.000   0.000
120.806  24.544  -2.049   5.522   0.000   0.000   0.000
120.808  21.966 -37.202   1.694   0.000   0.000   0.000
120.810  24.430  -4.757   6.411   0.000   0.000   0.000
120.810  24.584  -1.371   4.292   0.000   0.000   0.000
120.811  24.375  -5.540   5.517   0.000   0.000   0.000
120.812  24.463  -4.072   6.756   0.000   0.000   0.000
120.817  22.005 -36.972   2.597   0.000   0.000   0.000
120.817  22.039 -36.492   3.553   0.000   0.000   0.000
120.818  22.006 -36.965   2.616   0.000   0.000   0.000
120.818  23.883 -25.707  13.240   0.000   0.000   0.000
120.823  24.011 -24.461  13.855   0.000   0.000   0.000
120.823  24.325  -4.934   4.927   0.000   0.000   0.000
120.824  24.312  -4.270   4.304   0.000   0.000   0.000
120.825  24.028 -24.289  12.925   0.000   0.000   0.000
120.826  24.348  -5.562   5.818   0.000   0.000   0.000
120.826  23.264 -35.020   5.062   0.000   0.000   0.000
120.827  24.263 -12.210   9.890   0.000   0.000   0.000
120.829  22.075 -35.939   4.981   0.000   0.000   0.000
120.829  23.945 -24.943  14.791   0.000   0.000   0.000
120.836  24.314 -11.758  12.131   0.000   0.000   0.000
120.837  22.176 -35.389   8.995   0.000   0.000   0.000
120.838  22.176 -35.386   8.994   0.000   0.000   0.000
120.838  22.020 -36.861   3.242   0.000   0.000   0.000
120.838  23.855 -26.629  14.482   0.000   0.000   0.000
120.843  24.374  -6.168   6.922   0.000   0.000   0.000
120.846  21.989 -37.171   2.631   0.000   0.000   0.000
120.847  22.125 -35.410   7.354   0.000   0.000   0.000
120.847  22.125 -35.417   7.331   0.000   0.000   0.000
120.848  24.338  -6.330   7.594   0.000   0.000   0.000
120.849  24.299 -11.733  11.664   0.000   0.000   0.000
120.850  23.813 -27.505  14.629   0.000   0.000   0.000
120.851  24.576  -4.716   6.312   0.000   0.000   0.000
120.853  23.697 -26.551  12.481   0.000   0.000   0.000
120.856  23.738 -27.228  13.965   0.000   0.000   0.000
120.862  24.419  -5.463   6.885   0.000   0.000   0.000
120.864  24.160 -20.862  14.968   0.000   0.000   0.000
120.864  24.160 -20.858  14.985   0.000   0.000   0.000
120.865  22.311 -37.276  10.604   0.000   0.000   0.000
120.866  24.353  -7.008   8.418   0.000   0.000   0.000
120.869  23.950 -26.315  16.312   0.000   0.000   0.000
120.870  24.554  -5.641   7.329   0.000   0.000   0.000
120.871  24.282 -11.661  11.434   0.000   0.000   0.000
120.871  23.884 -27.101  15.765   0.000   0.000   0.000
120.872  24.423  -5.663   7.079   0.000   0.000   0.000
120.872  24.428  -5.615   7.027   0.000   0.000   0.000
120.874  22.111 -35.653   7.533   0.000   0.000   0.000
120.875  24.684  -2.788   3.143   0.000   0.000   0.000
120.876  22.294 -36.610  10.903   0.000   0.000   0.000
120.878  22.189 -35.291  10.049   0.000   0.000   0.000
120.883  24.381  -7.204   8.171   0.000   0.000   0.000
120.885  23.608 -28.897  10.104   0.000   0.000   0.000
120.886  24.586  -4.402   7.427   0.000   0.000   0.000
120.886  24.604  -3.493   6.857   0.000   0.000   0.000
120.890  22.341 -37.013  10.952   0.000   0.000   0.000
120.890  24.476  -6.389   7.744   0.000   0.000   0.000
120.893  22.090 -36.209   7.398   0.000   0.000   0.000
120.895  24.171 -20.649  16.472   0.000   0.000   0.000
120.895  24.626  -3.134   6.332   0.000   0.000   0.000
120.898  24.697  -4.856   5.411   0.000   0.000   0.000
120.899  24.582  -4.527   7.706   0.000   0.000   0.000
120.908  24.291 -10.319  11.371   0.000   0.000   0.000
120.908  23.951 -26.177  17.051   0.000   0.000   0.000
120.908  23.881 -27.205  16.778   0.000   0.000   0.000
120.909  24.291 -10.304  11.371   0.000   0.000   0.000
120.911  23.868 -27.429  16.641   0.000   0.000   0.000
120.912  24.765  -4.906   6.131   0.000   0.000   0.000
120.915  24.618  -3.728   7.368   0.000   0.000   0.000
120.916  23.278 -33.028   6.399   0.000   0.000   0.000
120.918  23.798 -28.460  15.664   0.000   0.000   0.000
120.922  24.845   0.386   4.332   0.000   0.000   0.000
120.923  24.814   0.139   3.460   0.000   0.000   0.000
120.925  24.662  -3.960   6.754   0.000   0.000   0.000
120.927  24.605  -4.139   7.843   0.000   0.000   0.000
120.930  24.183 -19.985  17.450   0.000   0.000   0.000
120.932  23.795 -28.435  15.889   0.000   0.000   0.000
120.933  24.043 -23.455  17.873   0.000   0.000   0.000
120.934  23.954 -25.955  17.322   0.000   0.000   0.000
120.935  24.686  -4.478   6.995   0.000   0.000   0.000
120.935  23.848 -27.661  16.839   0.000   0.000   0.000
120.937  24.573  -4.554   8.010   0.000   0.000   0.000
120.940  24.838   0.138   3.962   0.000   0.000   0.000
120.941  24.465  -7.597   9.085   0.000   0.000   0.000
120.941  24.805  -0.111   3.733   0.000   0.000   0.000
120.944  22.478 -38.668  10.882   0.000   0.000   0.000
120.945  24.755  -3.313   6.451   0.000   0.000   0.000
120.947  24.359  -8.315  11.067   0.000   0.000   0.000
120.950  24.715  -4.221   7.193   0.000   0.000   0.000
120.953  24.790  -0.559   4.286   0.000   0.000   0.000
120.956  23.949 -26.227  17.588   0.000   0.000   0.000
120.956  24.656  -4.042   8.177   0.000   0.000   0.000
120.957  24.012 -24.213  17.929   0.000   0.000   0.000
120.959  23.487 -30.583  10.856   0.000   0.000   0.000
120.960  24.803  -0.396   3.901   0.000   0.000   0.000
120.960  22.649 -44.142   8.660   0.000   0.000   0.000
120.961  24.799  -0.496   4.016   0.000   0.000   0.000
120.963  24.862  -0.131   3.990   0.000   0.000   0.000
120.964  24.841  -0.055   3.748   0.000   0.000   0.000
120.967  22.533 -39.827  11.010   0.000   0.000   0.000
120.968  24.733  -3.362   7.155   0.000   0.000   0.000
120.969  24.064 -22.397  19.249   0.000   0.000   0.000
120.971  24.543  -6.232   9.071   0.000   0.000   0.000
120.972  24.388  -8.029  11.185   0.000   0.000   0.000
120.973  24.635  -3.908   8.822   0.000   0.000   0.000
120.976  24.805  -0.446   4.005   0.000   0.000   0.000
120.976  24.539  -6.405   9.229   0.000   0.000   0.000
120.976  24.539  -6.412   9.233   0.000   0.000   0.000
120.979  24.636  -3.962   8.790   0.000   0.000   0.000
120.982  23.974 -25.677  17.985   0.000   0.000   0.000
120.982  24.921  -1.265   5.254   0.000   0.000   0.000
120.982  24.810  -0.416   3.925   0.000   0.000   0.000
120.985  24.793  -0.806   4.547   0.000   0.000   0.000
120.986  24.398  -7.901  11.458   0.000   0.000   0.000
120.987  24.573  -5.586   9.306   0.000   0.000   0.000
120.987  24.798  -0.701   4.355   0.000   0.000   0.000
120.987  24.798  -0.701   4.356   0.000   0.000   0.000
120.989  24.686  -3.792   8.601   0.000   0.000   0.000
120.990  24.767  -1.554   5.788   0.000   0.000   0.000
120.990  24.767  -1.552   5.793   0.000   0.000   0.000
120.994  24.799  -0.694   4.380   0.000   0.000   0.000
120.994  23.793 -29.125  17.233   0.000   0.000   0.000
120.997  24.789  -0.909   4.796   0.000   0.000   0.000
121.000  24.601  -5.298   9.178   0.000   0.000   0.000
121.000  24.711  -3.310   8.352   0.000   0.000   0.000
121.003  24.839  -0.255   3.491   0.000   0.000   0.000
121.007  24.202 -17.729  17.881   0.000   0.000   0.000
121.007  24.203 -17.657  17.855   0.000   0.000   0.000
121.007  24.405  -7.785  12.047   0.000   0.000   0.000
121.007  22.616 -42.124  12.026   0.000   0.000   0.000
121.009  24.858  -0.501   3.460   0.000   0.000   0.000
121.009  24.629  -4.426   8.983   0.000   0.000   0.000
121.009  24.788  -0.979   4.971   0.000   0.000   0.000
121.010  24.933  -1.792   5.246   0.000   0.000   0.000
121.013  24.788  -0.975   5.014   0.000   0.000   0.000
121.014  24.827  -0.233   3.792   0.000   0.000   0.000
121.014  24.828  -0.230   3.788   0.000   0.000   0.000
121.016  24.779  -1.180   5.481   0.000   0.000   0.000
121.018  24.766  -1.512   6.128   0.000   0.000   0.000
121.020  24.875  -1.174   3.698   0.000   0.000   0.000
121.022  24.741  -2.233   7.356   0.000   0.000   0.000
121.022  22.678 -44.208  11.609   0.000   0.000   0.000
121.026  24.281 -12.032  16.723   0.000   0.000   0.000
121.027  24.975  -1.260   5.680   0.000   0.000   0.000
121.027  23.201 -34.963   7.565   0.000   0.000   0.000
121.028  24.866  -1.063   3.614   0.000   0.000   0.000
121.029  24.092 -22.325  20.158   0.000   0.000   0.000
121.030  24.780  -1.112   5.675   0.000   0.000   0.000
121.038  24.899  -2.106   4.073   0.000   0.000   0.000
121.040  24.957  -1.884   5.335   0.000   0.000   0.000
121.040  24.600  -4.958   9.604   0.000   0.000   0.000
121.041  23.169 -36.055   7.076   0.000   0.000   0.000
121.042  24.748  -1.842   7.256   0.000   0.000   0.000
121.044  24.777  -1.083   6.029   0.000   0.000   0.000
121.050  24.806  -0.402   5.038   0.000   0.000   0.000
121.053  22.791 -45.537   7.932   0.000   0.000   0.000
121.059  24.675  -3.222   9.294   0.000   0.000   0.000
121.059  24.675  -3.219   9.294   0.000   0.000   0.000
121.063  22.765 -45.244  10.798   0.000   0.000   0.000
121.080  25.041  -0.509   5.540   0.000   0.000   0.000
121.081  22.765 -44.936  13.311   0.000   0.000   0.000
121.083  22.836 -41.373   7.182   0.000   0.000   0.000
121.085  24.909  -2.352   4.133   0.000   0.000   0.000
121.086  24.774  -0.746   6.739   0.000   0.000   0.000
121.086  24.853   0.330   5.022   0.000   0.000   0.000
121.087  24.579  -5.274  10.283   0.000   0.000   0.000
121.087  24.734  -1.653   8.044   0.000   0.000   0.000
121.091  22.861 -38.753   4.989   0.000   0.000   0.000
121.092  24.761  -0.931   7.225   0.000   0.000   0.000
121.095  24.888  -1.706   4.780   0.000   0.000   0.000
121.098  24.707  -2.197   8.715   0.000   0.000   0.000
121.098  24.713  -2.051   8.582   0.000   0.000   0.000
121.102  24.975  -1.865   4.657   0.000   0.000   0.000
121.109  23.968 -27.174  20.769   0.000   0.000   0.000
121.109  22.810 -46.139   9.365   0.000   0.000   0.000
121.113  22.952 -37.091   5.503   0.000   0.000   0.000
121.116  24.957  -1.850   4.336   0.000   0.000   0.000
121.117  23.988 -26.506  20.993   0.000   0.000   0.000
121.117  23.988 -26.500  20.999   0.000   0.000   0.000
121.117  24.848  -0.139   5.815   0.000   0.000   0.000
121.121  24.809   0.176   6.454   0.000   0.000   0.000
121.122  24.662  -3.315   9.333   0.000   0.000   0.000
121.123  22.801 -40.395  14.002   0.000   0.000   0.000
121.126  23.132 -37.603   8.574   0.000   0.000   0.000
121.128  24.696  -2.322   8.823   0.000   0.000   0.000
121.131  22.906 -43.191  12.141   0.000   0.000   0.000
121.137  22.979 -37.211   9.536   0.000   0.000   0.000
121.138  24.920  -1.720   4.765   0.000   0.000   0.000
121.138  25.013  -1.207   4.764   0.000   0.000   0.000
121.138  22.779 -55.963  45.957   0.000   0.000   0.000
121.141  25.055  -0.741   5.378   0.000   0.000   0.000
121.141  24.845  -0.573   6.838   0.000   0.000   0.000
121.142  24.964  -1.412   4.231   0.000   0.000   0.000
121.144  25.046  -0.862   5.236   0.000   0.000   0.000
121.145  22.932 -41.999  14.119   0.000   0.000   0.000
121.147  24.905  -1.604   5.316   0.000   0.000   0.000
121.148  22.747 -52.333  28.114   0.000   0.000   0.000
121.154  22.901 -44.857  51.574   0.000   0.000   0.000
121.155  22.760 -56.707  32.804   0.000   0.000   0.000
121.158  23.048 -37.222  12.038   0.000   0.000   0.000
121.160  23.044 -37.393  12.275   0.000   0.000   0.000
121.161  22.942 -41.153  14.761   0.000   0.000   0.000
121.161  24.739  -0.916   8.225   0.000   0.000   0.000
121.162  25.000  -0.882   4.266   0.000   0.000   0.000
121.164  24.937  -1.191   4.737   0.000   0.000   0.000
121.164  23.050 -37.543  13.002   0.000   0.000   0.000
121.165  24.954  -1.108   4.426   0.000   0.000   0.000
121.166  22.942 -38.514  54.503   0.000   0.000   0.000
121.168  24.848  -0.944   7.526   0.000   0.000   0.000
121.172  24.082 -22.164  21.559   0.000   0.000   0.000
121.172  24.799   0.300   7.991   0.000   0.000   0.000
121.175  24.883  -1.304   6.624   0.000   0.000   0.000
121.176  24.777   0.101   8.059   0.000   0.000   0.000
121.177  24.160 -18.575  20.632   0.000   0.000   0.000
121.182  24.029 -23.691  22.294   0.000   0.000   0.000
121.183  24.704  -1.891   8.714   0.000   0.000   0.000
121.185  24.909  -0.918   6.001   0.000   0.000   0.000
121.186  24.035 -23.373  22.321   0.000   0.000   0.000
121.189  24.149 -18.749  21.047   0.000   0.000   0.000
121.189  22.821 -56.236  45.142   0.000   0.000   0.000
121.198  23.037 -31.598  50.523   0.000   0.000   0.000
121.200  23.109 -32.956  15.595   0.000   0.000   0.000
121.206  23.116 -32.899  16.230   0.000   0.000   0.000
121.209  24.677  -2.597   9.257   0.000   0.000   0.000
121.213  24.826  -0.367   8.511   0.000   0.000   0.000
121.213  23.121 -32.955  17.071   0.000   0.000   0.000
121.214  24.897  -0.657   6.683   0.000   0.000   0.000
121.214  25.080  -0.145   4.681   0.000   0.000   0.000
121.215  23.125 -32.970  17.326   0.000   0.000   0.000
121.217  22.943 -44.941  51.849   0.000   0.000   0.000
121.223  24.861  -0.826   7.738   0.000   0.000   0.000
121.223  24.936  -1.193   5.868   0.000   0.000   0.000
121.225  24.769   0.136   8.262   0.000   0.000   0.000
121.226  24.242 -12.673  20.255   0.000   0.000   0.000
121.231  24.947  -0.486   5.549   0.000   0.000   0.000
121.231  23.126 -36.769  48.494   0.000   0.000   0.000
121.237  23.127 -36.812  49.077   0.000   0.000   0.000
121.240  22.963 -45.263  49.810   0.000   0.000   0.000
121.242  24.841  -0.540   8.351   0.000   0.000   0.000
121.246  24.245 -11.975  20.496   0.000   0.000   0.000
121.248  23.123 -37.268  49.354   0.000   0.000   0.000
121.249  24.918   0.418   6.423   0.000   0.000   0.000
121.250  24.851  -0.559   8.092   0.000   0.000   0.000
121.251  24.732  -0.395   8.577   0.000   0.000   0.000
121.252  24.968   0.162   5.305   0.000   0.000   0.000
121.255  22.908 -49.848  47.240   0.000   0.000   0.000
121.259  25.079   0.434   3.999   0.000   0.000   0.000
121.265  23.219 -32.600  21.800   0.000   0.000   0.000
121.270  24.982   0.505   5.347   0.000   0.000   0.000
121.273  24.143 -16.033  22.339   0.000   0.000   0.000
121.277  23.202 -36.676  50.054   0.000   0.000   0.000
121.278  24.790   0.716   8.796   0.000   0.000   0.000
121.278  25.087   0.662   3.938   0.000   0.000   0.000
121.279  24.641  -2.434  10.749   0.000   0.000   0.000
121.280  23.103 -39.937  48.847   0.000   0.000   0.000
121.281  23.213 -35.916  52.122   0.000   0.000   0.000
121.282  23.114 -40.067  48.735   0.000   0.000   0.000
121.288  23.240 -35.543  52.618   0.000   0.000   0.000
121.288  24.850  -0.012   8.306   0.000   0.000   0.000
121.290  25.065   0.883   4.007   0.000   0.000   0.000
121.291  25.102   0.728   3.910   0.000   0.000   0.000
121.293  23.039 -41.464  47.376   0.000   0.000   0.000
121.296  24.607  -2.656  11.872   0.000   0.000   0.000
121.300  23.075 -41.240  48.070   0.000   0.000   0.000
121.300  23.321 -31.544  22.273   0.000   0.000   0.000
121.304  24.693  -0.644   9.763   0.000   0.000   0.000
121.304  25.012   1.024   5.210   0.000   0.000   0.000
121.305  22.971 -46.931  44.860   0.000   0.000   0.000
121.305  24.881   0.305   7.763   0.000   0.000   0.000
121.308  24.352  -5.138  18.760   0.000   0.000   0.000
121.310  24.925   0.648   7.101   0.000   0.000   0.000
121.317  23.325 -35.978  31.009   0.000   0.000   0.000
121.318  23.342 -36.998  33.091   0.000   0.000   0.000
121.318  23.342 -36.986  33.064   0.000   0.000   0.000
121.320  25.078   1.225   4.072   0.000   0.000   0.000
121.323  23.279 -33.581  52.615   0.000   0.000   0.000
121.325  23.315 -35.700  29.940   0.000   0.000   0.000
121.325  24.893   0.667   7.660   0.000   0.000   0.000
121.326  23.491 -28.870  28.150   0.000   0.000   0.000
121.327  25.116   1.080   3.803   0.000   0.000   0.000
121.331  23.026 -43.966  45.382   0.000   0.000   0.000
121.331  25.017   1.281   5.528   0.000   0.000   0.000
121.332  24.799   1.129   8.911   0.000   0.000   0.000
121.339  24.368  -3.346  18.131   0.000   0.000   0.000
121.339  23.321 -38.194  48.606   0.000   0.000   0.000
121.346  24.952   1.212   6.858   0.000   0.000   0.000
121.353  24.821   1.251   8.586   0.000   0.000   0.000
121.355  23.304 -38.525  47.860   0.000   0.000   0.000
121.356  23.494 -27.775  30.876   0.000   0.000   0.000
121.357  23.395 -37.603  46.325   0.000   0.000   0.000
121.359  23.341 -39.212  46.986   0.000   0.000   0.000
121.359  23.392 -39.289  47.222   0.000   0.000   0.000
121.360  24.859   1.217   8.058   0.000   0.000   0.000
121.365  24.797   1.528   8.792   0.000   0.000   0.000
121.371  25.024   1.596   5.810   0.000   0.000   0.000
121.371  23.532 -30.300  31.103   0.000   0.000   0.000
121.374  23.097 -43.332  45.263   0.000   0.000   0.000
121.374  23.497 -24.996  32.709   0.000   0.000   0.000
121.374  23.098 -43.333  45.235   0.000   0.000   0.000
121.378  24.968   1.528   6.674   0.000   0.000   0.000
121.378  25.076   1.638   4.762   0.000   0.000   0.000
121.383  24.428   0.037  15.830   0.000   0.000   0.000
121.383  25.053   1.650   5.308   0.000   0.000   0.000
121.384  24.996   1.609   6.294   0.000   0.000   0.000
121.391  23.507 -17.057  36.205   0.000   0.000   0.000
121.391  23.607 -28.269  23.850   0.000   0.000   0.000
121.393  23.453 -39.245  40.529   0.000   0.000   0.000
121.398  23.631 -28.824  25.795   0.000   0.000   0.000
121.400  24.641   1.160  11.926   0.000   0.000   0.000
121.400  23.500 -32.135  41.947   0.000   0.000   0.000
121.401  25.117   1.692   4.264   0.000   0.000   0.000
121.405  23.555 -35.561  42.070   0.000   0.000   0.000
121.406  24.873   1.799   7.483   0.000   0.000   0.000
121.406  24.934   1.702   6.856   0.000   0.000   0.000
121.411  23.716 -26.481  27.779   0.000   0.000   0.000
121.412  23.499 -34.240  40.594   0.000   0.000   0.000
121.416  23.125 -43.149  43.135   0.000   0.000   0.000
121.417  25.181   1.526   3.834   0.000   0.000   0.000
121.424  23.492 -36.804  38.605   0.000   0.000   0.000
121.426  24.488   2.363  13.906   0.000   0.000   0.000
121.426  24.700   2.318  10.596   0.000   0.000   0.000
121.427  25.181   1.601   3.833   0.000   0.000   0.000
121.429  23.285 -42.801  43.520   0.000   0.000   0.000
121.429  23.497 -36.969  38.759   0.000   0.000   0.000
121.430  23.636 -28.202  22.922   0.000   0.000   0.000
121.433  23.662 -28.969  26.631   0.000   0.000   0.000
121.437  23.662 -29.181  26.959   0.000   0.000   0.000
121.441  23.812 -22.959  27.362   0.000   0.000   0.000
121.441  23.812 -22.975  27.356   0.000   0.000   0.000
121.442  24.998   1.778   6.012   0.000   0.000   0.000
121.445  23.730 -26.695  27.472   0.000   0.000   0.000
121.451  25.037   1.735   5.663   0.000   0.000   0.000
121.453  23.406 -42.799  40.012   0.000   0.000   0.000
121.453  23.746 -26.133  27.485   0.000   0.000   0.000
121.454  23.320 -43.784  41.921   0.000   0.000   0.000
121.457  25.078   1.730   5.255   0.000   0.000   0.000
121.457  25.113   1.756   4.825   0.000   0.000   0.000
121.458  25.025   1.733   5.714   0.000   0.000   0.000
121.460  23.656 -29.222  30.851   0.000   0.000   0.000
121.460  25.147   1.743   4.354   0.000   0.000   0.000
121.462  25.146   1.740   4.380   0.000   0.000   0.000
121.468  23.754 -26.114  27.412   0.000   0.000   0.000
121.469  23.488 -41.011  37.998   0.000   0.000   0.000
121.476  22.658 -48.765  51.351   0.000   0.000   0.000
121.476  22.658 -48.768  51.356   0.000   0.000   0.000
121.476  22.658 -48.771  51.361   0.000   0.000   0.000
121.476  22.658 -48.774  51.366   0.000   0.000   0.000
121.475  22.658 -48.776  51.370   0.000   0.000   0.000
121.475  22.658 -48.779  51.375   0.000   0.000   0.000
121.476  22.658 -48.771  51.357   0.000   0.000   0.000
121.476  22.658 -48.776  51.362   0.000   0.000   0.000
121.476  22.658 -48.781  51.368   0.000   0.000   0.000
121.476  22.659 -48.786  51.373   0.000   0.000   0.000
121.476  22.659 -48.791  51.379   0.000   0.000   0.000
121.478  24.575   4.624  12.395   0.000   0.000   0.000
121.479  25.061   1.664   5.328   0.000   0.000   0.000
121.482  23.685 -27.820  31.916   0.000   0.000   0.000
121.485  24.205  -4.423  19.483   0.000   0.000   0.000
121.492  23.846 -22.377  25.994   0.000   0.000   0.000
121.494  23.965 -17.254  24.156   0.000   0.000   0.000
121.495  23.462 -42.989  37.954   0.000   0.000   0.000
121.496  24.575   5.458  11.822   0.000   0.000   0.000
121.498  23.727 -27.082  29.335   0.000   0.000   0.000
121.499  25.134   1.540   4.716   0.000   0.000   0.000
121.501  25.261   1.246   4.124   0.000   0.000   0.000
121.501  25.204   1.519   4.083   0.000   0.000   0.000
121.506  23.472 -42.919  37.469   0.000   0.000   0.000
121.508  24.982   2.054   5.307   0.000   0.000   0.000
121.512  25.110   1.467   4.919   0.000   0.000   0.000
121.512  24.602   6.036  11.425   0.000   0.000   0.000
121.514  25.038   1.698   5.156   0.000   0.000   0.000
121.518  25.127   1.419   4.796   0.000   0.000   0.000
121.519  23.598 -32.894  35.616   0.000   0.000   0.000
121.519  23.599 -32.878  35.615   0.000   0.000   0.000
121.520  23.884 -21.290  24.651   0.000   0.000   0.000
121.521  23.598 -33.045  35.564   0.000   0.000   0.000
121.523  24.988   2.081   5.075   0.000   0.000   0.000
121.525  24.959   2.321   5.136   0.000   0.000   0.000
121.525  24.613   6.562  10.907   0.000   0.000   0.000
121.529  24.601   6.722  10.463   0.000   0.000   0.000
121.529  25.272   1.236   4.127   0.000   0.000   0.000
121.531  24.938   2.593   5.148   0.000   0.000   0.000
121.535  23.945 -19.234  22.967   0.000   0.000   0.000
121.539  24.912   2.967   5.246   0.000   0.000   0.000
121.540  25.179   1.302   4.452   0.000   0.000   0.000
121.541  23.887 -21.897  24.224   0.000   0.000   0.000
121.542  24.967   2.371   4.844   0.000   0.000   0.000
121.546  25.180   1.265   4.461   0.000   0.000   0.000
121.546  24.922   2.905   5.036   0.000   0.000   0.000
121.547  25.177   1.256   4.478   0.000   0.000   0.000
121.551  23.897 -21.741  23.738   0.000   0.000   0.000
121.553  25.171   1.217   4.518   0.000   0.000   0.000
121.558  22.037 -32.200  27.076   0.000   0.000   0.000
121.558  22.038 -32.199  27.078   0.000   0.000   0.000
121.558  22.038 -32.198  27.081   0.000   0.000   0.000
121.558  22.038 -32.198  27.083   0.000   0.000   0.000
121.559  22.038 -32.197  27.085   0.000   0.000   0.000
121.561  25.148   1.167   4.582   0.000   0.000   0.000
121.558  22.037 -32.199  27.073   0.000   0.000   0.000
121.558  22.037 -32.197  27.073   0.000   0.000   0.000
121.558  22.037 -32.195  27.073   0.000   0.000   0.000
121.558  22.037 -32.194  27.072   0.000   0.000   0.000
121.559  22.037 -32.192  27.072   0.000   0.000   0.000
121.562  24.635   7.730   9.046   0.000   0.000   0.000
121.562  25.291   1.130   4.233   0.000   0.000   0.000
121.563  23.788 -25.240  28.979   0.000   0.000   0.000
121.564  24.509   8.436   8.316   0.000   0.000   0.000
121.566  25.164   1.135   4.523   0.000   0.000   0.000
121.571  24.172  -3.970  14.994   0.000   0.000   0.000
121.573  24.005 -14.840  18.272   0.000   0.000   0.000
121.574  25.166   1.097   4.503   0.000   0.000   0.000
121.576  24.951   2.851   4.499   0.000   0.000   0.000
121.577  25.167   1.084   4.494   0.000   0.000   0.000
121.581  25.294   1.123   4.272   0.000   0.000   0.000
121.582  24.004 -14.485  17.253   0.000   0.000   0.000
121.584  25.036   1.882   4.301   0.000   0.000   0.000
121.585  24.760   6.411   7.822   0.000   0.000   0.000
121.585  25.188   1.028   4.436   0.000   0.000   0.000
121.592  25.291   1.084   4.282   0.000   0.000   0.000
121.592  23.844 -23.829  27.111   0.000   0.000   0.000
121.596  23.925 -22.144  23.455   0.000   0.000   0.000
121.598  24.848   4.734   5.519   0.000   0.000   0.000
121.598  23.870 -23.243  26.132   0.000   0.000   0.000
121.602  23.904 -22.594  24.793   0.000   0.000   0.000
121.603  23.987 -14.100  15.424   0.000   0.000   0.000
121.604  23.925 -22.198  24.120   0.000   0.000   0.000
121.605  25.147   1.025   4.380   0.000   0.000   0.000
121.607  24.103 -10.290  12.721   0.000   0.000   0.000
121.607  25.129   1.110   4.315   0.000   0.000   0.000
121.608  23.984 -13.919  13.710   0.000   0.000   0.000
121.609  24.014 -13.328  11.165   0.000   0.000   0.000
121.610  24.018 -14.564  11.119   0.000   0.000   0.000
121.614  23.975 -14.877   9.325   0.000   0.000   0.000
121.614  25.041   1.981   3.989   0.000   0.000   0.000
121.619  24.007 -10.705   9.658   0.000   0.000   0.000
121.620  24.967   3.023   3.946   0.000   0.000   0.000
121.629  25.266   0.840   4.389   0.000   0.000   0.000
121.632  24.691   9.791   5.954   0.000   0.000   0.000
121.633  25.257   0.799   4.414   0.000   0.000   0.000
121.635  25.023   2.320   3.742   0.000   0.000   0.000
121.636  24.753   8.331   6.941   0.000   0.000   0.000
121.636  25.105   1.339   4.005   0.000   0.000   0.000
121.636  24.753   8.336   6.920   0.000   0.000   0.000
121.637  24.953   3.398   3.860   0.000   0.000   0.000
121.638  25.169   0.874   4.243   0.000   0.000   0.000
121.646  24.836   5.909   5.224   0.000   0.000   0.000
121.648  24.942   3.702   3.843   0.000   0.000   0.000
121.650  24.667   6.912   3.059   0.000   0.000   0.000
121.651  25.229   0.693   4.377   0.000   0.000   0.000
121.652  24.128  -8.064   6.751   0.000   0.000   0.000
121.652  25.209   0.726   4.316   0.000   0.000   0.000
121.654  24.126  -8.384   6.355   0.000   0.000   0.000
121.658  24.753   9.052   6.172   0.000   0.000   0.000
121.662  24.149  -5.255   4.952   0.000   0.000   0.000
121.670  25.177   0.799   4.122   0.000   0.000   0.000
121.673  25.035   2.379   3.464   0.000   0.000   0.000
121.678  24.694   8.438   1.228   0.000   0.000   0.000
121.680  25.072   1.882   3.537   0.000   0.000   0.000
121.687  24.610   8.422   1.566   0.000   0.000   0.000
121.687  24.819   7.282   4.831   0.000   0.000   0.000
121.687  24.610   8.422   1.550   0.000   0.000   0.000
121.688  25.008   2.894   3.352   0.000   0.000   0.000
121.691  24.747  10.425   4.430   0.000   0.000   0.000
121.695  25.210   0.585   4.234   0.000   0.000   0.000
121.695  25.178   0.800   4.036   0.000   0.000   0.000
121.699  25.109   1.447   3.618   0.000   0.000   0.000
121.700  24.779   9.131   4.694   0.000   0.000   0.000
121.712  24.938   4.608   3.354   0.000   0.000   0.000
121.713  24.667   9.522   0.255   0.000   0.000   0.000
121.714  24.934   4.726   3.360   0.000   0.000   0.000
121.716  24.634   7.586  -1.518   0.000   0.000   0.000
121.724  24.724   9.655  -2.167   0.000   0.000   0.000
121.728  24.692   8.900  -1.383   0.000   0.000   0.000
121.730  24.823   7.909   3.724   0.000   0.000   0.000
121.737  24.961   4.357   3.074   0.000   0.000   0.000
121.744  24.627   9.106  -3.470   0.000   0.000   0.000
121.746  24.746   8.176  -3.284   0.000   0.000   0.000
121.749  24.309  10.067  -2.656   0.000   0.000   0.000
121.757  24.764   7.878  -3.487   0.000   0.000   0.000
121.758  24.674  10.472  -2.385   0.000   0.000   0.000
121.760  24.787   6.693  -3.144   0.000   0.000   0.000
121.761  24.538  14.880  -2.127   0.000   0.000   0.000
121.764  24.718   8.865  -3.847   0.000   0.000   0.000
121.766  24.754   7.585  -3.976   0.000   0.000   0.000
121.769  24.822   9.306  -1.234   0.000   0.000   0.000
121.772  24.700   9.638  -3.722   0.000   0.000   0.000
121.776  25.143   1.091   3.830   0.000   0.000   0.000
121.777  25.103   1.672   3.530   0.000   0.000   0.000
121.778  25.044   2.771   3.151   0.000   0.000   0.000
121.778  24.397  15.879  -3.229   0.000   0.000   0.000
121.779  24.862   8.208   1.297   0.000   0.000   0.000
121.781  25.071   2.236   3.323   0.000   0.000   0.000
121.791  24.660  12.004  -3.223   0.000   0.000   0.000
121.791  24.796   7.444  -4.920   0.000   0.000   0.000
121.800  24.722   9.188  -4.819   0.000   0.000   0.000
121.802  24.870   7.895   1.031   0.000   0.000   0.000
121.808  24.638  13.852  -3.217   0.000   0.000   0.000
121.810  24.449  18.587  -4.742   0.000   0.000   0.000
121.811  24.929   6.345   2.058   0.000   0.000   0.000
121.815  24.760   8.034  -5.565   0.000   0.000   0.000
121.820  24.825   6.186  -5.123   0.000   0.000   0.000
121.823  25.110   1.727   3.840   0.000   0.000   0.000
121.828  24.974   5.036   2.472   0.000   0.000   0.000
121.828  24.863   6.074  -4.322   0.000   0.000   0.000
121.829  24.664  12.812  -4.816   0.000   0.000   0.000
121.829  24.664  12.809  -4.822   0.000   0.000   0.000
121.832  25.029   3.498   3.076   0.000   0.000   0.000
121.833  25.095   2.049   3.764   0.000   0.000   0.000
121.834  24.521  18.822  -6.339   0.000   0.000   0.000
121.836  24.596  15.234  -8.489   0.000   0.000   0.000
121.852  25.062   2.874   3.517   0.000   0.000   0.000
121.857  25.112   1.881   4.149   0.000   0.000   0.000
121.866  25.093   2.323   4.016   0.000   0.000   0.000
121.867  24.592  17.212 -10.200   0.000   0.000   0.000
121.867  25.033   3.739   3.194   0.000   0.000   0.000
121.868  24.594  17.131 -10.332   0.000   0.000   0.000
121.887  25.120   1.978   4.615   0.000   0.000   0.000
121.908  25.016   4.628   2.835   0.000   0.000   0.000
121.918  25.100   2.677   4.670   0.000   0.000   0.000
121.918  25.097   2.744   4.624   0.000   0.000   0.000
121.919  25.121   2.287   5.054   0.000   0.000   0.000
121.925  25.055   3.761   3.785   0.000   0.000   0.000
121.938  25.020   4.739   2.780   0.000   0.000   0.000
121.940  24.843   6.826  -7.674   0.000   0.000   0.000
121.949  25.017   4.928   2.493   0.000   0.000   0.000
121.953  24.842   7.225  -7.989   0.000   0.000   0.000
121.987  25.020   4.605   1.836   0.000   0.000   0.000
121.989  25.017   4.617   1.544   0.000   0.000   0.000
121.999  25.006   4.409   0.508   0.000   0.000   0.000
